Source,Target,Weight
3.0,13959.0,1.0
3.0,11024.0,1.0
6.0,7.0,1.0
6.0,11497.0,1.0
7.0,1167.0,1.0
7.0,18079.0,1.0
8200.0,2556.0,1.0
8200.0,10981.0,1.0
8204.0,1795.0,1.0
8204.0,2819.0,1.0
8204.0,13540.0,1.0
8204.0,23013.0,1.0
16.0,17.0,1.0
16.0,10481.0,1.0
16.0,11902.0,1.0
17.0,8946.0,1.0
17.0,338.0,1.0
17.0,19109.0,1.0
30.0,31.0,1.0
30.0,2749.0,1.0
30.0,5632.0,1.0
31.0,6612.0,1.0
31.0,11149.0,1.0
8233.0,5665.0,1.0
8233.0,6744.0,1.0
8233.0,10655.0,1.0
8233.0,10329.0,1.0
8234.0,7793.0,1.0
8234.0,18902.0,1.0
8234.0,18897.0,1.0
50.0,51.0,1.0
50.0,8728.0,1.0
50.0,13541.0,1.0
50.0,12186.0,1.0
51.0,3682.0,1.0
51.0,10802.0,1.0
51.0,12470.0,1.0
8244.0,872.0,1.0
8244.0,5652.0,1.0
8244.0,5929.0,1.0
8244.0,9398.0,1.0
8245.0,2276.0,1.0
8245.0,8728.0,1.0
8245.0,13541.0,1.0
54.0,55.0,1.0
54.0,3556.0,1.0
54.0,7401.0,1.0
54.0,18028.0,1.0
55.0,12396.0,1.0
55.0,18880.0,1.0
55.0,18887.0,1.0
16440.0,11223.0,1.0
8260.0,7392.0,1.0
8260.0,8508.0,1.0
8260.0,15464.0,1.0
8267.0,91.0,1.0
8267.0,8268.0,1.0
8267.0,9586.0,1.0
8267.0,9503.0,1.0
8268.0,3961.0,1.0
8268.0,8790.0,1.0
8268.0,15187.0,1.0
80.0,81.0,1.0
80.0,5531.0,1.0
80.0,14438.0,1.0
80.0,15826.0,1.0
81.0,1700.0,1.0
81.0,7438.0,1.0
81.0,12145.0,1.0
8274.0,8022.0,1.0
8274.0,8436.0,1.0
86.0,87.0,1.0
86.0,2727.0,1.0
86.0,11344.0,1.0
86.0,7241.0,1.0
87.0,3040.0,1.0
87.0,9954.0,1.0
87.0,2695.0,1.0
88.0,89.0,1.0
88.0,3212.0,1.0
88.0,8648.0,1.0
88.0,3211.0,1.0
89.0,2165.0,1.0
89.0,6804.0,1.0
90.0,91.0,1.0
90.0,4955.0,1.0
90.0,10978.0,1.0
90.0,3224.0,1.0
91.0,8790.0,1.0
91.0,12464.0,1.0
16471.0,7108.0,1.0
8297.0,538.0,1.0
8297.0,4723.0,1.0
8297.0,8298.0,1.0
8297.0,14354.0,1.0
106.0,107.0,1.0
106.0,4059.0,1.0
106.0,12604.0,1.0
8299.0,1151.0,1.0
8299.0,8300.0,1.0
8299.0,17904.0,1.0
8299.0,13891.0,1.0
8299.0,11983.0,1.0
8299.0,17761.0,1.0
8300.0,12219.0,1.0
8300.0,15440.0,1.0
8300.0,19779.0,1.0
107.0,4059.0,1.0
107.0,21924.0,1.0
8298.0,3390.0,1.0
8298.0,14710.0,1.0
8302.0,371.0,1.0
8302.0,7401.0,1.0
8302.0,8301.0,1.0
8302.0,10460.0,1.0
8304.0,5297.0,1.0
8304.0,7216.0,1.0
8304.0,9161.0,1.0
8304.0,15103.0,1.0
8301.0,5539.0,1.0
8301.0,6877.0,1.0
8301.0,12811.0,1.0
16500.0,6795.0,1.0
16500.0,22970.0,1.0
8308.0,2670.0,1.0
8308.0,4850.0,1.0
8308.0,7959.0,1.0
8308.0,11801.0,1.0
118.0,119.0,1.0
118.0,9070.0,1.0
118.0,3109.0,1.0
119.0,3110.0,1.0
8317.0,8318.0,1.0
8317.0,14318.0,1.0
8317.0,17911.0,1.0
8317.0,13954.0,1.0
8318.0,1989.0,1.0
8318.0,6539.0,1.0
8318.0,14556.0,1.0
8319.0,3070.0,1.0
8319.0,9399.0,1.0
8319.0,17636.0,1.0
16518.0,10012.0,1.0
142.0,143.0,1.0
142.0,3782.0,1.0
143.0,2630.0,1.0
143.0,583.0,1.0
8335.0,5589.0,1.0
8335.0,8336.0,1.0
8335.0,9924.0,1.0
8336.0,5590.0,1.0
16543.0,16544.0,1.0
16543.0,16551.0,1.0
16543.0,19931.0,1.0
16544.0,12915.0,1.0
16544.0,22820.0,1.0
8353.0,8354.0,1.0
8353.0,11240.0,1.0
8353.0,9652.0,1.0
8353.0,13300.0,1.0
8353.0,13338.0,1.0
8353.0,11023.0,1.0
8354.0,9653.0,1.0
8354.0,22604.0,1.0
16545.0,12604.0,1.0
16545.0,16554.0,1.0
16545.0,16555.0,1.0
16549.0,14015.0,1.0
16549.0,16555.0,1.0
16550.0,9688.0,1.0
16550.0,14284.0,1.0
16550.0,16556.0,1.0
16551.0,16553.0,1.0
16551.0,16558.0,1.0
8358.0,1013.0,1.0
8358.0,6087.0,1.0
8358.0,15032.0,1.0
8358.0,9357.0,1.0
16553.0,16572.0,1.0
16554.0,14015.0,1.0
16555.0,1221.0,1.0
16556.0,16557.0,1.0
16557.0,13117.0,1.0
177.0,178.0,1.0
177.0,6405.0,1.0
177.0,11042.0,1.0
178.0,15103.0,1.0
178.0,9161.0,1.0
181.0,182.0,1.0
181.0,1644.0,1.0
181.0,7147.0,1.0
181.0,18071.0,1.0
182.0,8650.0,1.0
182.0,10530.0,1.0
182.0,786.0,1.0
8373.0,1760.0,1.0
8373.0,2313.0,1.0
8373.0,8507.0,1.0
8373.0,11411.0,1.0
8380.0,2829.0,1.0
8380.0,9566.0,1.0
8382.0,8383.0,1.0
8382.0,18205.0,1.0
8382.0,17918.0,1.0
8383.0,2134.0,1.0
8383.0,3131.0,1.0
8383.0,5187.0,1.0
8386.0,4158.0,1.0
8386.0,5987.0,1.0
8386.0,11948.0,1.0
16579.0,2690.0,1.0
16580.0,16279.0,1.0
16580.0,19207.0,1.0
16581.0,13136.0,1.0
8387.0,4938.0,1.0
8387.0,8593.0,1.0
8391.0,393.0,1.0
8391.0,13109.0,1.0
8391.0,15248.0,1.0
8388.0,1753.0,1.0
8388.0,4207.0,1.0
8388.0,8400.0,1.0
8393.0,8394.0,1.0
8393.0,17517.0,1.0
8393.0,22318.0,1.0
8393.0,20858.0,1.0
8400.0,1752.0,1.0
8400.0,13955.0,1.0
215.0,216.0,1.0
215.0,752.0,1.0
215.0,10929.0,1.0
215.0,15985.0,1.0
216.0,3853.0,1.0
216.0,11478.0,1.0
216.0,15591.0,1.0
8407.0,6740.0,1.0
8407.0,12591.0,1.0
8407.0,13453.0,1.0
8407.0,14443.0,1.0
8410.0,3839.0,1.0
8410.0,4850.0,1.0
8410.0,5735.0,1.0
219.0,220.0,1.0
219.0,7429.0,1.0
219.0,15354.0,1.0
219.0,4382.0,1.0
220.0,4465.0,1.0
220.0,5668.0,1.0
16605.0,16606.0,1.0
16605.0,22930.0,1.0
16605.0,17891.0,1.0
16606.0,16635.0,1.0
16606.0,16636.0,1.0
16606.0,16973.0,1.0
16608.0,5934.0,1.0
16608.0,16609.0,1.0
16608.0,21798.0,1.0
16608.0,21803.0,1.0
16611.0,16844.0,1.0
16613.0,5027.0,1.0
16613.0,22205.0,1.0
16615.0,5933.0,1.0
16615.0,11152.0,1.0
16615.0,18213.0,1.0
231.0,232.0,1.0
231.0,1464.0,1.0
231.0,4976.0,1.0
233.0,234.0,1.0
233.0,6513.0,1.0
233.0,1382.0,1.0
233.0,6737.0,1.0
234.0,1109.0,1.0
234.0,9549.0,1.0
234.0,1150.0,1.0
16618.0,16259.0,1.0
16618.0,18926.0,1.0
16618.0,21918.0,1.0
232.0,12577.0,1.0
232.0,13758.0,1.0
239.0,240.0,1.0
239.0,7637.0,1.0
239.0,1259.0,1.0
239.0,6539.0,1.0
240.0,3660.0,1.0
240.0,5582.0,1.0
240.0,7168.0,1.0
243.0,244.0,1.0
243.0,954.0,1.0
243.0,1751.0,1.0
8436.0,2109.0,1.0
8436.0,8023.0,1.0
244.0,3584.0,1.0
244.0,10134.0,1.0
244.0,14011.0,1.0
8438.0,2135.0,1.0
8438.0,4352.0,1.0
8438.0,4395.0,1.0
8438.0,5554.0,1.0
16635.0,8512.0,1.0
16635.0,16637.0,1.0
16635.0,19351.0,1.0
16635.0,17677.0,1.0
16637.0,3853.0,1.0
252.0,251.0,1.0
252.0,17838.0,1.0
252.0,19636.0,1.0
255.0,256.0,1.0
255.0,6637.0,1.0
255.0,6993.0,1.0
256.0,2457.0,1.0
256.0,2337.0,1.0
8450.0,3298.0,1.0
8450.0,6279.0,1.0
8450.0,8038.0,1.0
8450.0,10475.0,1.0
8443.0,2223.0,1.0
8443.0,8444.0,1.0
8443.0,15786.0,1.0
8443.0,8688.0,1.0
8444.0,7106.0,1.0
261.0,262.0,1.0
261.0,9425.0,1.0
261.0,4775.0,1.0
261.0,11678.0,1.0
262.0,9275.0,1.0
262.0,13221.0,1.0
266.0,4033.0,1.0
266.0,4955.0,1.0
266.0,10978.0,1.0
267.0,268.0,1.0
267.0,847.0,1.0
267.0,9463.0,1.0
268.0,5228.0,1.0
268.0,7365.0,1.0
268.0,9617.0,1.0
268.0,5496.0,1.0
16661.0,326.0,1.0
16661.0,10533.0,1.0
16661.0,16665.0,1.0
16662.0,9288.0,1.0
16662.0,16663.0,1.0
16662.0,18206.0,1.0
16663.0,18206.0,1.0
279.0,280.0,1.0
279.0,4125.0,1.0
279.0,1992.0,1.0
16665.0,10533.0,1.0
16665.0,17836.0,1.0
280.0,879.0,1.0
16677.0,16050.0,1.0
16677.0,16678.0,1.0
16677.0,21465.0,1.0
16679.0,16680.0,1.0
16680.0,16301.0,1.0
16680.0,19258.0,1.0
16683.0,4030.0,1.0
16683.0,16685.0,1.0
16683.0,19538.0,1.0
16684.0,1142.0,1.0
16684.0,23274.0,1.0
16685.0,4029.0,1.0
16685.0,4290.0,1.0
16685.0,17582.0,1.0
8494.0,1059.0,1.0
8494.0,8495.0,1.0
8494.0,14659.0,1.0
16687.0,6945.0,1.0
16687.0,7106.0,1.0
16687.0,16688.0,1.0
16687.0,19459.0,1.0
16688.0,665.0,1.0
16688.0,7793.0,1.0
305.0,304.0,1.0
305.0,12665.0,1.0
305.0,6395.0,1.0
305.0,17972.0,1.0
304.0,6394.0,1.0
304.0,6565.0,1.0
8503.0,1056.0,1.0
8503.0,6312.0,1.0
8503.0,15864.0,1.0
16699.0,16710.0,1.0
16699.0,19358.0,1.0
16699.0,20683.0,1.0
16699.0,21334.0,1.0
16699.0,19094.0,1.0
8507.0,11631.0,1.0
8507.0,12182.0,1.0
8511.0,1699.0,1.0
8511.0,6969.0,1.0
8511.0,8152.0,1.0
8511.0,12286.0,1.0
8512.0,4641.0,1.0
8512.0,17891.0,1.0
16705.0,16704.0,1.0
16705.0,22009.0,1.0
16706.0,16707.0,1.0
16706.0,20550.0,1.0
16706.0,18875.0,1.0
16707.0,18875.0,1.0
16707.0,17860.0,1.0
16704.0,20550.0,1.0
326.0,327.0,1.0
326.0,10796.0,1.0
326.0,500.0,1.0
16710.0,21289.0,1.0
16710.0,21334.0,1.0
8521.0,4188.0,1.0
8521.0,18335.0,1.0
8521.0,16222.0,1.0
8520.0,5049.0,1.0
8520.0,8519.0,1.0
8529.0,853.0,1.0
8529.0,8530.0,1.0
8529.0,9512.0,1.0
8529.0,21070.0,1.0
338.0,339.0,1.0
338.0,3685.0,1.0
338.0,17936.0,1.0
339.0,15082.0,1.0
339.0,3686.0,1.0
8531.0,7542.0,1.0
8531.0,9839.0,1.0
8531.0,22985.0,1.0
8533.0,2961.0,1.0
8533.0,4207.0,1.0
8533.0,13955.0,1.0
8533.0,14295.0,1.0
8530.0,854.0,1.0
8530.0,954.0,1.0
8530.0,18054.0,1.0
8536.0,995.0,1.0
8536.0,8537.0,1.0
8536.0,8843.0,1.0
8536.0,15859.0,1.0
8537.0,7067.0,1.0
8537.0,8844.0,1.0
8541.0,2041.0,1.0
8541.0,5491.0,1.0
8541.0,13641.0,1.0
365.0,366.0,1.0
365.0,4129.0,1.0
365.0,3949.0,1.0
366.0,1946.0,1.0
366.0,16989.0,1.0
8557.0,7111.0,1.0
8557.0,8558.0,1.0
8557.0,9742.0,1.0
8557.0,12012.0,1.0
8558.0,14118.0,1.0
8558.0,12012.0,1.0
8558.0,13206.0,1.0
8559.0,545.0,1.0
8559.0,8560.0,1.0
8559.0,12349.0,1.0
8559.0,10928.0,1.0
8560.0,546.0,1.0
8560.0,2537.0,1.0
371.0,372.0,1.0
371.0,5539.0,1.0
371.0,19098.0,1.0
372.0,957.0,1.0
372.0,13895.0,1.0
372.0,5018.0,1.0
377.0,378.0,1.0
377.0,5487.0,1.0
377.0,12489.0,1.0
378.0,5842.0,1.0
378.0,7674.0,1.0
378.0,12490.0,1.0
379.0,380.0,1.0
379.0,7064.0,1.0
379.0,9284.0,1.0
380.0,2929.0,1.0
380.0,3050.0,1.0
380.0,12250.0,1.0
381.0,382.0,1.0
381.0,12880.0,1.0
381.0,14913.0,1.0
382.0,7906.0,1.0
382.0,9951.0,1.0
16770.0,22430.0,1.0
16770.0,22970.0,1.0
8581.0,5738.0,1.0
8581.0,8582.0,1.0
8581.0,19107.0,1.0
8583.0,3962.0,1.0
8583.0,7333.0,1.0
8583.0,7874.0,1.0
8583.0,10997.0,1.0
393.0,394.0,1.0
393.0,9863.0,1.0
393.0,15248.0,1.0
394.0,869.0,1.0
394.0,5213.0,1.0
394.0,7664.0,1.0
8588.0,8589.0,1.0
8588.0,13947.0,1.0
8588.0,14194.0,1.0
8588.0,9650.0,1.0
8589.0,9651.0,1.0
8589.0,15108.0,1.0
8590.0,8591.0,1.0
8590.0,11017.0,1.0
8590.0,13800.0,1.0
8591.0,2250.0,1.0
8591.0,7009.0,1.0
8592.0,5734.0,1.0
8592.0,6740.0,1.0
8592.0,12591.0,1.0
8592.0,13795.0,1.0
8593.0,7771.0,1.0
8593.0,11177.0,1.0
16793.0,14081.0,1.0
16796.0,12293.0,1.0
16796.0,12294.0,1.0
16796.0,17759.0,1.0
8618.0,2890.0,1.0
8618.0,3187.0,1.0
8618.0,11430.0,1.0
431.0,432.0,1.0
431.0,2196.0,1.0
431.0,20600.0,1.0
432.0,2196.0,1.0
432.0,6966.0,1.0
432.0,1638.0,1.0
8623.0,3055.0,1.0
8623.0,12999.0,1.0
8623.0,8720.0,1.0
8623.0,12330.0,1.0
16821.0,16822.0,1.0
16821.0,21293.0,1.0
16822.0,22430.0,1.0
8631.0,8630.0,1.0
8631.0,9911.0,1.0
8631.0,13386.0,1.0
8630.0,1550.0,1.0
8630.0,10744.0,1.0
8632.0,1136.0,1.0
8632.0,5307.0,1.0
8632.0,9965.0,1.0
8641.0,3770.0,1.0
8641.0,5578.0,1.0
8641.0,10241.0,1.0
8648.0,2165.0,1.0
8648.0,6112.0,1.0
8648.0,11632.0,1.0
8650.0,15265.0,1.0
8650.0,14212.0,1.0
8650.0,18367.0,1.0
16844.0,14243.0,1.0
8654.0,6297.0,1.0
8654.0,14513.0,1.0
8658.0,3566.0,1.0
8658.0,8659.0,1.0
8658.0,13164.0,1.0
8659.0,1895.0,1.0
8659.0,4878.0,1.0
8662.0,3475.0,1.0
8662.0,7154.0,1.0
8662.0,8663.0,1.0
8662.0,9429.0,1.0
8663.0,2727.0,1.0
8663.0,7155.0,1.0
8663.0,7241.0,1.0
16855.0,16856.0,1.0
16855.0,17413.0,1.0
16856.0,16278.0,1.0
16856.0,16915.0,1.0
16856.0,21796.0,1.0
8664.0,3330.0,1.0
8664.0,11197.0,1.0
8664.0,18135.0,1.0
8667.0,7669.0,1.0
8667.0,12248.0,1.0
8667.0,10889.0,1.0
476.0,477.0,1.0
476.0,9387.0,1.0
476.0,14038.0,1.0
477.0,8802.0,1.0
477.0,3721.0,1.0
477.0,14863.0,1.0
16864.0,12535.0,1.0
16864.0,14082.0,1.0
16864.0,16865.0,1.0
16864.0,17393.0,1.0
16865.0,16938.0,1.0
16865.0,16952.0,1.0
16865.0,17416.0,1.0
8675.0,8676.0,1.0
8676.0,19609.0,1.0
8676.0,20981.0,1.0
16869.0,16870.0,1.0
16869.0,16908.0,1.0
16870.0,19522.0,1.0
8677.0,8094.0,1.0
8677.0,10601.0,1.0
8677.0,12535.0,1.0
8677.0,12830.0,1.0
16871.0,10601.0,1.0
16871.0,12535.0,1.0
16871.0,12996.0,1.0
16871.0,14082.0,1.0
16871.0,14528.0,1.0
16868.0,12996.0,1.0
16868.0,16949.0,1.0
16868.0,17402.0,1.0
8682.0,2752.0,1.0
8682.0,8681.0,1.0
8682.0,12133.0,1.0
8681.0,5695.0,1.0
8681.0,9612.0,1.0
8681.0,11125.0,1.0
16877.0,10583.0,1.0
16877.0,14378.0,1.0
16877.0,17509.0,1.0
16877.0,21072.0,1.0
8687.0,1759.0,1.0
8687.0,4940.0,1.0
8687.0,8688.0,1.0
8687.0,14259.0,1.0
8688.0,4941.0,1.0
8688.0,9694.0,1.0
16881.0,9784.0,1.0
16881.0,11240.0,1.0
500.0,10532.0,1.0
500.0,14074.0,1.0
504.0,12186.0,1.0
504.0,3649.0,1.0
504.0,8728.0,1.0
8698.0,2922.0,1.0
8698.0,5807.0,1.0
8698.0,12319.0,1.0
8698.0,22848.0,1.0
8699.0,5771.0,1.0
8699.0,8700.0,1.0
8699.0,11251.0,1.0
8700.0,2102.0,1.0
8700.0,5306.0,1.0
8700.0,8739.0,1.0
8707.0,4532.0,1.0
8708.0,8709.0,1.0
8708.0,10583.0,1.0
8708.0,14378.0,1.0
8709.0,17637.0,1.0
8709.0,17643.0,1.0
8709.0,9753.0,1.0
8710.0,7977.0,1.0
8710.0,17936.0,1.0
8710.0,18338.0,1.0
8710.0,11691.0,1.0
16908.0,4811.0,1.0
16908.0,13222.0,1.0
16908.0,16937.0,1.0
8718.0,1739.0,1.0
8718.0,3046.0,1.0
8718.0,12114.0,1.0
8720.0,5440.0,1.0
8720.0,10694.0,1.0
8720.0,11457.0,1.0
8723.0,1110.0,1.0
8723.0,3475.0,1.0
8723.0,4187.0,1.0
8723.0,7154.0,1.0
16916.0,16917.0,1.0
16916.0,18221.0,1.0
16916.0,22688.0,1.0
8724.0,3716.0,1.0
8724.0,6343.0,1.0
8724.0,7234.0,1.0
8724.0,10034.0,1.0
8728.0,1841.0,1.0
16921.0,17402.0,1.0
16921.0,16944.0,1.0
16921.0,16998.0,1.0
538.0,537.0,1.0
538.0,2828.0,1.0
539.0,540.0,1.0
539.0,3987.0,1.0
539.0,15442.0,1.0
540.0,13701.0,1.0
540.0,11948.0,1.0
537.0,1991.0,1.0
537.0,14354.0,1.0
537.0,2827.0,1.0
542.0,17753.0,1.0
542.0,5665.0,1.0
542.0,6744.0,1.0
8736.0,8737.0,1.0
545.0,546.0,1.0
545.0,6050.0,1.0
545.0,13743.0,1.0
546.0,19612.0,1.0
8737.0,18153.0,1.0
8737.0,22272.0,1.0
8738.0,2102.0,1.0
8738.0,2890.0,1.0
8738.0,8739.0,1.0
8738.0,11615.0,1.0
16929.0,716.0,1.0
16929.0,19255.0,1.0
16929.0,19784.0,1.0
8739.0,5307.0,1.0
8739.0,9965.0,1.0
551.0,552.0,1.0
551.0,4524.0,1.0
551.0,734.0,1.0
552.0,735.0,1.0
552.0,17656.0,1.0
8746.0,6319.0,1.0
8746.0,7674.0,1.0
8746.0,8747.0,1.0
8746.0,15106.0,1.0
8747.0,5842.0,1.0
8747.0,12691.0,1.0
8747.0,14580.0,1.0
16941.0,15934.0,1.0
16941.0,16942.0,1.0
16941.0,21052.0,1.0
8752.0,8753.0,1.0
8752.0,15048.0,1.0
8752.0,20008.0,1.0
16944.0,16949.0,1.0
16946.0,16947.0,1.0
16946.0,19245.0,1.0
16947.0,17393.0,1.0
8755.0,3384.0,1.0
8755.0,6768.0,1.0
16949.0,15956.0,1.0
16949.0,17402.0,1.0
8759.0,4281.0,1.0
8759.0,8758.0,1.0
8759.0,10034.0,1.0
8758.0,3907.0,1.0
8758.0,17830.0,1.0
8766.0,6975.0,1.0
8766.0,14295.0,1.0
8766.0,15314.0,1.0
8774.0,8775.0,1.0
8774.0,12421.0,1.0
8774.0,13014.0,1.0
583.0,584.0,1.0
583.0,14898.0,1.0
583.0,7697.0,1.0
584.0,2630.0,1.0
584.0,14438.0,1.0
584.0,7698.0,1.0
8775.0,14083.0,1.0
8775.0,11197.0,1.0
8790.0,3224.0,1.0
8790.0,9329.0,1.0
16989.0,21263.0,1.0
16989.0,22607.0,1.0
8801.0,3721.0,1.0
8801.0,8802.0,1.0
8801.0,19030.0,1.0
8802.0,5417.0,1.0
8802.0,12432.0,1.0
16998.0,15286.0,1.0
16998.0,22011.0,1.0
17010.0,3043.0,1.0
17010.0,12402.0,1.0
8843.0,4223.0,1.0
8843.0,8844.0,1.0
8843.0,15154.0,1.0
8844.0,6032.0,1.0
8844.0,12784.0,1.0
655.0,656.0,1.0
655.0,3710.0,1.0
655.0,14284.0,1.0
656.0,2028.0,1.0
656.0,6901.0,1.0
656.0,5935.0,1.0
8847.0,8848.0,1.0
8847.0,9312.0,1.0
8847.0,17737.0,1.0
659.0,660.0,1.0
659.0,1978.0,1.0
659.0,10686.0,1.0
659.0,22300.0,1.0
660.0,2540.0,1.0
660.0,10687.0,1.0
8853.0,7874.0,1.0
8853.0,15270.0,1.0
8853.0,14613.0,1.0
8852.0,1138.0,1.0
8852.0,7366.0,1.0
663.0,664.0,1.0
663.0,13331.0,1.0
663.0,6023.0,1.0
664.0,927.0,1.0
664.0,13014.0,1.0
664.0,11670.0,1.0
665.0,666.0,1.0
665.0,20626.0,1.0
666.0,12458.0,1.0
666.0,18809.0,1.0
658.0,657.0,1.0
8866.0,1292.0,1.0
8866.0,10016.0,1.0
8866.0,14745.0,1.0
679.0,680.0,1.0
679.0,6443.0,1.0
679.0,14873.0,1.0
680.0,11592.0,1.0
680.0,11810.0,1.0
8876.0,8877.0,1.0
8876.0,12167.0,1.0
8876.0,13191.0,1.0
8877.0,1597.0,1.0
8877.0,5905.0,1.0
8877.0,10997.0,1.0
8878.0,5269.0,1.0
8878.0,17830.0,1.0
8878.0,11160.0,1.0
8881.0,3531.0,1.0
8881.0,8882.0,1.0
8881.0,13917.0,1.0
8896.0,2122.0,1.0
8896.0,4927.0,1.0
8896.0,9576.0,1.0
8900.0,8901.0,1.0
8900.0,9329.0,1.0
8900.0,12234.0,1.0
8901.0,7110.0,1.0
8901.0,7291.0,1.0
8903.0,8904.0,1.0
8903.0,9337.0,1.0
8903.0,9262.0,1.0
8904.0,12382.0,1.0
8904.0,14514.0,1.0
8905.0,3838.0,1.0
8905.0,8906.0,1.0
8905.0,9507.0,1.0
8905.0,11437.0,1.0
8906.0,3839.0,1.0
8906.0,4850.0,1.0
8906.0,11801.0,1.0
716.0,717.0,1.0
716.0,15048.0,1.0
717.0,7947.0,1.0
717.0,9622.0,1.0
717.0,5627.0,1.0
8912.0,1194.0,1.0
8912.0,5300.0,1.0
8912.0,20858.0,1.0
8912.0,22788.0,1.0
8918.0,4689.0,1.0
8918.0,5088.0,1.0
8918.0,5513.0,1.0
8923.0,8924.0,1.0
8923.0,9334.0,1.0
8924.0,6819.0,1.0
8924.0,13170.0,1.0
734.0,735.0,1.0
734.0,3779.0,1.0
734.0,12765.0,1.0
735.0,7093.0,1.0
735.0,14488.0,1.0
8946.0,7977.0,1.0
8946.0,10481.0,1.0
8946.0,17936.0,1.0
8953.0,3909.0,1.0
8953.0,4436.0,1.0
8953.0,9973.0,1.0
8958.0,7342.0,1.0
8958.0,7343.0,1.0
8958.0,8959.0,1.0
8958.0,15937.0,1.0
8959.0,13210.0,1.0
8959.0,22265.0,1.0
8963.0,8964.0,1.0
8963.0,12691.0,1.0
8964.0,2607.0,1.0
8964.0,6940.0,1.0
8964.0,19181.0,1.0
8973.0,998.0,1.0
8973.0,11497.0,1.0
8973.0,10277.0,1.0
783.0,15409.0,1.0
783.0,21034.0,1.0
8977.0,1825.0,1.0
8977.0,12641.0,1.0
786.0,18071.0,1.0
786.0,18367.0,1.0
8981.0,7327.0,1.0
8981.0,11666.0,1.0
8981.0,12169.0,1.0
8981.0,22132.0,1.0
8986.0,6849.0,1.0
8986.0,13006.0,1.0
8986.0,19403.0,1.0
8991.0,8992.0,1.0
8992.0,4776.0,1.0
8992.0,5020.0,1.0
8992.0,7726.0,1.0
17186.0,12629.0,1.0
8995.0,7305.0,1.0
8995.0,9066.0,1.0
8995.0,10160.0,1.0
8995.0,12341.0,1.0
810.0,811.0,1.0
810.0,7010.0,1.0
810.0,10375.0,1.0
810.0,11488.0,1.0
811.0,5289.0,1.0
811.0,11828.0,1.0
9010.0,9011.0,1.0
9011.0,1143.0,1.0
9011.0,13235.0,1.0
17204.0,17203.0,1.0
17204.0,17469.0,1.0
17204.0,17688.0,1.0
17204.0,17962.0,1.0
17203.0,5559.0,1.0
825.0,826.0,1.0
825.0,1083.0,1.0
825.0,1311.0,1.0
825.0,5953.0,1.0
826.0,13402.0,1.0
829.0,940.0,1.0
829.0,6917.0,1.0
829.0,7216.0,1.0
9033.0,9034.0,1.0
9033.0,12821.0,1.0
9033.0,10124.0,1.0
9034.0,12822.0,1.0
9034.0,19018.0,1.0
9038.0,13737.0,1.0
847.0,846.0,1.0
847.0,5496.0,1.0
846.0,9112.0,1.0
846.0,10085.0,1.0
850.0,3108.0,1.0
850.0,10571.0,1.0
850.0,1432.0,1.0
853.0,854.0,1.0
853.0,5654.0,1.0
853.0,6322.0,1.0
17238.0,2474.0,1.0
17238.0,15785.0,1.0
854.0,1751.0,1.0
868.0,7674.0,1.0
868.0,11494.0,1.0
869.0,870.0,1.0
869.0,5213.0,1.0
869.0,18149.0,1.0
869.0,7691.0,1.0
9062.0,3566.0,1.0
9062.0,9063.0,1.0
9062.0,9860.0,1.0
9063.0,10602.0,1.0
9063.0,13164.0,1.0
870.0,4194.0,1.0
870.0,12411.0,1.0
870.0,3599.0,1.0
871.0,872.0,1.0
871.0,13802.0,1.0
871.0,5652.0,1.0
871.0,18393.0,1.0
9066.0,10961.0,1.0
9066.0,10156.0,1.0
9066.0,23253.0,1.0
872.0,4497.0,1.0
872.0,5928.0,1.0
17258.0,17259.0,1.0
17258.0,18105.0,1.0
17258.0,19167.0,1.0
17259.0,17435.0,1.0
17259.0,20604.0,1.0
9070.0,3514.0,1.0
9070.0,13199.0,1.0
9070.0,9946.0,1.0
879.0,6307.0,1.0
879.0,1992.0,1.0
9075.0,9076.0,1.0
9075.0,11194.0,1.0
9075.0,12830.0,1.0
9075.0,9826.0,1.0
9076.0,8094.0,1.0
9076.0,12723.0,1.0
9081.0,9082.0,1.0
9081.0,10913.0,1.0
9081.0,17831.0,1.0
9082.0,13959.0,1.0
17279.0,19594.0,1.0
9100.0,1083.0,1.0
9100.0,1311.0,1.0
9100.0,3993.0,1.0
909.0,910.0,1.0
909.0,2666.0,1.0
909.0,7583.0,1.0
909.0,14257.0,1.0
910.0,8185.0,1.0
9112.0,11362.0,1.0
9112.0,12939.0,1.0
921.0,922.0,1.0
921.0,3070.0,1.0
921.0,17636.0,1.0
921.0,2970.0,1.0
922.0,1814.0,1.0
922.0,9264.0,1.0
927.0,2615.0,1.0
927.0,3737.0,1.0
927.0,12421.0,1.0
9124.0,9125.0,1.0
9124.0,17745.0,1.0
9124.0,18032.0,1.0
9125.0,6635.0,1.0
9125.0,13149.0,1.0
940.0,9448.0,1.0
940.0,14583.0,1.0
940.0,9820.0,1.0
940.0,19812.0,1.0
17326.0,17327.0,1.0
17326.0,19721.0,1.0
17327.0,14075.0,1.0
17327.0,20025.0,1.0
17327.0,20769.0,1.0
945.0,946.0,1.0
945.0,6681.0,1.0
945.0,4975.0,1.0
945.0,14062.0,1.0
946.0,4976.0,1.0
946.0,13435.0,1.0
954.0,11687.0,1.0
9149.0,4240.0,1.0
9149.0,6139.0,1.0
9149.0,10851.0,1.0
9149.0,10377.0,1.0
958.0,957.0,1.0
958.0,5018.0,1.0
958.0,5426.0,1.0
958.0,15876.0,1.0
957.0,6514.0,1.0
957.0,7430.0,1.0
960.0,7939.0,1.0
961.0,962.0,1.0
961.0,1057.0,1.0
961.0,10874.0,1.0
962.0,5814.0,1.0
965.0,966.0,1.0
965.0,4349.0,1.0
966.0,2752.0,1.0
966.0,5694.0,1.0
9165.0,3887.0,1.0
9165.0,3888.0,1.0
9165.0,9166.0,1.0
9165.0,18108.0,1.0
9165.0,14503.0,1.0
9171.0,2615.0,1.0
9171.0,18047.0,1.0
9171.0,12421.0,1.0
17367.0,2338.0,1.0
17367.0,2457.0,1.0
17367.0,10666.0,1.0
985.0,986.0,1.0
986.0,12627.0,1.0
986.0,14682.0,1.0
986.0,2270.0,1.0
9182.0,7438.0,1.0
9182.0,9183.0,1.0
9183.0,14900.0,1.0
9183.0,23011.0,1.0
994.0,995.0,1.0
994.0,1756.0,1.0
994.0,4150.0,1.0
994.0,6645.0,1.0
995.0,4557.0,1.0
995.0,13366.0,1.0
9188.0,12666.0,1.0
9188.0,12808.0,1.0
998.0,999.0,1.0
998.0,7966.0,1.0
998.0,1990.0,1.0
999.0,17865.0,1.0
999.0,14189.0,1.0
9192.0,6111.0,1.0
9192.0,7428.0,1.0
9192.0,13588.0,1.0
17382.0,19258.0,1.0
17382.0,19259.0,1.0
9193.0,7097.0,1.0
9193.0,14815.0,1.0
9193.0,14927.0,1.0
9193.0,10608.0,1.0
9200.0,3382.0,1.0
9200.0,5155.0,1.0
9200.0,17660.0,1.0
9201.0,11065.0,1.0
9201.0,13166.0,1.0
1012.0,1013.0,1.0
1012.0,2033.0,1.0
1012.0,15032.0,1.0
1012.0,4637.0,1.0
1013.0,7781.0,1.0
17402.0,15286.0,1.0
17406.0,17407.0,1.0
17406.0,18179.0,1.0
17406.0,20809.0,1.0
17413.0,19244.0,1.0
1035.0,1036.0,1.0
1035.0,15165.0,1.0
1035.0,18343.0,1.0
1035.0,17824.0,1.0
1036.0,2822.0,1.0
1036.0,2989.0,1.0
1036.0,5262.0,1.0
17420.0,4576.0,1.0
17420.0,7537.0,1.0
17420.0,12537.0,1.0
1037.0,1038.0,1.0
1037.0,12929.0,1.0
1037.0,7072.0,1.0
1038.0,11352.0,1.0
9233.0,9234.0,1.0
9233.0,13600.0,1.0
9233.0,12593.0,1.0
9233.0,22891.0,1.0
9234.0,17653.0,1.0
9236.0,2982.0,1.0
9236.0,3518.0,1.0
9236.0,3639.0,1.0
9236.0,12344.0,1.0
9238.0,1446.0,1.0
9238.0,6646.0,1.0
9238.0,6913.0,1.0
9238.0,13366.0,1.0
17435.0,17436.0,1.0
17435.0,20955.0,1.0
17435.0,20963.0,1.0
17436.0,18873.0,1.0
17436.0,20603.0,1.0
1055.0,1056.0,1.0
1056.0,9314.0,1.0
1056.0,9444.0,1.0
1057.0,10733.0,1.0
1057.0,14695.0,1.0
1058.0,1059.0,1.0
1058.0,15961.0,1.0
1058.0,19371.0,1.0
1059.0,7916.0,1.0
9259.0,6953.0,1.0
9259.0,9722.0,1.0
9262.0,5072.0,1.0
9262.0,15025.0,1.0
17455.0,3547.0,1.0
17455.0,18160.0,1.0
17456.0,12257.0,1.0
17456.0,12258.0,1.0
17456.0,16045.0,1.0
17456.0,17460.0,1.0
9264.0,10538.0,1.0
9264.0,17636.0,1.0
1075.0,1076.0,1.0
1075.0,13479.0,1.0
1076.0,17634.0,1.0
17461.0,11178.0,1.0
17461.0,16061.0,1.0
17461.0,17460.0,1.0
17461.0,17573.0,1.0
17460.0,11177.0,1.0
9275.0,12460.0,1.0
9275.0,20845.0,1.0
1083.0,5952.0,1.0
17469.0,14099.0,1.0
17469.0,15379.0,1.0
9284.0,1447.0,1.0
9284.0,7931.0,1.0
9284.0,12250.0,1.0
9288.0,14035.0,1.0
9288.0,10161.0,1.0
1109.0,1110.0,1.0
1109.0,1151.0,1.0
1109.0,11983.0,1.0
1110.0,5004.0,1.0
1110.0,18515.0,1.0
9305.0,3638.0,1.0
9305.0,3643.0,1.0
9305.0,15533.0,1.0
9306.0,1250.0,1.0
9306.0,7327.0,1.0
9306.0,17526.0,1.0
9311.0,1534.0,1.0
9311.0,13219.0,1.0
9311.0,10087.0,1.0
9312.0,9313.0,1.0
9314.0,15719.0,1.0
17509.0,10584.0,1.0
17509.0,20616.0,1.0
17509.0,21875.0,1.0
1128.0,1129.0,1.0
1128.0,7328.0,1.0
1129.0,6319.0,1.0
1129.0,7758.0,1.0
9324.0,7635.0,1.0
9324.0,13278.0,1.0
17517.0,14110.0,1.0
17518.0,14109.0,1.0
17518.0,23196.0,1.0
1136.0,2544.0,1.0
1136.0,6933.0,1.0
9329.0,13830.0,1.0
17522.0,14663.0,1.0
17522.0,17525.0,1.0
17522.0,20856.0,1.0
9331.0,7092.0,1.0
9331.0,9330.0,1.0
9331.0,11641.0,1.0
9331.0,15159.0,1.0
17525.0,7328.0,1.0
17525.0,17526.0,1.0
17526.0,10556.0,1.0
1142.0,1143.0,1.0
1142.0,6939.0,1.0
9335.0,3449.0,1.0
9335.0,18149.0,1.0
9335.0,9521.0,1.0
1143.0,3400.0,1.0
1143.0,2375.0,1.0
17529.0,17530.0,1.0
17529.0,17531.0,1.0
17531.0,2113.0,1.0
17531.0,5451.0,1.0
17531.0,17530.0,1.0
17530.0,7000.0,1.0
9340.0,9341.0,1.0
9340.0,17572.0,1.0
9340.0,17710.0,1.0
1150.0,1151.0,1.0
1150.0,6737.0,1.0
1151.0,21899.0,1.0
9341.0,4666.0,1.0
9341.0,11828.0,1.0
17533.0,3685.0,1.0
17533.0,12346.0,1.0
17533.0,12629.0,1.0
9337.0,10814.0,1.0
9337.0,10905.0,1.0
9337.0,12382.0,1.0
17537.0,5938.0,1.0
17537.0,5939.0,1.0
17538.0,11232.0,1.0
17538.0,18219.0,1.0
17542.0,13999.0,1.0
17542.0,15189.0,1.0
17542.0,17544.0,1.0
1159.0,5339.0,1.0
1159.0,3649.0,1.0
1159.0,15880.0,1.0
17544.0,14191.0,1.0
17544.0,17563.0,1.0
17544.0,19570.0,1.0
9353.0,4940.0,1.0
9353.0,18167.0,1.0
9353.0,14259.0,1.0
9353.0,20813.0,1.0
9354.0,19089.0,1.0
9357.0,3532.0,1.0
9357.0,5426.0,1.0
9357.0,15876.0,1.0
1167.0,5015.0,1.0
1167.0,17951.0,1.0
9361.0,3029.0,1.0
9361.0,14572.0,1.0
9361.0,19049.0,1.0
17560.0,4163.0,1.0
17560.0,5375.0,1.0
17560.0,18206.0,1.0
17561.0,14955.0,1.0
17561.0,15489.0,1.0
17561.0,15969.0,1.0
17561.0,18027.0,1.0
17563.0,12821.0,1.0
17563.0,13999.0,1.0
17563.0,17827.0,1.0
17565.0,15265.0,1.0
17565.0,18367.0,1.0
9374.0,1755.0,1.0
1183.0,7753.0,1.0
1183.0,10067.0,1.0
17572.0,5289.0,1.0
17572.0,10065.0,1.0
9381.0,5412.0,1.0
9381.0,6749.0,1.0
9381.0,8148.0,1.0
9381.0,9885.0,1.0
17573.0,2415.0,1.0
17573.0,19966.0,1.0
1191.0,1192.0,1.0
1191.0,1492.0,1.0
1191.0,10851.0,1.0
1192.0,6980.0,1.0
1192.0,14464.0,1.0
1193.0,1194.0,1.0
1193.0,22935.0,1.0
1194.0,9980.0,1.0
1194.0,12832.0,1.0
9387.0,3919.0,1.0
9387.0,14863.0,1.0
9387.0,10749.0,1.0
17577.0,10365.0,1.0
17577.0,13661.0,1.0
17577.0,14381.0,1.0
17577.0,17643.0,1.0
17582.0,5050.0,1.0
17582.0,10444.0,1.0
17582.0,17583.0,1.0
17583.0,4290.0,1.0
17583.0,11408.0,1.0
17583.0,18882.0,1.0
17586.0,2830.0,1.0
17586.0,10279.0,1.0
17586.0,17587.0,1.0
17587.0,12356.0,1.0
17587.0,19079.0,1.0
17588.0,2524.0,1.0
9398.0,5653.0,1.0
9398.0,13628.0,1.0
9399.0,2478.0,1.0
9399.0,14432.0,1.0
17592.0,10699.0,1.0
17592.0,10708.0,1.0
17592.0,14955.0,1.0
17592.0,22233.0,1.0
9402.0,7614.0,1.0
9402.0,17761.0,1.0
9402.0,10533.0,1.0
17599.0,2666.0,1.0
17599.0,9931.0,1.0
17599.0,13661.0,1.0
17599.0,14257.0,1.0
1220.0,1221.0,1.0
1220.0,2990.0,1.0
1220.0,14213.0,1.0
1220.0,12604.0,1.0
1221.0,7012.0,1.0
17611.0,12558.0,1.0
17611.0,17612.0,1.0
17612.0,14659.0,1.0
17616.0,15134.0,1.0
17616.0,18025.0,1.0
17618.0,16045.0,1.0
17618.0,18107.0,1.0
17618.0,18160.0,1.0
9424.0,1459.0,1.0
9424.0,10193.0,1.0
9424.0,11183.0,1.0
9429.0,3474.0,1.0
9429.0,7241.0,1.0
9429.0,7387.0,1.0
1238.0,1239.0,1.0
1238.0,5538.0,1.0
1239.0,6478.0,1.0
1239.0,5383.0,1.0
1239.0,6479.0,1.0
1240.0,1241.0,1.0
1240.0,4390.0,1.0
1240.0,7500.0,1.0
1240.0,13886.0,1.0
1241.0,6452.0,1.0
1241.0,4009.0,1.0
1242.0,1243.0,1.0
1242.0,1368.0,1.0
1242.0,7455.0,1.0
1242.0,9939.0,1.0
1243.0,8184.0,1.0
1243.0,11996.0,1.0
9432.0,2101.0,1.0
9432.0,2406.0,1.0
9432.0,18355.0,1.0
9432.0,10180.0,1.0
9438.0,7108.0,1.0
9438.0,10652.0,1.0
9438.0,11186.0,1.0
17633.0,9652.0,1.0
17633.0,14008.0,1.0
17633.0,14009.0,1.0
17633.0,17911.0,1.0
1250.0,1251.0,1.0
1250.0,19274.0,1.0
17635.0,4138.0,1.0
17635.0,6550.0,1.0
17635.0,10881.0,1.0
17635.0,15798.0,1.0
1251.0,4046.0,1.0
1251.0,10556.0,1.0
17637.0,10583.0,1.0
17637.0,11152.0,1.0
17637.0,13222.0,1.0
17634.0,12798.0,1.0
17634.0,13479.0,1.0
9448.0,1368.0,1.0
9448.0,6928.0,1.0
9448.0,7455.0,1.0
17641.0,15600.0,1.0
17641.0,15601.0,1.0
17636.0,14432.0,1.0
1259.0,7168.0,1.0
1259.0,17676.0,1.0
17643.0,15651.0,1.0
9445.0,6088.0,1.0
9445.0,10387.0,1.0
9445.0,12933.0,1.0
17647.0,10573.0,1.0
17647.0,15189.0,1.0
17647.0,18205.0,1.0
17652.0,1484.0,1.0
17652.0,2406.0,1.0
17652.0,7796.0,1.0
17652.0,13719.0,1.0
17653.0,18115.0,1.0
9463.0,5228.0,1.0
9463.0,11475.0,1.0
17656.0,7093.0,1.0
17656.0,11460.0,1.0
17657.0,10516.0,1.0
17657.0,11478.0,1.0
17657.0,17677.0,1.0
17660.0,3381.0,1.0
17660.0,3515.0,1.0
17661.0,6338.0,1.0
17661.0,8147.0,1.0
17661.0,10752.0,1.0
17663.0,11232.0,1.0
17663.0,12656.0,1.0
17667.0,2989.0,1.0
17667.0,5262.0,1.0
17667.0,5817.0,1.0
17667.0,11809.0,1.0
17668.0,10342.0,1.0
17668.0,11209.0,1.0
9476.0,6312.0,1.0
9476.0,14347.0,1.0
9476.0,10652.0,1.0
17669.0,3548.0,1.0
17669.0,9507.0,1.0
17669.0,11014.0,1.0
17671.0,14631.0,1.0
17671.0,15101.0,1.0
17671.0,18108.0,1.0
1291.0,1292.0,1.0
1291.0,5155.0,1.0
1291.0,6021.0,1.0
17676.0,2234.0,1.0
17676.0,7637.0,1.0
1293.0,1294.0,1.0
1293.0,11512.0,1.0
1293.0,23016.0,1.0
1294.0,1476.0,1.0
1294.0,12114.0,1.0
1292.0,6021.0,1.0
17681.0,1801.0,1.0
17681.0,11917.0,1.0
17681.0,17682.0,1.0
17682.0,8097.0,1.0
17682.0,15217.0,1.0
17679.0,13803.0,1.0
17679.0,20012.0,1.0
1300.0,1301.0,1.0
1300.0,4872.0,1.0
1300.0,2270.0,1.0
1301.0,10260.0,1.0
1301.0,7868.0,1.0
17688.0,5559.0,1.0
17688.0,15379.0,1.0
17688.0,21067.0,1.0
17689.0,3153.0,1.0
17689.0,10417.0,1.0
17689.0,13287.0,1.0
17689.0,17690.0,1.0
17690.0,5184.0,1.0
17690.0,9558.0,1.0
17690.0,9797.0,1.0
17694.0,5817.0,1.0
17694.0,12849.0,1.0
17694.0,18474.0,1.0
17694.0,22233.0,1.0
9503.0,3961.0,1.0
9503.0,5904.0,1.0
9503.0,9504.0,1.0
9504.0,3962.0,1.0
9504.0,5905.0,1.0
9504.0,10997.0,1.0
1311.0,3994.0,1.0
9507.0,15498.0,1.0
9509.0,3875.0,1.0
9509.0,7110.0,1.0
9509.0,14306.0,1.0
9509.0,14613.0,1.0
9512.0,6322.0,1.0
9512.0,10857.0,1.0
9512.0,12397.0,1.0
17710.0,1733.0,1.0
17710.0,4665.0,1.0
17712.0,12666.0,1.0
17712.0,12808.0,1.0
17712.0,13262.0,1.0
17712.0,14544.0,1.0
9521.0,2791.0,1.0
9521.0,15487.0,1.0
9522.0,7771.0,1.0
1331.0,1332.0,1.0
1331.0,12475.0,1.0
1331.0,18097.0,1.0
1332.0,5919.0,1.0
1332.0,5592.0,1.0
1332.0,12476.0,1.0
1333.0,7877.0,1.0
1335.0,1336.0,1.0
1335.0,7290.0,1.0
1335.0,19250.0,1.0
1336.0,1825.0,1.0
1336.0,14795.0,1.0
1336.0,7291.0,1.0
1337.0,1338.0,1.0
1337.0,7730.0,1.0
1337.0,10858.0,1.0
1337.0,12411.0,1.0
1338.0,2165.0,1.0
1338.0,11632.0,1.0
1338.0,18674.0,1.0
9528.0,1765.0,1.0
9528.0,1933.0,1.0
9528.0,14774.0,1.0
1344.0,1345.0,1.0
1344.0,14613.0,1.0
1344.0,18080.0,1.0
1345.0,7874.0,1.0
1345.0,3962.0,1.0
17732.0,7754.0,1.0
17732.0,10263.0,1.0
17732.0,12269.0,1.0
17732.0,17935.0,1.0
17737.0,1139.0,1.0
17737.0,11596.0,1.0
9546.0,5785.0,1.0
9546.0,15781.0,1.0
9546.0,19068.0,1.0
9548.0,3778.0,1.0
9548.0,4524.0,1.0
9549.0,5004.0,1.0
17745.0,3548.0,1.0
17745.0,13149.0,1.0
17748.0,2790.0,1.0
17748.0,14561.0,1.0
17748.0,15487.0,1.0
17748.0,18038.0,1.0
17749.0,1477.0,1.0
17749.0,2335.0,1.0
17749.0,19570.0,1.0
9558.0,5807.0,1.0
9558.0,10417.0,1.0
9558.0,9796.0,1.0
9556.0,3516.0,1.0
9556.0,6698.0,1.0
1368.0,9706.0,1.0
1368.0,14583.0,1.0
17753.0,6743.0,1.0
1365.0,1364.0,1.0
1365.0,7805.0,1.0
1365.0,10830.0,1.0
1364.0,2345.0,1.0
1364.0,6789.0,1.0
17758.0,5411.0,1.0
17758.0,8097.0,1.0
17758.0,12162.0,1.0
17758.0,17931.0,1.0
9566.0,2478.0,1.0
9566.0,7145.0,1.0
17760.0,9910.0,1.0
17760.0,13784.0,1.0
17760.0,23061.0,1.0
17761.0,15440.0,1.0
17761.0,17904.0,1.0
1378.0,1377.0,1.0
1378.0,7094.0,1.0
1378.0,14189.0,1.0
1377.0,14488.0,1.0
1377.0,7093.0,1.0
1377.0,17865.0,1.0
9570.0,6439.0,1.0
9570.0,14825.0,1.0
9570.0,13229.0,1.0
9570.0,11657.0,1.0
9571.0,5213.0,1.0
9571.0,11553.0,1.0
9571.0,14561.0,1.0
1382.0,1383.0,1.0
1382.0,3298.0,1.0
1382.0,6736.0,1.0
1383.0,5630.0,1.0
1383.0,6513.0,1.0
1383.0,3299.0,1.0
9574.0,9575.0,1.0
9574.0,13800.0,1.0
9574.0,22177.0,1.0
9576.0,7930.0,1.0
9576.0,9577.0,1.0
1392.0,1393.0,1.0
1392.0,3456.0,1.0
1392.0,3050.0,1.0
1392.0,2457.0,1.0
1393.0,11657.0,1.0
1393.0,14825.0,1.0
9586.0,5904.0,1.0
9586.0,12464.0,1.0
9586.0,9720.0,1.0
17790.0,17791.0,1.0
17791.0,3671.0,1.0
17791.0,13266.0,1.0
17791.0,18406.0,1.0
9601.0,9602.0,1.0
9601.0,11762.0,1.0
9601.0,10711.0,1.0
9601.0,21761.0,1.0
9602.0,2109.0,1.0
9602.0,8023.0,1.0
17794.0,13453.0,1.0
17794.0,14443.0,1.0
17794.0,18170.0,1.0
17800.0,3999.0,1.0
17800.0,9720.0,1.0
17802.0,3598.0,1.0
17802.0,10813.0,1.0
17802.0,17803.0,1.0
17803.0,15008.0,1.0
17804.0,17909.0,1.0
17804.0,23134.0,1.0
9612.0,5089.0,1.0
9612.0,8014.0,1.0
9617.0,13947.0,1.0
9617.0,13466.0,1.0
1426.0,1427.0,1.0
1426.0,9711.0,1.0
1426.0,7698.0,1.0
1426.0,10822.0,1.0
1427.0,3436.0,1.0
1427.0,11597.0,1.0
1428.0,1429.0,1.0
1428.0,9959.0,1.0
1428.0,13874.0,1.0
1428.0,19691.0,1.0
1429.0,3773.0,1.0
1429.0,3447.0,1.0
17814.0,6902.0,1.0
17814.0,10264.0,1.0
17814.0,17815.0,1.0
17814.0,18053.0,1.0
17815.0,7754.0,1.0
17815.0,18125.0,1.0
17815.0,18379.0,1.0
1432.0,1433.0,1.0
1432.0,5901.0,1.0
1433.0,5461.0,1.0
1433.0,4782.0,1.0
17817.0,5976.0,1.0
17817.0,10365.0,1.0
17817.0,17816.0,1.0
17816.0,9754.0,1.0
17816.0,21465.0,1.0
9628.0,7265.0,1.0
1434.0,1435.0,1.0
1434.0,6870.0,1.0
1435.0,3519.0,1.0
1435.0,6338.0,1.0
1435.0,7814.0,1.0
9622.0,9621.0,1.0
9622.0,11377.0,1.0
17824.0,2822.0,1.0
17824.0,6566.0,1.0
17824.0,15164.0,1.0
17827.0,12822.0,1.0
17827.0,14000.0,1.0
17827.0,18943.0,1.0
1444.0,1445.0,1.0
1444.0,4566.0,1.0
1444.0,3781.0,1.0
1444.0,10722.0,1.0
1445.0,11764.0,1.0
1445.0,12632.0,1.0
1445.0,10377.0,1.0
1446.0,1447.0,1.0
1446.0,7931.0,1.0
1446.0,15859.0,1.0
17830.0,10220.0,1.0
17830.0,12365.0,1.0
17834.0,2822.0,1.0
17834.0,2989.0,1.0
17834.0,7147.0,1.0
17834.0,15531.0,1.0
17835.0,10050.0,1.0
17835.0,18183.0,1.0
17835.0,18274.0,1.0
17835.0,21281.0,1.0
17836.0,10796.0,1.0
17836.0,13336.0,1.0
17836.0,15228.0,1.0
17838.0,17839.0,1.0
17839.0,18696.0,1.0
17839.0,19191.0,1.0
9648.0,1967.0,1.0
9648.0,3888.0,1.0
9648.0,11686.0,1.0
9648.0,14503.0,1.0
9650.0,9651.0,1.0
9650.0,13466.0,1.0
9650.0,10896.0,1.0
9651.0,11596.0,1.0
9652.0,9653.0,1.0
9652.0,13300.0,1.0
9653.0,12765.0,1.0
9653.0,14008.0,1.0
1458.0,1459.0,1.0
1458.0,6387.0,1.0
1458.0,10193.0,1.0
1459.0,11184.0,1.0
1465.0,1466.0,1.0
1465.0,11660.0,1.0
1465.0,15010.0,1.0
1466.0,17897.0,1.0
1466.0,18146.0,1.0
17853.0,17854.0,1.0
1470.0,1471.0,1.0
1470.0,5935.0,1.0
1470.0,2028.0,1.0
1470.0,4268.0,1.0
1471.0,7670.0,1.0
1471.0,14647.0,1.0
1471.0,7665.0,1.0
17854.0,5559.0,1.0
17859.0,17860.0,1.0
17859.0,19210.0,1.0
17859.0,19222.0,1.0
17859.0,22009.0,1.0
17859.0,18326.0,1.0
1476.0,1477.0,1.0
1476.0,1505.0,1.0
1477.0,1739.0,1.0
1477.0,12114.0,1.0
17860.0,18326.0,1.0
17860.0,18896.0,1.0
17860.0,19157.0,1.0
17860.0,22009.0,1.0
17860.0,23263.0,1.0
17864.0,1941.0,1.0
17864.0,6279.0,1.0
17864.0,11959.0,1.0
17865.0,7966.0,1.0
17865.0,14009.0,1.0
1484.0,1485.0,1.0
1484.0,18325.0,1.0
1485.0,2406.0,1.0
1485.0,5771.0,1.0
1485.0,2101.0,1.0
17871.0,7527.0,1.0
17871.0,12257.0,1.0
9682.0,3107.0,1.0
9682.0,5482.0,1.0
9682.0,21766.0,1.0
9685.0,6748.0,1.0
9685.0,10178.0,1.0
9685.0,12162.0,1.0
9685.0,17935.0,1.0
17879.0,10847.0,1.0
17879.0,10848.0,1.0
17879.0,12848.0,1.0
9688.0,7238.0,1.0
9688.0,9865.0,1.0
9690.0,7189.0,1.0
9690.0,8158.0,1.0
9690.0,13698.0,1.0
17883.0,9844.0,1.0
17883.0,17884.0,1.0
17883.0,18161.0,1.0
17883.0,18258.0,1.0
17884.0,15416.0,1.0
17884.0,18309.0,1.0
9694.0,1759.0,1.0
9694.0,2223.0,1.0
9694.0,14026.0,1.0
1505.0,1506.0,1.0
1505.0,11512.0,1.0
1505.0,18432.0,1.0
17891.0,13853.0,1.0
17893.0,1690.0,1.0
17893.0,4479.0,1.0
17893.0,12784.0,1.0
17893.0,15875.0,1.0
17897.0,15011.0,1.0
17897.0,17898.0,1.0
9706.0,9939.0,1.0
9706.0,10811.0,1.0
9706.0,19404.0,1.0
17898.0,3951.0,1.0
17898.0,21466.0,1.0
17898.0,21467.0,1.0
1517.0,6566.0,1.0
1517.0,15164.0,1.0
1517.0,14142.0,1.0
9710.0,9711.0,1.0
9710.0,10821.0,1.0
9711.0,7697.0,1.0
17904.0,18078.0,1.0
17909.0,6767.0,1.0
17911.0,13300.0,1.0
17911.0,14556.0,1.0
9720.0,4000.0,1.0
9720.0,11842.0,1.0
9721.0,9722.0,1.0
9721.0,18034.0,1.0
9721.0,22762.0,1.0
9721.0,22760.0,1.0
9722.0,6952.0,1.0
9722.0,11447.0,1.0
1533.0,1534.0,1.0
1533.0,13219.0,1.0
1534.0,1743.0,1.0
17919.0,2135.0,1.0
17919.0,4352.0,1.0
17919.0,5152.0,1.0
17919.0,20965.0,1.0
17918.0,10349.0,1.0
17918.0,13454.0,1.0
17923.0,4274.0,1.0
17923.0,7788.0,1.0
17923.0,7877.0,1.0
17925.0,3852.0,1.0
17925.0,10143.0,1.0
17925.0,19772.0,1.0
17931.0,6870.0,1.0
17931.0,10752.0,1.0
17931.0,11917.0,1.0
17933.0,10144.0,1.0
17933.0,14162.0,1.0
17933.0,17990.0,1.0
17933.0,19772.0,1.0
9742.0,5071.0,1.0
9742.0,5397.0,1.0
9742.0,13779.0,1.0
17935.0,10096.0,1.0
17935.0,10179.0,1.0
17936.0,15082.0,1.0
9745.0,1795.0,1.0
9745.0,5530.0,1.0
9745.0,13540.0,1.0
9745.0,18957.0,1.0
1549.0,1550.0,1.0
1549.0,10744.0,1.0
1549.0,9910.0,1.0
1550.0,1995.0,1.0
9753.0,9754.0,1.0
9753.0,10365.0,1.0
9753.0,13222.0,1.0
9754.0,4811.0,1.0
9754.0,6755.0,1.0
9754.0,10365.0,1.0
9755.0,1756.0,1.0
9755.0,4150.0,1.0
9755.0,7997.0,1.0
9755.0,12286.0,1.0
17948.0,4311.0,1.0
17948.0,4880.0,1.0
17948.0,10893.0,1.0
17948.0,12040.0,1.0
17951.0,4499.0,1.0
17951.0,6100.0,1.0
17955.0,6541.0,1.0
17955.0,20552.0,1.0
17960.0,1824.0,1.0
17960.0,6395.0,1.0
17960.0,15063.0,1.0
17960.0,17812.0,1.0
17962.0,13006.0,1.0
17962.0,19522.0,1.0
17962.0,19527.0,1.0
17964.0,18027.0,1.0
17964.0,22152.0,1.0
17964.0,22222.0,1.0
17965.0,6541.0,1.0
17965.0,10135.0,1.0
17965.0,18294.0,1.0
17971.0,7670.0,1.0
17971.0,14647.0,1.0
17971.0,18289.0,1.0
17972.0,12553.0,1.0
17972.0,18265.0,1.0
1590.0,1591.0,1.0
1590.0,7334.0,1.0
1590.0,11725.0,1.0
1590.0,10961.0,1.0
1591.0,5918.0,1.0
1591.0,12341.0,1.0
1591.0,7564.0,1.0
9784.0,1733.0,1.0
9784.0,14694.0,1.0
17977.0,2158.0,1.0
17977.0,2476.0,1.0
17977.0,3457.0,1.0
17977.0,10278.0,1.0
17979.0,3726.0,1.0
17979.0,10223.0,1.0
17979.0,18403.0,1.0
1596.0,1597.0,1.0
1596.0,12167.0,1.0
1596.0,23252.0,1.0
1597.0,10156.0,1.0
1597.0,10295.0,1.0
17981.0,5874.0,1.0
17981.0,7343.0,1.0
17981.0,22265.0,1.0
9791.0,2946.0,1.0
9791.0,4338.0,1.0
9791.0,5429.0,1.0
9791.0,9820.0,1.0
9793.0,5641.0,1.0
1603.0,1604.0,1.0
1603.0,18286.0,1.0
1603.0,7061.0,1.0
9796.0,5808.0,1.0
9796.0,9797.0,1.0
17990.0,13401.0,1.0
17990.0,19772.0,1.0
17995.0,7851.0,1.0
17995.0,15104.0,1.0
17995.0,19349.0,1.0
1612.0,1613.0,1.0
1612.0,7402.0,1.0
1612.0,13642.0,1.0
1613.0,7126.0,1.0
1613.0,3642.0,1.0
1617.0,1618.0,1.0
1617.0,10189.0,1.0
1617.0,9334.0,1.0
1618.0,7542.0,1.0
1618.0,9334.0,1.0
1618.0,2690.0,1.0
9812.0,2283.0,1.0
9812.0,7732.0,1.0
9812.0,14485.0,1.0
9812.0,10719.0,1.0
9819.0,4107.0,1.0
9819.0,4383.0,1.0
9819.0,7838.0,1.0
9819.0,9984.0,1.0
9820.0,6917.0,1.0
9820.0,6928.0,1.0
18012.0,5658.0,1.0
18012.0,14100.0,1.0
18012.0,14680.0,1.0
18016.0,6968.0,1.0
18016.0,7088.0,1.0
18016.0,22942.0,1.0
9825.0,5884.0,1.0
9825.0,9826.0,1.0
9826.0,7756.0,1.0
18019.0,5757.0,1.0
1638.0,1639.0,1.0
1638.0,18137.0,1.0
18023.0,4811.0,1.0
18023.0,15537.0,1.0
18023.0,18407.0,1.0
18023.0,18213.0,1.0
1639.0,2159.0,1.0
1639.0,6966.0,1.0
1639.0,7600.0,1.0
18025.0,13135.0,1.0
18025.0,14995.0,1.0
18027.0,15969.0,1.0
1643.0,1644.0,1.0
1643.0,6566.0,1.0
1643.0,22871.0,1.0
1644.0,2753.0,1.0
1644.0,11395.0,1.0
18030.0,6794.0,1.0
18030.0,18096.0,1.0
9839.0,3980.0,1.0
9839.0,13552.0,1.0
18032.0,9924.0,1.0
18029.0,12675.0,1.0
18029.0,15205.0,1.0
18029.0,18028.0,1.0
18034.0,6416.0,1.0
18028.0,19098.0,1.0
9844.0,5939.0,1.0
9844.0,9845.0,1.0
9844.0,18220.0,1.0
9845.0,12332.0,1.0
18038.0,10666.0,1.0
18038.0,21169.0,1.0
18038.0,19673.0,1.0
9849.0,2478.0,1.0
9849.0,7145.0,1.0
9849.0,9850.0,1.0
9850.0,7146.0,1.0
9850.0,8142.0,1.0
9850.0,12431.0,1.0
18047.0,5217.0,1.0
18047.0,10278.0,1.0
18047.0,14083.0,1.0
9860.0,2383.0,1.0
9860.0,4274.0,1.0
9860.0,7877.0,1.0
18053.0,14852.0,1.0
18053.0,18154.0,1.0
9862.0,5274.0,1.0
9862.0,5996.0,1.0
9862.0,9863.0,1.0
9862.0,10813.0,1.0
9863.0,7691.0,1.0
18056.0,10179.0,1.0
18056.0,18055.0,1.0
18056.0,18114.0,1.0
9865.0,6600.0,1.0
9865.0,7239.0,1.0
9865.0,13117.0,1.0
18055.0,10178.0,1.0
18055.0,15217.0,1.0
18054.0,11687.0,1.0
18054.0,21070.0,1.0
18071.0,11395.0,1.0
1689.0,1690.0,1.0
1689.0,3642.0,1.0
1689.0,4479.0,1.0
1690.0,3643.0,1.0
9885.0,5938.0,1.0
9885.0,9886.0,1.0
9885.0,15160.0,1.0
18078.0,14513.0,1.0
18078.0,21899.0,1.0
18079.0,3429.0,1.0
18079.0,14230.0,1.0
18080.0,3961.0,1.0
18080.0,14306.0,1.0
18081.0,2555.0,1.0
18081.0,10363.0,1.0
18081.0,14109.0,1.0
9886.0,5939.0,1.0
9886.0,6749.0,1.0
9886.0,12555.0,1.0
1699.0,5375.0,1.0
1700.0,3368.0,1.0
1700.0,15826.0,1.0
1700.0,12774.0,1.0
9894.0,4008.0,1.0
9894.0,4086.0,1.0
9894.0,12320.0,1.0
9894.0,12100.0,1.0
18089.0,19932.0,1.0
9897.0,6883.0,1.0
9897.0,9945.0,1.0
9897.0,15781.0,1.0
18094.0,19249.0,1.0
18096.0,18285.0,1.0
18097.0,2929.0,1.0
18097.0,5591.0,1.0
18097.0,11424.0,1.0
18098.0,2313.0,1.0
18098.0,11631.0,1.0
18098.0,12445.0,1.0
18098.0,12885.0,1.0
9905.0,3629.0,1.0
18100.0,13588.0,1.0
1716.0,1717.0,1.0
1716.0,10476.0,1.0
1716.0,6975.0,1.0
1716.0,14152.0,1.0
9910.0,9911.0,1.0
9911.0,12662.0,1.0
1717.0,19752.0,1.0
18105.0,18396.0,1.0
18105.0,18872.0,1.0
18107.0,16061.0,1.0
18107.0,19957.0,1.0
18107.0,19975.0,1.0
18113.0,3084.0,1.0
18113.0,18382.0,1.0
18113.0,20844.0,1.0
18114.0,10263.0,1.0
18114.0,14852.0,1.0
1731.0,1732.0,1.0
1731.0,3897.0,1.0
1732.0,2282.0,1.0
1732.0,14343.0,1.0
9924.0,14913.0,1.0
18115.0,18116.0,1.0
18116.0,19494.0,1.0
18116.0,22567.0,1.0
1733.0,1734.0,1.0
1733.0,13844.0,1.0
1734.0,10065.0,1.0
1734.0,3813.0,1.0
18117.0,16258.0,1.0
18117.0,18118.0,1.0
1737.0,1738.0,1.0
1737.0,5738.0,1.0
1737.0,15134.0,1.0
1738.0,12877.0,1.0
1738.0,13495.0,1.0
1738.0,13135.0,1.0
1739.0,1740.0,1.0
1739.0,2335.0,1.0
1739.0,15166.0,1.0
1740.0,4824.0,1.0
1740.0,13627.0,1.0
9931.0,4755.0,1.0
9931.0,18308.0,1.0
18125.0,7098.0,1.0
18125.0,7755.0,1.0
18125.0,18126.0,1.0
1743.0,10910.0,1.0
1743.0,7009.0,1.0
9936.0,6804.0,1.0
9936.0,11858.0,1.0
9936.0,13601.0,1.0
18126.0,2569.0,1.0
18126.0,11618.0,1.0
18126.0,18378.0,1.0
18130.0,12542.0,1.0
18130.0,18385.0,1.0
18130.0,22751.0,1.0
9939.0,9940.0,1.0
9939.0,11996.0,1.0
1751.0,3584.0,1.0
1752.0,1753.0,1.0
1752.0,3470.0,1.0
1753.0,3471.0,1.0
9945.0,9946.0,1.0
9945.0,15724.0,1.0
9945.0,12233.0,1.0
9946.0,10783.0,1.0
9946.0,12577.0,1.0
18135.0,11196.0,1.0
18136.0,6732.0,1.0
18136.0,14695.0,1.0
9951.0,8096.0,1.0
9951.0,11251.0,1.0
9951.0,14913.0,1.0
18137.0,2158.0,1.0
18137.0,20600.0,1.0
1754.0,1755.0,1.0
1754.0,5084.0,1.0
1754.0,19063.0,1.0
9952.0,5721.0,1.0
9952.0,7633.0,1.0
9952.0,11176.0,1.0
9952.0,15403.0,1.0
1755.0,6135.0,1.0
1756.0,8153.0,1.0
1756.0,15228.0,1.0
1765.0,1764.0,1.0
1765.0,4193.0,1.0
1765.0,4250.0,1.0
1758.0,1759.0,1.0
1758.0,5770.0,1.0
1758.0,14259.0,1.0
1759.0,3167.0,1.0
1760.0,1761.0,1.0
1760.0,6409.0,1.0
1760.0,7852.0,1.0
1761.0,14878.0,1.0
1761.0,11411.0,1.0
1761.0,3413.0,1.0
9954.0,2727.0,1.0
9954.0,4282.0,1.0
18146.0,11660.0,1.0
18149.0,3450.0,1.0
18149.0,12411.0,1.0
1764.0,7715.0,1.0
1764.0,7906.0,1.0
1764.0,15125.0,1.0
18151.0,12311.0,1.0
18151.0,12344.0,1.0
18151.0,15533.0,1.0
18151.0,18986.0,1.0
9959.0,7598.0,1.0
18153.0,18175.0,1.0
18154.0,5770.0,1.0
18154.0,6902.0,1.0
18155.0,4222.0,1.0
18155.0,4886.0,1.0
18155.0,7565.0,1.0
9965.0,3188.0,1.0
18159.0,4029.0,1.0
18159.0,10444.0,1.0
18159.0,18186.0,1.0
18160.0,19965.0,1.0
18161.0,15416.0,1.0
18161.0,18324.0,1.0
9973.0,2830.0,1.0
9973.0,11799.0,1.0
18167.0,3084.0,1.0
1783.0,1784.0,1.0
1783.0,2968.0,1.0
1783.0,3977.0,1.0
1784.0,4572.0,1.0
1784.0,5419.0,1.0
9980.0,3972.0,1.0
18173.0,5497.0,1.0
18173.0,11362.0,1.0
18175.0,12659.0,1.0
18176.0,12247.0,1.0
18176.0,15918.0,1.0
18176.0,18385.0,1.0
9984.0,10204.0,1.0
9984.0,10905.0,1.0
9984.0,12156.0,1.0
9985.0,5397.0,1.0
9985.0,9986.0,1.0
9985.0,12012.0,1.0
9985.0,13867.0,1.0
1794.0,1795.0,1.0
1794.0,1888.0,1.0
1794.0,5530.0,1.0
1794.0,14820.0,1.0
1795.0,5755.0,1.0
9988.0,4289.0,1.0
9988.0,9989.0,1.0
9989.0,11315.0,1.0
9989.0,13698.0,1.0
9986.0,13204.0,1.0
9986.0,18600.0,1.0
9986.0,18619.0,1.0
18179.0,18221.0,1.0
18183.0,15063.0,1.0
18183.0,22140.0,1.0
1801.0,1802.0,1.0
1801.0,15287.0,1.0
18186.0,10443.0,1.0
18186.0,13320.0,1.0
18186.0,22169.0,1.0
1802.0,3044.0,1.0
1802.0,11917.0,1.0
1802.0,4152.0,1.0
1814.0,2970.0,1.0
1814.0,18265.0,1.0
10012.0,10013.0,1.0
10012.0,11209.0,1.0
10012.0,10341.0,1.0
18205.0,5187.0,1.0
18205.0,10574.0,1.0
10015.0,3383.0,1.0
10015.0,10016.0,1.0
10015.0,14745.0,1.0
1825.0,7110.0,1.0
1825.0,3875.0,1.0
10016.0,5913.0,1.0
10017.0,2331.0,1.0
10017.0,6824.0,1.0
10017.0,10067.0,1.0
18212.0,3882.0,1.0
18212.0,20696.0,1.0
18212.0,20713.0,1.0
18213.0,11152.0,1.0
18213.0,18407.0,1.0
1824.0,1823.0,1.0
1824.0,12157.0,1.0
1823.0,10050.0,1.0
1823.0,15063.0,1.0
18219.0,15776.0,1.0
18219.0,18220.0,1.0
18220.0,12332.0,1.0
10030.0,10031.0,1.0
10030.0,12597.0,1.0
10030.0,12625.0,1.0
18224.0,10608.0,1.0
18224.0,10992.0,1.0
18224.0,22007.0,1.0
1841.0,6380.0,1.0
1841.0,2276.0,1.0
10034.0,11160.0,1.0
18227.0,13676.0,1.0
18227.0,13677.0,1.0
18227.0,15753.0,1.0
18229.0,10830.0,1.0
18229.0,12242.0,1.0
18229.0,12253.0,1.0
10038.0,3390.0,1.0
18233.0,11032.0,1.0
18233.0,19628.0,1.0
10047.0,6941.0,1.0
10047.0,11469.0,1.0
10047.0,13566.0,1.0
10047.0,13912.0,1.0
18242.0,19349.0,1.0
18247.0,10766.0,1.0
18247.0,15969.0,1.0
18247.0,19629.0,1.0
1865.0,1866.0,1.0
1865.0,6663.0,1.0
1865.0,7883.0,1.0
1865.0,3993.0,1.0
1866.0,5290.0,1.0
1866.0,23178.0,1.0
10059.0,7794.0,1.0
10059.0,18891.0,1.0
18252.0,13943.0,1.0
18252.0,14770.0,1.0
18252.0,20549.0,1.0
10065.0,6043.0,1.0
18258.0,5939.0,1.0
18258.0,12555.0,1.0
18258.0,18259.0,1.0
18259.0,12556.0,1.0
18259.0,19194.0,1.0
18259.0,18324.0,1.0
10067.0,7753.0,1.0
18265.0,6395.0,1.0
18265.0,17812.0,1.0
10078.0,4641.0,1.0
10078.0,7087.0,1.0
10078.0,10516.0,1.0
10078.0,11478.0,1.0
1888.0,7678.0,1.0
1888.0,11597.0,1.0
1888.0,3436.0,1.0
10081.0,10082.0,1.0
10081.0,12122.0,1.0
10082.0,4394.0,1.0
10082.0,15097.0,1.0
10082.0,16291.0,1.0
18274.0,6030.0,1.0
18274.0,22173.0,1.0
18276.0,5497.0,1.0
18276.0,7366.0,1.0
10085.0,11475.0,1.0
10085.0,12939.0,1.0
1895.0,3566.0,1.0
10087.0,6750.0,1.0
10087.0,7979.0,1.0
18279.0,5428.0,1.0
18279.0,5429.0,1.0
18279.0,12132.0,1.0
18279.0,15780.0,1.0
18286.0,6394.0,1.0
18286.0,10823.0,1.0
10096.0,6748.0,1.0
10096.0,12269.0,1.0
10096.0,14157.0,1.0
18289.0,19612.0,1.0
18294.0,10134.0,1.0
18294.0,14011.0,1.0
18308.0,13660.0,1.0
18308.0,14992.0,1.0
18308.0,19493.0,1.0
18309.0,15416.0,1.0
18309.0,20808.0,1.0
1930.0,1931.0,1.0
1930.0,6139.0,1.0
1930.0,2114.0,1.0
1931.0,10851.0,1.0
1931.0,7000.0,1.0
18315.0,2375.0,1.0
18315.0,10780.0,1.0
18315.0,18387.0,1.0
10124.0,10125.0,1.0
10124.0,23144.0,1.0
18318.0,4059.0,1.0
18318.0,15223.0,1.0
18318.0,21924.0,1.0
1932.0,1933.0,1.0
1932.0,4250.0,1.0
1932.0,2543.0,1.0
1932.0,13584.0,1.0
18317.0,10407.0,1.0
18317.0,15600.0,1.0
1933.0,14774.0,1.0
18324.0,14027.0,1.0
1941.0,1942.0,1.0
1941.0,14821.0,1.0
1942.0,6279.0,1.0
1942.0,6736.0,1.0
1942.0,3298.0,1.0
18327.0,3030.0,1.0
18327.0,10970.0,1.0
18327.0,13641.0,1.0
18327.0,14572.0,1.0
18326.0,19219.0,1.0
18325.0,5771.0,1.0
18325.0,6135.0,1.0
1946.0,3949.0,1.0
1946.0,11288.0,1.0
1946.0,6723.0,1.0
1947.0,1948.0,1.0
1947.0,5979.0,1.0
1947.0,1974.0,1.0
1948.0,10407.0,1.0
1948.0,12997.0,1.0
10135.0,6540.0,1.0
10135.0,10134.0,1.0
10135.0,22751.0,1.0
10134.0,16165.0,1.0
18335.0,5450.0,1.0
18335.0,5451.0,1.0
10144.0,10143.0,1.0
18338.0,7978.0,1.0
18338.0,11580.0,1.0
18338.0,11692.0,1.0
10147.0,4774.0,1.0
10147.0,10148.0,1.0
10147.0,10196.0,1.0
10148.0,5913.0,1.0
10148.0,11141.0,1.0
10148.0,12320.0,1.0
18343.0,5262.0,1.0
18343.0,10328.0,1.0
18343.0,10708.0,1.0
10156.0,10296.0,1.0
10156.0,23252.0,1.0
1966.0,1967.0,1.0
1966.0,5667.0,1.0
1966.0,7978.0,1.0
1966.0,11686.0,1.0
1967.0,20766.0,1.0
10160.0,10161.0,1.0
10160.0,23253.0,1.0
10161.0,4162.0,1.0
10163.0,10164.0,1.0
10163.0,11631.0,1.0
10163.0,12445.0,1.0
10163.0,10890.0,1.0
18356.0,2154.0,1.0
18356.0,19340.0,1.0
10164.0,6166.0,1.0
10164.0,12182.0,1.0
10164.0,13886.0,1.0
18355.0,8108.0,1.0
18355.0,11773.0,1.0
1973.0,1974.0,1.0
1973.0,5979.0,1.0
1973.0,7947.0,1.0
1974.0,2782.0,1.0
1974.0,12997.0,1.0
1978.0,1979.0,1.0
1978.0,11985.0,1.0
1978.0,22297.0,1.0
1979.0,6070.0,1.0
1979.0,22299.0,1.0
18368.0,3671.0,1.0
18368.0,21839.0,1.0
10178.0,8098.0,1.0
10178.0,10179.0,1.0
10179.0,10263.0,1.0
10180.0,2405.0,1.0
10180.0,13402.0,1.0
1989.0,1990.0,1.0
1989.0,4135.0,1.0
1989.0,5582.0,1.0
1990.0,4136.0,1.0
1990.0,14556.0,1.0
1991.0,1992.0,1.0
1991.0,8072.0,1.0
1991.0,4125.0,1.0
1992.0,2827.0,1.0
18378.0,10443.0,1.0
18378.0,11619.0,1.0
18378.0,22169.0,1.0
18379.0,6902.0,1.0
18379.0,7098.0,1.0
18379.0,14026.0,1.0
1995.0,6753.0,1.0
10189.0,14514.0,1.0
10189.0,19120.0,1.0
18382.0,6945.0,1.0
18382.0,20844.0,1.0
10191.0,7566.0,1.0
10191.0,10388.0,1.0
10191.0,13325.0,1.0
10191.0,13549.0,1.0
10193.0,2344.0,1.0
10193.0,6790.0,1.0
18385.0,22751.0,1.0
18387.0,13109.0,1.0
18387.0,15248.0,1.0
18387.0,20938.0,1.0
10196.0,3195.0,1.0
10196.0,4086.0,1.0
10196.0,12320.0,1.0
10197.0,12718.0,1.0
10197.0,13084.0,1.0
10197.0,11834.0,1.0
18392.0,18393.0,1.0
18392.0,22718.0,1.0
18392.0,22774.0,1.0
18393.0,10587.0,1.0
10204.0,7139.0,1.0
10204.0,7178.0,1.0
10204.0,7320.0,1.0
18396.0,20696.0,1.0
18396.0,20707.0,1.0
10207.0,3044.0,1.0
10207.0,15287.0,1.0
10207.0,10273.0,1.0
18403.0,3725.0,1.0
18403.0,10222.0,1.0
18406.0,3030.0,1.0
18406.0,21840.0,1.0
18407.0,19559.0,1.0
2028.0,13117.0,1.0
2028.0,7665.0,1.0
10220.0,3391.0,1.0
10220.0,5269.0,1.0
10222.0,2196.0,1.0
10222.0,10223.0,1.0
10223.0,6966.0,1.0
2033.0,4636.0,1.0
2033.0,15205.0,1.0
2033.0,14092.0,1.0
18422.0,18423.0,1.0
18422.0,19215.0,1.0
18423.0,20864.0,1.0
18424.0,7429.0,1.0
18424.0,13895.0,1.0
18424.0,14803.0,1.0
2040.0,2041.0,1.0
2040.0,5579.0,1.0
2040.0,5491.0,1.0
2040.0,10241.0,1.0
2041.0,4166.0,1.0
18427.0,18428.0,1.0
18427.0,19215.0,1.0
18428.0,18435.0,1.0
18428.0,19215.0,1.0
10238.0,2736.0,1.0
10238.0,10602.0,1.0
18432.0,23015.0,1.0
10241.0,3769.0,1.0
10241.0,5490.0,1.0
2052.0,2053.0,1.0
2052.0,5268.0,1.0
2052.0,10538.0,1.0
2052.0,14432.0,1.0
2053.0,7761.0,1.0
2053.0,12431.0,1.0
2053.0,8142.0,1.0
10248.0,6346.0,1.0
10248.0,7499.0,1.0
10248.0,10508.0,1.0
10248.0,12658.0,1.0
2064.0,2065.0,1.0
2064.0,15498.0,1.0
2065.0,3839.0,1.0
2065.0,5734.0,1.0
2065.0,12591.0,1.0
10260.0,5524.0,1.0
10260.0,11751.0,1.0
10260.0,19396.0,1.0
10263.0,10264.0,1.0
10264.0,7754.0,1.0
10264.0,14852.0,1.0
10265.0,10266.0,1.0
10265.0,19508.0,1.0
10266.0,23134.0,1.0
10266.0,22983.0,1.0
18460.0,8062.0,1.0
18460.0,18497.0,1.0
2078.0,2235.0,1.0
2078.0,10348.0,1.0
2078.0,22605.0,1.0
10273.0,12402.0,1.0
10274.0,5981.0,1.0
10274.0,10275.0,1.0
10275.0,14703.0,1.0
10277.0,5015.0,1.0
10277.0,19168.0,1.0
10278.0,2159.0,1.0
10278.0,2615.0,1.0
10279.0,2829.0,1.0
10279.0,5513.0,1.0
10279.0,7146.0,1.0
18474.0,12849.0,1.0
18474.0,22222.0,1.0
18474.0,22233.0,1.0
2101.0,2102.0,1.0
2101.0,2890.0,1.0
2102.0,5771.0,1.0
10295.0,7333.0,1.0
10295.0,10296.0,1.0
10295.0,10997.0,1.0
10296.0,7334.0,1.0
10296.0,10961.0,1.0
2109.0,2110.0,1.0
2110.0,11368.0,1.0
18496.0,18497.0,1.0
18496.0,22479.0,1.0
2113.0,2114.0,1.0
2113.0,15075.0,1.0
2114.0,7000.0,1.0
2114.0,7738.0,1.0
2121.0,2122.0,1.0
2121.0,11343.0,1.0
2121.0,13911.0,1.0
2122.0,5517.0,1.0
2125.0,2126.0,1.0
2125.0,2760.0,1.0
2125.0,7094.0,1.0
2125.0,19168.0,1.0
2126.0,4558.0,1.0
2126.0,11460.0,1.0
2126.0,6969.0,1.0
18515.0,4187.0,1.0
18515.0,11983.0,1.0
18515.0,19796.0,1.0
2133.0,2134.0,1.0
2133.0,6744.0,1.0
2133.0,10655.0,1.0
2133.0,10349.0,1.0
2134.0,3131.0,1.0
2134.0,10349.0,1.0
2135.0,2136.0,1.0
2135.0,12251.0,1.0
2136.0,5755.0,1.0
2136.0,5661.0,1.0
2136.0,20964.0,1.0
10327.0,6962.0,1.0
10327.0,18600.0,1.0
10329.0,10328.0,1.0
10329.0,10699.0,1.0
10329.0,10708.0,1.0
10328.0,5665.0,1.0
10328.0,15165.0,1.0
10341.0,10342.0,1.0
10341.0,12625.0,1.0
10342.0,11209.0,1.0
10342.0,22891.0,1.0
2150.0,7600.0,1.0
2150.0,14083.0,1.0
2150.0,5616.0,1.0
2154.0,2155.0,1.0
2154.0,15692.0,1.0
2156.0,2157.0,1.0
2156.0,13368.0,1.0
2156.0,12635.0,1.0
2156.0,12746.0,1.0
10349.0,13454.0,1.0
2157.0,3972.0,1.0
2157.0,6179.0,1.0
2157.0,12832.0,1.0
2159.0,2158.0,1.0
2159.0,5217.0,1.0
10348.0,2234.0,1.0
10348.0,4888.0,1.0
10348.0,14631.0,1.0
10350.0,6053.0,1.0
18541.0,10907.0,1.0
18549.0,4008.0,1.0
18549.0,13083.0,1.0
10363.0,2555.0,1.0
10363.0,2556.0,1.0
10363.0,5274.0,1.0
10363.0,13235.0,1.0
10365.0,5746.0,1.0
10365.0,21465.0,1.0
10375.0,4824.0,1.0
10375.0,15020.0,1.0
10376.0,10377.0,1.0
10376.0,11424.0,1.0
10376.0,11764.0,1.0
10377.0,11425.0,1.0
10384.0,6737.0,1.0
10384.0,14821.0,1.0
10384.0,14513.0,1.0
10386.0,6843.0,1.0
10386.0,10387.0,1.0
10386.0,13528.0,1.0
10387.0,6844.0,1.0
10388.0,12133.0,1.0
10388.0,10887.0,1.0
10388.0,15589.0,1.0
10406.0,10407.0,1.0
18600.0,3530.0,1.0
18600.0,13207.0,1.0
18603.0,13329.0,1.0
2220.0,2221.0,1.0
2220.0,5816.0,1.0
2220.0,5836.0,1.0
2220.0,5228.0,1.0
2221.0,5735.0,1.0
2221.0,4851.0,1.0
2222.0,2223.0,1.0
2222.0,7098.0,1.0
2222.0,14026.0,1.0
2222.0,2570.0,1.0
2223.0,5049.0,1.0
10412.0,2484.0,1.0
10412.0,6883.0,1.0
10412.0,11449.0,1.0
10412.0,15781.0,1.0
18609.0,15883.0,1.0
18609.0,18616.0,1.0
18609.0,23004.0,1.0
10417.0,3152.0,1.0
10417.0,15441.0,1.0
18611.0,12814.0,1.0
18611.0,15601.0,1.0
18605.0,5808.0,1.0
18605.0,13675.0,1.0
18605.0,18622.0,1.0
18617.0,18618.0,1.0
18617.0,18622.0,1.0
18617.0,22800.0,1.0
2234.0,2235.0,1.0
2234.0,2497.0,1.0
2235.0,2977.0,1.0
2235.0,7637.0,1.0
18619.0,13206.0,1.0
10440.0,5395.0,1.0
10440.0,7653.0,1.0
10440.0,13382.0,1.0
2250.0,2251.0,1.0
2250.0,3582.0,1.0
2251.0,4816.0,1.0
2251.0,7009.0,1.0
10444.0,10443.0,1.0
10443.0,2569.0,1.0
10460.0,12811.0,1.0
10460.0,13542.0,1.0
10461.0,4645.0,1.0
10461.0,7531.0,1.0
10461.0,12772.0,1.0
10462.0,6970.0,1.0
10462.0,8152.0,1.0
10462.0,10463.0,1.0
10463.0,10796.0,1.0
10463.0,14074.0,1.0
2269.0,2270.0,1.0
2269.0,12096.0,1.0
2269.0,12627.0,1.0
2270.0,4309.0,1.0
10465.0,7947.0,1.0
2276.0,4132.0,1.0
10474.0,5920.0,1.0
10474.0,12909.0,1.0
10475.0,3299.0,1.0
10475.0,4352.0,1.0
10475.0,4395.0,1.0
2282.0,2283.0,1.0
2282.0,13364.0,1.0
2282.0,14485.0,1.0
2283.0,10718.0,1.0
2283.0,9621.0,1.0
10476.0,11656.0,1.0
10476.0,12933.0,1.0
10477.0,2555.0,1.0
10481.0,5667.0,1.0
10481.0,11409.0,1.0
18674.0,10858.0,1.0
2294.0,12369.0,1.0
18687.0,15934.0,1.0
18696.0,14081.0,1.0
18696.0,14527.0,1.0
2313.0,2312.0,1.0
2313.0,14207.0,1.0
10506.0,6689.0,1.0
10506.0,12044.0,1.0
2312.0,5518.0,1.0
2312.0,5638.0,1.0
2312.0,3263.0,1.0
10508.0,4310.0,1.0
10508.0,12096.0,1.0
10516.0,4640.0,1.0
2331.0,2332.0,1.0
2331.0,6824.0,1.0
2332.0,3119.0,1.0
2332.0,7753.0,1.0
2332.0,3234.0,1.0
2335.0,2336.0,1.0
2335.0,11454.0,1.0
2335.0,15166.0,1.0
2336.0,11454.0,1.0
2336.0,19570.0,1.0
2337.0,2338.0,1.0
2337.0,6637.0,1.0
2338.0,21169.0,1.0
10530.0,7147.0,1.0
10530.0,14212.0,1.0
10530.0,15531.0,1.0
10532.0,10533.0,1.0
10533.0,11193.0,1.0
2344.0,2345.0,1.0
2344.0,6789.0,1.0
2344.0,11183.0,1.0
2345.0,7805.0,1.0
2345.0,11183.0,1.0
10538.0,12554.0,1.0
10556.0,13897.0,1.0
2374.0,2375.0,1.0
2374.0,6939.0,1.0
2374.0,10780.0,1.0
10571.0,2443.0,1.0
10571.0,3107.0,1.0
10573.0,10574.0,1.0
10573.0,15189.0,1.0
10573.0,13999.0,1.0
2382.0,2383.0,1.0
2382.0,7877.0,1.0
2383.0,3565.0,1.0
10574.0,5188.0,1.0
10574.0,14000.0,1.0
10581.0,2649.0,1.0
10581.0,3010.0,1.0
10581.0,13920.0,1.0
10583.0,10584.0,1.0
10584.0,5933.0,1.0
10584.0,11152.0,1.0
10587.0,5652.0,1.0
10587.0,13784.0,1.0
18783.0,18784.0,1.0
18783.0,18871.0,1.0
18783.0,19457.0,1.0
18788.0,11347.0,1.0
18788.0,13382.0,1.0
18788.0,18865.0,1.0
2405.0,2406.0,1.0
2405.0,5953.0,1.0
2405.0,13719.0,1.0
10601.0,3923.0,1.0
10601.0,11376.0,1.0
2414.0,2415.0,1.0
2414.0,14105.0,1.0
2414.0,8107.0,1.0
2415.0,2425.0,1.0
2415.0,12437.0,1.0
10608.0,7096.0,1.0
2418.0,2419.0,1.0
2418.0,2791.0,1.0
2418.0,18903.0,1.0
2419.0,4142.0,1.0
2419.0,7730.0,1.0
2425.0,2426.0,1.0
2425.0,7292.0,1.0
2425.0,19966.0,1.0
2426.0,4879.0,1.0
2426.0,14040.0,1.0
2426.0,19967.0,1.0
10629.0,6166.0,1.0
10629.0,6409.0,1.0
10629.0,7852.0,1.0
18824.0,7794.0,1.0
18824.0,12458.0,1.0
2443.0,11259.0,1.0
2443.0,4200.0,1.0
2446.0,2447.0,1.0
2446.0,2644.0,1.0
2446.0,6968.0,1.0
2446.0,5300.0,1.0
2447.0,20585.0,1.0
2447.0,21822.0,1.0
10640.0,10641.0,1.0
10640.0,12369.0,1.0
10640.0,10822.0,1.0
10641.0,7060.0,1.0
10641.0,11597.0,1.0
10644.0,12659.0,1.0
10644.0,20682.0,1.0
10644.0,22005.0,1.0
2457.0,11657.0,1.0
10655.0,7436.0,1.0
10655.0,10699.0,1.0
10665.0,6439.0,1.0
10665.0,10666.0,1.0
10665.0,11657.0,1.0
10666.0,11657.0,1.0
2474.0,6440.0,1.0
2476.0,2475.0,1.0
2476.0,14501.0,1.0
2475.0,20600.0,1.0
2478.0,12431.0,1.0
18865.0,7653.0,1.0
18865.0,19199.0,1.0
18865.0,20908.0,1.0
18865.0,23192.0,1.0
10675.0,6250.0,1.0
10675.0,22772.0,1.0
2483.0,2484.0,1.0
2483.0,3931.0,1.0
2483.0,15139.0,1.0
2483.0,11449.0,1.0
18869.0,11312.0,1.0
18869.0,12798.0,1.0
18869.0,18870.0,1.0
10678.0,2945.0,1.0
10678.0,19014.0,1.0
18871.0,20713.0,1.0
18873.0,20606.0,1.0
18873.0,20607.0,1.0
18873.0,20742.0,1.0
18873.0,22827.0,1.0
18875.0,18926.0,1.0
2484.0,3932.0,1.0
10686.0,10687.0,1.0
10686.0,11123.0,1.0
10686.0,13156.0,1.0
10687.0,2539.0,1.0
2496.0,2497.0,1.0
2496.0,12834.0,1.0
2497.0,4888.0,1.0
18881.0,11408.0,1.0
18881.0,18882.0,1.0
18881.0,18902.0,1.0
10691.0,5188.0,1.0
10691.0,12321.0,1.0
10691.0,18984.0,1.0
10691.0,15780.0,1.0
18882.0,4316.0,1.0
18882.0,19538.0,1.0
18879.0,15750.0,1.0
18879.0,18887.0,1.0
18879.0,18906.0,1.0
18879.0,18880.0,1.0
10694.0,12573.0,1.0
10694.0,12999.0,1.0
18887.0,18893.0,1.0
18880.0,6397.0,1.0
18880.0,13542.0,1.0
10699.0,7437.0,1.0
18891.0,7794.0,1.0
18891.0,18897.0,1.0
18893.0,12396.0,1.0
18893.0,21069.0,1.0
18896.0,18926.0,1.0
10708.0,5263.0,1.0
10710.0,6525.0,1.0
10710.0,10711.0,1.0
10710.0,11308.0,1.0
10710.0,11762.0,1.0
10711.0,8023.0,1.0
10711.0,13970.0,1.0
18902.0,13585.0,1.0
18902.0,19459.0,1.0
2521.0,2520.0,1.0
2521.0,7596.0,1.0
2521.0,4296.0,1.0
2521.0,21036.0,1.0
2520.0,3547.0,1.0
2520.0,7498.0,1.0
2520.0,22342.0,1.0
2524.0,2525.0,1.0
2524.0,11454.0,1.0
2524.0,15166.0,1.0
2525.0,4677.0,1.0
2525.0,13627.0,1.0
10718.0,10719.0,1.0
10719.0,5017.0,1.0
10719.0,19784.0,1.0
18906.0,15750.0,1.0
10721.0,4382.0,1.0
10721.0,5383.0,1.0
10721.0,6479.0,1.0
10721.0,12214.0,1.0
10722.0,7738.0,1.0
10722.0,12632.0,1.0
10722.0,19800.0,1.0
2537.0,2538.0,1.0
2537.0,7270.0,1.0
2537.0,12349.0,1.0
2538.0,6026.0,1.0
2538.0,12520.0,1.0
2538.0,7270.0,1.0
2539.0,2540.0,1.0
2539.0,14075.0,1.0
2539.0,21833.0,1.0
2540.0,11985.0,1.0
2540.0,15224.0,1.0
10733.0,3945.0,1.0
10733.0,10874.0,1.0
18927.0,14142.0,1.0
2543.0,2544.0,1.0
2543.0,6933.0,1.0
2544.0,13584.0,1.0
2549.0,2550.0,1.0
2549.0,6029.0,1.0
2549.0,10888.0,1.0
2549.0,20552.0,1.0
2550.0,7061.0,1.0
2550.0,10823.0,1.0
18935.0,14695.0,1.0
10744.0,13386.0,1.0
2555.0,2556.0,1.0
2555.0,14110.0,1.0
10748.0,4644.0,1.0
10748.0,5270.0,1.0
10748.0,10749.0,1.0
10749.0,4645.0,1.0
10749.0,14038.0,1.0
18943.0,5428.0,1.0
18943.0,14327.0,1.0
18943.0,18944.0,1.0
18944.0,4337.0,1.0
18944.0,12822.0,1.0
18944.0,22640.0,1.0
10747.0,2665.0,1.0
10747.0,4491.0,1.0
10747.0,6701.0,1.0
10747.0,14778.0,1.0
10752.0,5411.0,1.0
10756.0,7160.0,1.0
10756.0,10757.0,1.0
2569.0,2570.0,1.0
2569.0,7098.0,1.0
2570.0,5049.0,1.0
18957.0,5531.0,1.0
18958.0,7138.0,1.0
18958.0,15826.0,1.0
10766.0,19014.0,1.0
10766.0,19629.0,1.0
10779.0,10780.0,1.0
10783.0,13199.0,1.0
10783.0,12233.0,1.0
18984.0,12321.0,1.0
18984.0,15489.0,1.0
18984.0,19629.0,1.0
18986.0,18990.0,1.0
18986.0,20691.0,1.0
18988.0,18989.0,1.0
18988.0,18991.0,1.0
18988.0,18990.0,1.0
18989.0,18990.0,1.0
18989.0,20660.0,1.0
18991.0,7126.0,1.0
18991.0,20664.0,1.0
10796.0,8152.0,1.0
2607.0,2608.0,1.0
2608.0,13912.0,1.0
10802.0,2980.0,1.0
10802.0,12186.0,1.0
18996.0,18997.0,1.0
18996.0,19011.0,1.0
18996.0,19013.0,1.0
18997.0,19013.0,1.0
18997.0,22752.0,1.0
2615.0,3457.0,1.0
10810.0,10811.0,1.0
10810.0,14583.0,1.0
2618.0,20775.0,1.0
10813.0,4194.0,1.0
10813.0,20987.0,1.0
10814.0,4553.0,1.0
10814.0,7320.0,1.0
19008.0,7634.0,1.0
10821.0,10822.0,1.0
10821.0,12369.0,1.0
10822.0,11597.0,1.0
2630.0,7438.0,1.0
19014.0,12132.0,1.0
19014.0,15780.0,1.0
19015.0,4338.0,1.0
19015.0,15509.0,1.0
19015.0,19016.0,1.0
19018.0,4337.0,1.0
19013.0,19212.0,1.0
19013.0,20643.0,1.0
10823.0,6029.0,1.0
10830.0,6387.0,1.0
10830.0,6789.0,1.0
10830.0,14891.0,1.0
2644.0,6179.0,1.0
2644.0,12832.0,1.0
19030.0,14769.0,1.0
19030.0,19031.0,1.0
2649.0,2650.0,1.0
2650.0,13717.0,1.0
2650.0,6750.0,1.0
19039.0,10999.0,1.0
19039.0,22567.0,1.0
10848.0,10847.0,1.0
10848.0,14231.0,1.0
10847.0,2670.0,1.0
10851.0,14464.0,1.0
19045.0,3628.0,1.0
2664.0,2665.0,1.0
2664.0,4491.0,1.0
10858.0,4142.0,1.0
2666.0,6826.0,1.0
2665.0,6702.0,1.0
2665.0,3959.0,1.0
10861.0,12044.0,1.0
10861.0,13272.0,1.0
10861.0,20885.0,1.0
2669.0,2670.0,1.0
2669.0,3549.0,1.0
2669.0,12848.0,1.0
2669.0,11801.0,1.0
2670.0,3601.0,1.0
10857.0,12397.0,1.0
10857.0,21069.0,1.0
10874.0,5813.0,1.0
10881.0,4471.0,1.0
10881.0,5483.0,1.0
2689.0,2690.0,1.0
2689.0,19120.0,1.0
2689.0,19783.0,1.0
2690.0,10907.0,1.0
2695.0,7320.0,1.0
2695.0,7178.0,1.0
10887.0,3977.0,1.0
10887.0,11125.0,1.0
10890.0,7500.0,1.0
10890.0,11966.0,1.0
10890.0,13886.0,1.0
10889.0,6923.0,1.0
10889.0,7061.0,1.0
10889.0,10888.0,1.0
10888.0,7669.0,1.0
10888.0,20552.0,1.0
10893.0,4295.0,1.0
10893.0,4879.0,1.0
10893.0,14040.0,1.0
19088.0,19089.0,1.0
19089.0,6502.0,1.0
10896.0,1138.0,1.0
10896.0,7366.0,1.0
10896.0,11596.0,1.0
19094.0,15295.0,1.0
19094.0,20683.0,1.0
10905.0,4383.0,1.0
10905.0,7320.0,1.0
19098.0,12674.0,1.0
10907.0,10908.0,1.0
10907.0,19783.0,1.0
10910.0,13920.0,1.0
19104.0,13199.0,1.0
10913.0,13959.0,1.0
19109.0,11902.0,1.0
19109.0,22503.0,1.0
2727.0,2728.0,1.0
2728.0,11315.0,1.0
2728.0,4282.0,1.0
2728.0,7155.0,1.0
19111.0,3769.0,1.0
2732.0,5554.0,1.0
2732.0,13401.0,1.0
2732.0,14162.0,1.0
2736.0,13590.0,1.0
19120.0,12382.0,1.0
10929.0,10928.0,1.0
10929.0,12349.0,1.0
10928.0,6050.0,1.0
10928.0,12272.0,1.0
19129.0,4649.0,1.0
2749.0,8091.0,1.0
2749.0,11638.0,1.0
2752.0,5879.0,1.0
2752.0,5695.0,1.0
2753.0,2822.0,1.0
2753.0,7147.0,1.0
2753.0,6566.0,1.0
19140.0,3951.0,1.0
2760.0,4499.0,1.0
2760.0,4558.0,1.0
10955.0,4250.0,1.0
10955.0,8096.0,1.0
10955.0,14712.0,1.0
10961.0,12341.0,1.0
19157.0,19158.0,1.0
19157.0,21914.0,1.0
10970.0,5491.0,1.0
10970.0,21839.0,1.0
2782.0,2783.0,1.0
2782.0,5628.0,1.0
19167.0,13346.0,1.0
19168.0,4499.0,1.0
19168.0,14189.0,1.0
2783.0,12997.0,1.0
2783.0,14377.0,1.0
10978.0,12464.0,1.0
2790.0,2791.0,1.0
2791.0,3449.0,1.0
19181.0,6941.0,1.0
19181.0,13912.0,1.0
19184.0,19185.0,1.0
19184.0,19186.0,1.0
19184.0,19997.0,1.0
19185.0,19991.0,1.0
19185.0,20583.0,1.0
10994.0,3893.0,1.0
10994.0,11580.0,1.0
10994.0,11692.0,1.0
19187.0,19188.0,1.0
19187.0,20582.0,1.0
19187.0,22647.0,1.0
19188.0,20578.0,1.0
19188.0,22803.0,1.0
19190.0,19189.0,1.0
19190.0,22812.0,1.0
19190.0,22807.0,1.0
10999.0,6600.0,1.0
10999.0,7239.0,1.0
19193.0,19192.0,1.0
19193.0,19952.0,1.0
19193.0,20910.0,1.0
19192.0,19508.0,1.0
19194.0,11619.0,1.0
19194.0,14027.0,1.0
19194.0,22169.0,1.0
2818.0,2819.0,1.0
2818.0,5153.0,1.0
2818.0,11344.0,1.0
2818.0,23013.0,1.0
2818.0,23017.0,1.0
2819.0,3040.0,1.0
2819.0,7177.0,1.0
19207.0,16279.0,1.0
11014.0,3549.0,1.0
11014.0,11801.0,1.0
11017.0,3774.0,1.0
19210.0,19211.0,1.0
19211.0,19220.0,1.0
19212.0,21800.0,1.0
19212.0,22785.0,1.0
11021.0,4310.0,1.0
11021.0,11020.0,1.0
11021.0,12043.0,1.0
11022.0,11023.0,1.0
11023.0,14694.0,1.0
11024.0,3999.0,1.0
2831.0,13470.0,1.0
2831.0,15509.0,1.0
2831.0,6944.0,1.0
19215.0,12597.0,1.0
19219.0,19218.0,1.0
19219.0,19222.0,1.0
19219.0,23215.0,1.0
19218.0,19222.0,1.0
19218.0,23214.0,1.0
19220.0,14844.0,1.0
19220.0,21241.0,1.0
2830.0,2829.0,1.0
2830.0,3909.0,1.0
11032.0,5883.0,1.0
11041.0,5027.0,1.0
11041.0,11042.0,1.0
19240.0,19241.0,1.0
19240.0,20809.0,1.0
11050.0,3628.0,1.0
11050.0,4103.0,1.0
11050.0,6693.0,1.0
19244.0,19249.0,1.0
19249.0,22011.0,1.0
19250.0,21955.0,1.0
19250.0,23003.0,1.0
19252.0,3110.0,1.0
11064.0,11065.0,1.0
11065.0,19617.0,1.0
19258.0,16308.0,1.0
19258.0,21915.0,1.0
11074.0,2828.0,1.0
11074.0,2904.0,1.0
11074.0,14544.0,1.0
19274.0,11667.0,1.0
2890.0,11773.0,1.0
2903.0,2827.0,1.0
2903.0,2904.0,1.0
2903.0,6307.0,1.0
2903.0,12293.0,1.0
2904.0,13262.0,1.0
2921.0,2922.0,1.0
2921.0,6752.0,1.0
2921.0,22861.0,1.0
2921.0,22951.0,1.0
2922.0,15441.0,1.0
2922.0,22863.0,1.0
11119.0,7528.0,1.0
11119.0,12898.0,1.0
2929.0,14209.0,1.0
11123.0,5881.0,1.0
11123.0,14075.0,1.0
11123.0,22298.0,1.0
11125.0,12133.0,1.0
11132.0,7756.0,1.0
11132.0,11133.0,1.0
11132.0,11335.0,1.0
11133.0,7757.0,1.0
11133.0,13006.0,1.0
19325.0,13045.0,1.0
2945.0,2946.0,1.0
2946.0,12132.0,1.0
2946.0,6917.0,1.0
11141.0,4389.0,1.0
11141.0,6346.0,1.0
11141.0,7499.0,1.0
11142.0,11143.0,1.0
11142.0,21109.0,1.0
11145.0,3709.0,1.0
19338.0,14891.0,1.0
19340.0,19341.0,1.0
19340.0,21273.0,1.0
11149.0,6003.0,1.0
11152.0,4811.0,1.0
11152.0,13222.0,1.0
2961.0,2962.0,1.0
2961.0,6435.0,1.0
2961.0,15314.0,1.0
2962.0,7850.0,1.0
2962.0,15104.0,1.0
2962.0,6436.0,1.0
19349.0,7851.0,1.0
19351.0,19352.0,1.0
19351.0,22478.0,1.0
19352.0,19358.0,1.0
2968.0,4572.0,1.0
11159.0,5269.0,1.0
11159.0,6343.0,1.0
11159.0,7761.0,1.0
11159.0,11160.0,1.0
2970.0,2969.0,1.0
2970.0,17812.0,1.0
2969.0,3069.0,1.0
2969.0,12157.0,1.0
2977.0,13954.0,1.0
2977.0,14318.0,1.0
2980.0,2981.0,1.0
2980.0,15646.0,1.0
2981.0,7663.0,1.0
2981.0,6663.0,1.0
2982.0,2983.0,1.0
2982.0,12312.0,1.0
2983.0,3518.0,1.0
2983.0,22320.0,1.0
11176.0,8010.0,1.0
11176.0,11175.0,1.0
11176.0,14581.0,1.0
11177.0,11178.0,1.0
11177.0,12258.0,1.0
11175.0,3931.0,1.0
11175.0,15658.0,1.0
11175.0,15403.0,1.0
2989.0,2990.0,1.0
2990.0,11809.0,1.0
2990.0,15531.0,1.0
11183.0,11184.0,1.0
11184.0,13950.0,1.0
11186.0,7109.0,1.0
11186.0,11187.0,1.0
11187.0,13877.0,1.0
11187.0,15289.0,1.0
11193.0,6704.0,1.0
11193.0,7614.0,1.0
11194.0,7756.0,1.0
11194.0,12723.0,1.0
11194.0,19731.0,1.0
11196.0,11197.0,1.0
11196.0,14083.0,1.0
3009.0,3010.0,1.0
3009.0,13920.0,1.0
3010.0,7111.0,1.0
3010.0,14118.0,1.0
19396.0,6126.0,1.0
19396.0,13157.0,1.0
11209.0,22653.0,1.0
11209.0,22891.0,1.0
3021.0,3022.0,1.0
3022.0,3458.0,1.0
3029.0,3030.0,1.0
3029.0,15883.0,1.0
11223.0,6459.0,1.0
19421.0,7531.0,1.0
3040.0,11344.0,1.0
3040.0,7178.0,1.0
3043.0,3044.0,1.0
3044.0,4151.0,1.0
3045.0,3046.0,1.0
3045.0,5344.0,1.0
3045.0,3893.0,1.0
3046.0,4824.0,1.0
3046.0,11488.0,1.0
19431.0,7732.0,1.0
19431.0,19784.0,1.0
11240.0,14318.0,1.0
3050.0,7064.0,1.0
3050.0,14209.0,1.0
3055.0,3056.0,1.0
3055.0,5440.0,1.0
3055.0,8164.0,1.0
3056.0,12380.0,1.0
3056.0,12134.0,1.0
11251.0,5306.0,1.0
11251.0,6093.0,1.0
11259.0,3107.0,1.0
11259.0,6525.0,1.0
11259.0,11762.0,1.0
3069.0,3070.0,1.0
19459.0,13585.0,1.0
3084.0,3085.0,1.0
19469.0,19491.0,1.0
19469.0,19487.0,1.0
19469.0,19651.0,1.0
19473.0,19474.0,1.0
19473.0,19660.0,1.0
19473.0,19492.0,1.0
19473.0,19487.0,1.0
19474.0,21875.0,1.0
19474.0,21072.0,1.0
19474.0,19488.0,1.0
19475.0,19476.0,1.0
19475.0,19479.0,1.0
19475.0,19481.0,1.0
19475.0,19495.0,1.0
19477.0,5766.0,1.0
19477.0,19490.0,1.0
19477.0,19489.0,1.0
19477.0,22861.0,1.0
19478.0,5934.0,1.0
11288.0,13676.0,1.0
11288.0,22607.0,1.0
19481.0,19483.0,1.0
19481.0,22840.0,1.0
19482.0,19483.0,1.0
19482.0,22559.0,1.0
19482.0,19932.0,1.0
19483.0,19495.0,1.0
19486.0,19487.0,1.0
19486.0,19660.0,1.0
19487.0,19488.0,1.0
19488.0,19595.0,1.0
19488.0,19491.0,1.0
19489.0,15947.0,1.0
19489.0,19492.0,1.0
19489.0,22900.0,1.0
19490.0,22900.0,1.0
19490.0,22860.0,1.0
3107.0,3108.0,1.0
3108.0,5901.0,1.0
3108.0,5482.0,1.0
19493.0,19492.0,1.0
19493.0,21874.0,1.0
19493.0,21072.0,1.0
19492.0,19671.0,1.0
19491.0,19498.0,1.0
19491.0,22886.0,1.0
19498.0,19499.0,1.0
19498.0,22880.0,1.0
19499.0,5934.0,1.0
19499.0,19807.0,1.0
11308.0,4046.0,1.0
11308.0,6524.0,1.0
11308.0,13970.0,1.0
3109.0,3110.0,1.0
19503.0,19504.0,1.0
19503.0,22900.0,1.0
19504.0,22860.0,1.0
11312.0,15134.0,1.0
3119.0,4880.0,1.0
3119.0,6972.0,1.0
3119.0,12040.0,1.0
11315.0,8158.0,1.0
19508.0,22983.0,1.0
3131.0,12321.0,1.0
3131.0,7436.0,1.0
19519.0,16308.0,1.0
11331.0,4569.0,1.0
11331.0,11332.0,1.0
11331.0,11641.0,1.0
11332.0,4570.0,1.0
11332.0,13852.0,1.0
19527.0,12015.0,1.0
11335.0,5884.0,1.0
11335.0,6849.0,1.0
11335.0,13006.0,1.0
11343.0,5524.0,1.0
11343.0,6126.0,1.0
11344.0,7240.0,1.0
3153.0,3152.0,1.0
3153.0,7583.0,1.0
3153.0,14257.0,1.0
3152.0,4755.0,1.0
3152.0,6752.0,1.0
3152.0,22948.0,1.0
11347.0,3709.0,1.0
11347.0,14284.0,1.0
3158.0,3614.0,1.0
3158.0,14243.0,1.0
3158.0,7190.0,1.0
11352.0,15365.0,1.0
11353.0,3436.0,1.0
11353.0,5531.0,1.0
11353.0,7698.0,1.0
11353.0,14438.0,1.0
3167.0,5770.0,1.0
3167.0,6902.0,1.0
3167.0,14026.0,1.0
3168.0,3169.0,1.0
3168.0,7979.0,1.0
3168.0,4130.0,1.0
3168.0,13424.0,1.0
3169.0,6750.0,1.0
19559.0,22133.0,1.0
11368.0,11369.0,1.0
11368.0,15798.0,1.0
11369.0,4231.0,1.0
11369.0,6551.0,1.0
3176.0,3177.0,1.0
3176.0,4289.0,1.0
3176.0,3614.0,1.0
3177.0,13623.0,1.0
11376.0,3924.0,1.0
11376.0,8094.0,1.0
11376.0,11560.0,1.0
11377.0,5016.0,1.0
11377.0,5627.0,1.0
19570.0,14727.0,1.0
11379.0,6804.0,1.0
11379.0,13670.0,1.0
11379.0,21109.0,1.0
3187.0,3188.0,1.0
3187.0,15365.0,1.0
3194.0,3195.0,1.0
3194.0,4087.0,1.0
3195.0,4774.0,1.0
3195.0,4086.0,1.0
11389.0,3896.0,1.0
19594.0,13623.0,1.0
3211.0,3212.0,1.0
3212.0,6803.0,1.0
19595.0,19807.0,1.0
19595.0,21875.0,1.0
11408.0,7107.0,1.0
11409.0,5666.0,1.0
11411.0,11412.0,1.0
11411.0,14207.0,1.0
3223.0,3224.0,1.0
3223.0,3949.0,1.0
3223.0,6723.0,1.0
3223.0,4955.0,1.0
3224.0,12234.0,1.0
19609.0,7597.0,1.0
19609.0,20946.0,1.0
19612.0,13743.0,1.0
19612.0,14647.0,1.0
11424.0,11425.0,1.0
11424.0,12250.0,1.0
11425.0,4240.0,1.0
11425.0,5591.0,1.0
3234.0,12040.0,1.0
3234.0,6492.0,1.0
19624.0,13165.0,1.0
19628.0,19646.0,1.0
19628.0,19636.0,1.0
19628.0,22887.0,1.0
19636.0,22798.0,1.0
19636.0,22887.0,1.0
11447.0,11448.0,1.0
11447.0,21289.0,1.0
11447.0,22761.0,1.0
11448.0,6249.0,1.0
11448.0,6952.0,1.0
11448.0,12562.0,1.0
11449.0,6882.0,1.0
11449.0,13768.0,1.0
11454.0,3319.0,1.0
19646.0,5883.0,1.0
3263.0,3262.0,1.0
3263.0,7288.0,1.0
3262.0,3996.0,1.0
3262.0,4733.0,1.0
11457.0,5439.0,1.0
11457.0,6436.0,1.0
19651.0,19652.0,1.0
11460.0,7094.0,1.0
19652.0,22886.0,1.0
11459.0,3382.0,1.0
11459.0,6698.0,1.0
11459.0,13458.0,1.0
19660.0,19671.0,1.0
11469.0,12490.0,1.0
11469.0,15298.0,1.0
11475.0,5836.0,1.0
11478.0,16183.0,1.0
19671.0,22900.0,1.0
19673.0,19674.0,1.0
11488.0,5344.0,1.0
3298.0,3299.0,1.0
3299.0,4353.0,1.0
19682.0,13535.0,1.0
11493.0,3715.0,1.0
11493.0,5514.0,1.0
11493.0,13559.0,1.0
11494.0,5487.0,1.0
11497.0,3429.0,1.0
11497.0,5015.0,1.0
11498.0,6601.0,1.0
657.0,4431.0,1.0
657.0,6649.0,1.0
657.0,7850.0,1.0
3319.0,15158.0,1.0
19705.0,19706.0,1.0
19706.0,5657.0,1.0
19706.0,14100.0,1.0
19707.0,12724.0,1.0
19707.0,19727.0,1.0
3330.0,11550.0,1.0
19715.0,14100.0,1.0
19715.0,19731.0,1.0
19736.0,7757.0,1.0
11550.0,20842.0,1.0
11553.0,15487.0,1.0
3361.0,3362.0,1.0
3361.0,14297.0,1.0
3361.0,6755.0,1.0
3362.0,6053.0,1.0
3362.0,4812.0,1.0
3362.0,14778.0,1.0
3368.0,13424.0,1.0
3368.0,7838.0,1.0
3368.0,15335.0,1.0
11561.0,5626.0,1.0
11561.0,11560.0,1.0
11561.0,12217.0,1.0
11561.0,12537.0,1.0
11560.0,8095.0,1.0
3381.0,3382.0,1.0
3381.0,13458.0,1.0
3383.0,3384.0,1.0
3383.0,6768.0,1.0
3384.0,5913.0,1.0
3384.0,4774.0,1.0
19770.0,19771.0,1.0
19770.0,22720.0,1.0
19770.0,22814.0,1.0
11579.0,3614.0,1.0
11579.0,4289.0,1.0
11579.0,7190.0,1.0
11579.0,13698.0,1.0
11580.0,3892.0,1.0
3391.0,3390.0,1.0
3391.0,5268.0,1.0
3391.0,4724.0,1.0
19779.0,3781.0,1.0
19779.0,19781.0,1.0
19782.0,19783.0,1.0
3400.0,5996.0,1.0
3400.0,15248.0,1.0
11592.0,12811.0,1.0
11592.0,11810.0,1.0
19793.0,5483.0,1.0
19796.0,13421.0,1.0
3413.0,3414.0,1.0
3413.0,6409.0,1.0
3414.0,5084.0,1.0
19800.0,12219.0,1.0
19806.0,13454.0,1.0
19807.0,5933.0,1.0
19807.0,20616.0,1.0
11618.0,7755.0,1.0
11618.0,11619.0,1.0
11618.0,12473.0,1.0
11619.0,12556.0,1.0
3428.0,3429.0,1.0
3428.0,4135.0,1.0
3428.0,14230.0,1.0
3428.0,7501.0,1.0
3429.0,4136.0,1.0
19816.0,4553.0,1.0
19818.0,12220.0,1.0
3436.0,5530.0,1.0
11632.0,3599.0,1.0
11632.0,12411.0,1.0
11637.0,11638.0,1.0
11638.0,6612.0,1.0
3447.0,13874.0,1.0
3449.0,3450.0,1.0
3450.0,7730.0,1.0
11641.0,13852.0,1.0
3456.0,7064.0,1.0
3457.0,3737.0,1.0
3457.0,14501.0,1.0
3458.0,3721.0,1.0
3470.0,3471.0,1.0
3470.0,6843.0,1.0
3471.0,16026.0,1.0
3474.0,3475.0,1.0
3474.0,5630.0,1.0
3474.0,6513.0,1.0
3475.0,5004.0,1.0
11666.0,11667.0,1.0
11666.0,12926.0,1.0
11670.0,6681.0,1.0
11670.0,11671.0,1.0
11670.0,13331.0,1.0
11671.0,13435.0,1.0
11671.0,13014.0,1.0
11677.0,11678.0,1.0
11678.0,14356.0,1.0
11686.0,5666.0,1.0
11687.0,14011.0,1.0
11691.0,11692.0,1.0
11691.0,15082.0,1.0
3502.0,3503.0,1.0
3502.0,13867.0,1.0
3502.0,13169.0,1.0
3503.0,6819.0,1.0
3503.0,13204.0,1.0
3514.0,12577.0,1.0
11707.0,12912.0,1.0
11707.0,20568.0,1.0
3515.0,3516.0,1.0
3516.0,13458.0,1.0
3518.0,14066.0,1.0
3519.0,14211.0,1.0
3519.0,7092.0,1.0
19905.0,15156.0,1.0
19905.0,20112.0,1.0
19905.0,20919.0,1.0
3530.0,3531.0,1.0
3530.0,13204.0,1.0
3532.0,5265.0,1.0
11725.0,4329.0,1.0
11725.0,13642.0,1.0
19931.0,19932.0,1.0
19932.0,21241.0,1.0
3548.0,3549.0,1.0
3549.0,13149.0,1.0
3547.0,15409.0,1.0
3547.0,19965.0,1.0
3556.0,15170.0,1.0
3556.0,15205.0,1.0
11751.0,11020.0,1.0
11751.0,13124.0,1.0
11751.0,12884.0,1.0
3565.0,3566.0,1.0
19952.0,19953.0,1.0
19952.0,22780.0,1.0
19953.0,19955.0,1.0
19953.0,20813.0,1.0
11762.0,21766.0,1.0
19955.0,20947.0,1.0
19955.0,20813.0,1.0
11764.0,4566.0,1.0
11764.0,7932.0,1.0
19957.0,14040.0,1.0
19957.0,19967.0,1.0
19957.0,19970.0,1.0
11773.0,7601.0,1.0
3582.0,3583.0,1.0
3582.0,3773.0,1.0
3583.0,4816.0,1.0
19966.0,19967.0,1.0
19967.0,16061.0,1.0
19970.0,7497.0,1.0
19970.0,19965.0,1.0
19970.0,19975.0,1.0
19965.0,7498.0,1.0
3584.0,12542.0,1.0
19979.0,22809.0,1.0
19979.0,22813.0,1.0
3598.0,3599.0,1.0
3598.0,4194.0,1.0
3598.0,6111.0,1.0
3599.0,6112.0,1.0
3601.0,14231.0,1.0
3601.0,7959.0,1.0
3601.0,14194.0,1.0
11794.0,4644.0,1.0
11794.0,12772.0,1.0
19989.0,19990.0,1.0
19989.0,19997.0,1.0
19990.0,22809.0,1.0
19991.0,19992.0,1.0
19992.0,20645.0,1.0
19992.0,20644.0,1.0
11799.0,20133.0,1.0
19997.0,21807.0,1.0
3614.0,13623.0,1.0
11809.0,5818.0,1.0
11809.0,12604.0,1.0
11810.0,6396.0,1.0
20008.0,20012.0,1.0
3628.0,3629.0,1.0
3628.0,13275.0,1.0
3629.0,4103.0,1.0
11828.0,5289.0,1.0
11828.0,5344.0,1.0
3638.0,3639.0,1.0
3639.0,7944.0,1.0
3639.0,15533.0,1.0
3642.0,3643.0,1.0
3642.0,20659.0,1.0
11834.0,11833.0,1.0
3649.0,3650.0,1.0
3649.0,12187.0,1.0
11842.0,5904.0,1.0
11842.0,12491.0,1.0
3650.0,5524.0,1.0
3650.0,5339.0,1.0
3650.0,13911.0,1.0
11850.0,4435.0,1.0
11850.0,6459.0,1.0
3660.0,3661.0,1.0
3660.0,5583.0,1.0
3660.0,13828.0,1.0
3661.0,7501.0,1.0
3671.0,3672.0,1.0
3681.0,3682.0,1.0
3682.0,12469.0,1.0
3685.0,3686.0,1.0
3685.0,22503.0,1.0
3698.0,3699.0,1.0
3698.0,5439.0,1.0
3699.0,7850.0,1.0
3700.0,3701.0,1.0
3700.0,4648.0,1.0
3700.0,4575.0,1.0
3700.0,12008.0,1.0
3701.0,14276.0,1.0
3701.0,13329.0,1.0
3701.0,4649.0,1.0
3709.0,3710.0,1.0
3710.0,5935.0,1.0
3710.0,13382.0,1.0
3715.0,3716.0,1.0
3715.0,6343.0,1.0
3715.0,6974.0,1.0
11917.0,8097.0,1.0
3726.0,3725.0,1.0
3726.0,13220.0,1.0
3726.0,17759.0,1.0
3737.0,5720.0,1.0
3737.0,6023.0,1.0
20133.0,4435.0,1.0
11948.0,7393.0,1.0
11948.0,13306.0,1.0
11959.0,8125.0,1.0
11959.0,13777.0,1.0
3769.0,3770.0,1.0
3770.0,4273.0,1.0
3773.0,3774.0,1.0
3774.0,13800.0,1.0
11966.0,12043.0,1.0
11966.0,12445.0,1.0
11966.0,12658.0,1.0
3778.0,3779.0,1.0
3778.0,20692.0,1.0
3778.0,22603.0,1.0
3779.0,4524.0,1.0
3779.0,22604.0,1.0
3780.0,3781.0,1.0
3780.0,12843.0,1.0
3780.0,15440.0,1.0
11983.0,13891.0,1.0
11985.0,14747.0,1.0
11996.0,13674.0,1.0
11998.0,11999.0,1.0
11999.0,6564.0,1.0
11999.0,12253.0,1.0
3813.0,3814.0,1.0
3813.0,6043.0,1.0
3813.0,13844.0,1.0
3814.0,13844.0,1.0
3814.0,14694.0,1.0
12008.0,5657.0,1.0
12008.0,12015.0,1.0
12008.0,13329.0,1.0
12015.0,12537.0,1.0
3838.0,3839.0,1.0
3838.0,15498.0,1.0
12040.0,14165.0,1.0
3851.0,3852.0,1.0
3851.0,5982.0,1.0
3852.0,15323.0,1.0
3853.0,15924.0,1.0
12044.0,15887.0,1.0
12043.0,12884.0,1.0
3875.0,3876.0,1.0
3875.0,12641.0,1.0
3876.0,14613.0,1.0
3882.0,13716.0,1.0
3887.0,3888.0,1.0
3892.0,3893.0,1.0
3892.0,4665.0,1.0
3893.0,4666.0,1.0
3896.0,3897.0,1.0
3897.0,14343.0,1.0
12096.0,4309.0,1.0
3907.0,3908.0,1.0
12100.0,4087.0,1.0
12100.0,13083.0,1.0
3909.0,3910.0,1.0
3909.0,12356.0,1.0
3910.0,4765.0,1.0
3910.0,4348.0,1.0
3910.0,12899.0,1.0
3908.0,4280.0,1.0
3919.0,3920.0,1.0
3919.0,7531.0,1.0
3919.0,4645.0,1.0
3920.0,4017.0,1.0
3920.0,14863.0,1.0
3920.0,22322.0,1.0
3923.0,3924.0,1.0
3923.0,15956.0,1.0
3931.0,3932.0,1.0
3932.0,5785.0,1.0
3932.0,15927.0,1.0
12134.0,8164.0,1.0
12134.0,20600.0,1.0
3945.0,6732.0,1.0
3949.0,22611.0,1.0
3951.0,3952.0,1.0
3951.0,6794.0,1.0
3952.0,5487.0,1.0
3952.0,14012.0,1.0
12145.0,14900.0,1.0
3959.0,3960.0,1.0
3959.0,7150.0,1.0
3960.0,6702.0,1.0
3960.0,12682.0,1.0
3960.0,22297.0,1.0
3961.0,3962.0,1.0
12156.0,7139.0,1.0
12156.0,7838.0,1.0
12156.0,15335.0,1.0
12157.0,17812.0,1.0
12162.0,5412.0,1.0
12162.0,8098.0,1.0
3972.0,12745.0,1.0
12169.0,4199.0,1.0
12169.0,13070.0,1.0
12169.0,12926.0,1.0
3977.0,3978.0,1.0
3979.0,3980.0,1.0
3980.0,7542.0,1.0
3981.0,3982.0,1.0
3981.0,5449.0,1.0
3982.0,12253.0,1.0
3982.0,7508.0,1.0
3978.0,16223.0,1.0
3978.0,13275.0,1.0
3986.0,3987.0,1.0
3986.0,4532.0,1.0
3986.0,6753.0,1.0
3987.0,6754.0,1.0
12182.0,7852.0,1.0
3993.0,3994.0,1.0
3993.0,4927.0,1.0
12186.0,12187.0,1.0
12187.0,13911.0,1.0
3996.0,3995.0,1.0
3996.0,5518.0,1.0
3995.0,7335.0,1.0
3995.0,7930.0,1.0
3994.0,23178.0,1.0
3999.0,4000.0,1.0
4000.0,12464.0,1.0
4008.0,4009.0,1.0
4008.0,4389.0,1.0
4009.0,4390.0,1.0
4016.0,4017.0,1.0
4016.0,5417.0,1.0
4016.0,4681.0,1.0
4016.0,14863.0,1.0
4017.0,13723.0,1.0
12214.0,4465.0,1.0
12214.0,5384.0,1.0
12217.0,8095.0,1.0
12217.0,12724.0,1.0
12219.0,12220.0,1.0
12219.0,13891.0,1.0
12220.0,7737.0,1.0
12220.0,13421.0,1.0
12220.0,13891.0,1.0
4029.0,4030.0,1.0
4029.0,13320.0,1.0
4030.0,13321.0,1.0
4033.0,6009.0,1.0
4033.0,6763.0,1.0
4036.0,4037.0,1.0
4036.0,5881.0,1.0
4036.0,6053.0,1.0
4037.0,6701.0,1.0
4037.0,14778.0,1.0
4037.0,22298.0,1.0
4040.0,13323.0,1.0
4040.0,4569.0,1.0
12234.0,6723.0,1.0
12234.0,14325.0,1.0
4046.0,12926.0,1.0
12242.0,6162.0,1.0
12247.0,5654.0,1.0
12248.0,5374.0,1.0
12248.0,12330.0,1.0
12248.0,15208.0,1.0
12250.0,7932.0,1.0
12251.0,5554.0,1.0
12251.0,5661.0,1.0
12251.0,14162.0,1.0
4059.0,14015.0,1.0
12257.0,12258.0,1.0
12258.0,7528.0,1.0
12269.0,7755.0,1.0
12269.0,12473.0,1.0
12272.0,5396.0,1.0
12272.0,16087.0,1.0
4086.0,4087.0,1.0
12286.0,5375.0,1.0
12286.0,8153.0,1.0
12293.0,12294.0,1.0
12293.0,13493.0,1.0
12294.0,12454.0,1.0
4107.0,4108.0,1.0
4107.0,4130.0,1.0
4107.0,5071.0,1.0
4108.0,4383.0,1.0
4108.0,14951.0,1.0
12311.0,4541.0,1.0
12311.0,12312.0,1.0
12312.0,12344.0,1.0
12319.0,5808.0,1.0
12319.0,13675.0,1.0
12319.0,22847.0,1.0
4128.0,4129.0,1.0
4128.0,6009.0,1.0
4129.0,6762.0,1.0
4130.0,7838.0,1.0
4130.0,6751.0,1.0
12321.0,5187.0,1.0
12321.0,7436.0,1.0
12321.0,15489.0,1.0
12320.0,4389.0,1.0
4132.0,6380.0,1.0
4133.0,13559.0,1.0
4133.0,8014.0,1.0
4135.0,4136.0,1.0
4135.0,5583.0,1.0
4137.0,4138.0,1.0
4137.0,4471.0,1.0
4137.0,5901.0,1.0
4138.0,6977.0,1.0
4138.0,4782.0,1.0
12330.0,7669.0,1.0
12330.0,12329.0,1.0
12330.0,12380.0,1.0
12332.0,15776.0,1.0
12329.0,7668.0,1.0
12329.0,12999.0,1.0
4142.0,23295.0,1.0
12341.0,5181.0,1.0
4151.0,4152.0,1.0
12345.0,8185.0,1.0
12345.0,12346.0,1.0
12345.0,12629.0,1.0
12346.0,15043.0,1.0
4152.0,6870.0,1.0
12349.0,16183.0,1.0
4158.0,4159.0,1.0
4158.0,14734.0,1.0
4162.0,4163.0,1.0
4162.0,7305.0,1.0
4163.0,14182.0,1.0
12356.0,4765.0,1.0
20549.0,12595.0,1.0
20549.0,14770.0,1.0
4166.0,5579.0,1.0
4166.0,13590.0,1.0
20552.0,7668.0,1.0
12365.0,12808.0,1.0
4187.0,4188.0,1.0
4187.0,16222.0,1.0
4188.0,12932.0,1.0
4188.0,13421.0,1.0
4189.0,4190.0,1.0
4189.0,6492.0,1.0
4189.0,5641.0,1.0
12382.0,4553.0,1.0
20575.0,20576.0,1.0
20576.0,20613.0,1.0
20576.0,20617.0,1.0
20577.0,20578.0,1.0
20577.0,20594.0,1.0
4194.0,7691.0,1.0
20578.0,20582.0,1.0
20578.0,22812.0,1.0
4193.0,7466.0,1.0
4193.0,7715.0,1.0
4193.0,14832.0,1.0
20581.0,20582.0,1.0
20581.0,20622.0,1.0
20581.0,22641.0,1.0
4199.0,4200.0,1.0
4199.0,4399.0,1.0
4199.0,6524.0,1.0
4200.0,7278.0,1.0
4200.0,6525.0,1.0
20584.0,20583.0,1.0
20584.0,20622.0,1.0
20584.0,20644.0,1.0
20583.0,22789.0,1.0
20588.0,22804.0,1.0
12397.0,12396.0,1.0
12397.0,15170.0,1.0
4207.0,4208.0,1.0
4207.0,6844.0,1.0
4208.0,12933.0,1.0
4208.0,14152.0,1.0
4222.0,4223.0,1.0
4222.0,7309.0,1.0
4222.0,15154.0,1.0
4223.0,4886.0,1.0
4223.0,12784.0,1.0
12415.0,7393.0,1.0
12415.0,12416.0,1.0
12415.0,14734.0,1.0
20613.0,6690.0,1.0
20613.0,20627.0,1.0
4230.0,4231.0,1.0
4230.0,6551.0,1.0
4230.0,13777.0,1.0
4230.0,8125.0,1.0
4231.0,8038.0,1.0
20622.0,22814.0,1.0
12431.0,14432.0,1.0
4240.0,4241.0,1.0
4240.0,14464.0,1.0
4241.0,5919.0,1.0
4241.0,6980.0,1.0
4241.0,5592.0,1.0
12432.0,5418.0,1.0
20627.0,20628.0,1.0
12437.0,7292.0,1.0
12437.0,8107.0,1.0
12437.0,13803.0,1.0
12442.0,5522.0,1.0
12442.0,6296.0,1.0
12445.0,12884.0,1.0
20642.0,20643.0,1.0
20644.0,20645.0,1.0
20645.0,22814.0,1.0
12454.0,5616.0,1.0
12454.0,17759.0,1.0
12454.0,13262.0,1.0
12458.0,7794.0,1.0
4267.0,4268.0,1.0
4267.0,5935.0,1.0
4267.0,13382.0,1.0
4267.0,5395.0,1.0
4268.0,14647.0,1.0
4268.0,13743.0,1.0
12460.0,4775.0,1.0
4273.0,4274.0,1.0
4273.0,7788.0,1.0
20659.0,20660.0,1.0
20659.0,20664.0,1.0
20660.0,20664.0,1.0
12469.0,5879.0,1.0
12469.0,7662.0,1.0
12469.0,12470.0,1.0
12470.0,7663.0,1.0
12473.0,14157.0,1.0
12473.0,12556.0,1.0
4282.0,8158.0,1.0
12475.0,12476.0,1.0
12475.0,13229.0,1.0
12476.0,13230.0,1.0
4281.0,4280.0,1.0
4281.0,7234.0,1.0
4290.0,4291.0,1.0
4290.0,4316.0,1.0
4291.0,4316.0,1.0
4295.0,4296.0,1.0
4295.0,4311.0,1.0
4295.0,7497.0,1.0
4296.0,6107.0,1.0
4296.0,7498.0,1.0
12489.0,12490.0,1.0
12489.0,13535.0,1.0
12489.0,14012.0,1.0
12490.0,13289.0,1.0
12491.0,5905.0,1.0
12491.0,13191.0,1.0
20683.0,22761.0,1.0
20682.0,20681.0,1.0
20682.0,22007.0,1.0
20681.0,17527.0,1.0
20692.0,6733.0,1.0
20692.0,14696.0,1.0
4309.0,4310.0,1.0
4309.0,7868.0,1.0
4310.0,12658.0,1.0
4311.0,14165.0,1.0
4311.0,6107.0,1.0
20696.0,20697.0,1.0
4328.0,4329.0,1.0
4328.0,7333.0,1.0
4328.0,15270.0,1.0
4328.0,7874.0,1.0
4329.0,7402.0,1.0
4329.0,7334.0,1.0
20713.0,20712.0,1.0
4337.0,4338.0,1.0
4337.0,22640.0,1.0
4338.0,6928.0,1.0
12535.0,14082.0,1.0
12537.0,4575.0,1.0
4348.0,4349.0,1.0
4348.0,14912.0,1.0
4349.0,5694.0,1.0
4349.0,4765.0,1.0
12542.0,5654.0,1.0
4352.0,4353.0,1.0
4353.0,5152.0,1.0
4353.0,5630.0,1.0
12553.0,4723.0,1.0
12553.0,12554.0,1.0
12553.0,12665.0,1.0
12554.0,4724.0,1.0
12555.0,12556.0,1.0
12555.0,14157.0,1.0
12558.0,12559.0,1.0
12558.0,15692.0,1.0
12562.0,6250.0,1.0
12562.0,12876.0,1.0
12562.0,22772.0,1.0
12573.0,6435.0,1.0
12573.0,13955.0,1.0
4383.0,13264.0,1.0
4381.0,4382.0,1.0
4381.0,7429.0,1.0
4381.0,14803.0,1.0
12577.0,15724.0,1.0
4382.0,4465.0,1.0
4389.0,4390.0,1.0
4390.0,7499.0,1.0
20775.0,21241.0,1.0
4393.0,4394.0,1.0
4394.0,6003.0,1.0
4395.0,8038.0,1.0
4399.0,7278.0,1.0
4399.0,13070.0,1.0
4400.0,4401.0,1.0
4400.0,5449.0,1.0
4400.0,14362.0,1.0
12593.0,12594.0,1.0
12593.0,15156.0,1.0
12595.0,12596.0,1.0
12595.0,22954.0,1.0
12596.0,22955.0,1.0
4401.0,5590.0,1.0
4401.0,13216.0,1.0
12606.0,4569.0,1.0
20809.0,14995.0,1.0
4431.0,5124.0,1.0
4431.0,8163.0,1.0
12627.0,6699.0,1.0
4436.0,4435.0,1.0
4436.0,12899.0,1.0
12632.0,6139.0,1.0
20844.0,4940.0,1.0
20845.0,7891.0,1.0
12658.0,7500.0,1.0
12659.0,10993.0,1.0
12659.0,22005.0,1.0
12662.0,23061.0,1.0
4471.0,5482.0,1.0
12665.0,6565.0,1.0
20858.0,22936.0,1.0
4478.0,4479.0,1.0
4478.0,5918.0,1.0
4478.0,15875.0,1.0
4479.0,13642.0,1.0
12674.0,5018.0,1.0
12674.0,7127.0,1.0
12674.0,12675.0,1.0
12675.0,14092.0,1.0
12682.0,7150.0,1.0
12682.0,7342.0,1.0
12682.0,22299.0,1.0
4491.0,15537.0,1.0
12684.0,5658.0,1.0
20881.0,5301.0,1.0
4499.0,5015.0,1.0
12691.0,6940.0,1.0
20885.0,15887.0,1.0
20885.0,20922.0,1.0
20910.0,7048.0,1.0
20910.0,22983.0,1.0
12719.0,7944.0,1.0
12719.0,15191.0,1.0
12718.0,13198.0,1.0
12718.0,23179.0,1.0
12723.0,8095.0,1.0
12723.0,12724.0,1.0
4532.0,4531.0,1.0
4532.0,15442.0,1.0
12727.0,6824.0,1.0
12727.0,6972.0,1.0
12727.0,13803.0,1.0
20922.0,15289.0,1.0
20922.0,20957.0,1.0
20922.0,20961.0,1.0
4540.0,4541.0,1.0
4540.0,13943.0,1.0
20926.0,20925.0,1.0
20926.0,20929.0,1.0
20926.0,20947.0,1.0
20925.0,20930.0,1.0
20925.0,20945.0,1.0
20929.0,20930.0,1.0
20929.0,20954.0,1.0
20930.0,21305.0,1.0
12745.0,12746.0,1.0
12746.0,13118.0,1.0
4558.0,6100.0,1.0
4558.0,6970.0,1.0
20945.0,7048.0,1.0
20945.0,21305.0,1.0
20947.0,22769.0,1.0
4566.0,6914.0,1.0
4566.0,12843.0,1.0
4569.0,4570.0,1.0
20954.0,22971.0,1.0
20954.0,23134.0,1.0
12765.0,14488.0,1.0
12765.0,22604.0,1.0
4575.0,4576.0,1.0
4572.0,6693.0,1.0
12772.0,4644.0,1.0
12772.0,22622.0,1.0
20965.0,20964.0,1.0
20965.0,21018.0,1.0
20965.0,23013.0,1.0
12774.0,7979.0,1.0
12784.0,6031.0,1.0
12786.0,8022.0,1.0
12786.0,12787.0,1.0
12787.0,5756.0,1.0
20981.0,12967.0,1.0
20981.0,21021.0,1.0
4604.0,4603.0,1.0
4604.0,5311.0,1.0
4604.0,7883.0,1.0
4603.0,7662.0,1.0
4603.0,14668.0,1.0
21001.0,7891.0,1.0
12811.0,12980.0,1.0
12814.0,4190.0,1.0
12821.0,12822.0,1.0
12821.0,14191.0,1.0
21018.0,5153.0,1.0
4636.0,4637.0,1.0
4636.0,6322.0,1.0
4636.0,15170.0,1.0
12830.0,22174.0,1.0
4637.0,7781.0,1.0
4637.0,13796.0,1.0
12832.0,5300.0,1.0
4641.0,4640.0,1.0
12834.0,4888.0,1.0
4644.0,4645.0,1.0
4648.0,4649.0,1.0
12843.0,7615.0,1.0
12848.0,6634.0,1.0
12849.0,15223.0,1.0
4665.0,4666.0,1.0
4666.0,5344.0,1.0
21052.0,21138.0,1.0
4677.0,14836.0,1.0
4681.0,4682.0,1.0
4681.0,13898.0,1.0
4682.0,13723.0,1.0
4682.0,22329.0,1.0
12876.0,6952.0,1.0
12876.0,7706.0,1.0
12876.0,14801.0,1.0
21070.0,21069.0,1.0
21072.0,21098.0,1.0
12880.0,5589.0,1.0
12880.0,14068.0,1.0
4689.0,4690.0,1.0
4689.0,5514.0,1.0
4689.0,5089.0,1.0
12884.0,12885.0,1.0
12885.0,5638.0,1.0
21079.0,14844.0,1.0
21079.0,21080.0,1.0
21080.0,14356.0,1.0
4190.0,5641.0,1.0
12898.0,4938.0,1.0
12899.0,12900.0,1.0
12909.0,7936.0,1.0
12909.0,12910.0,1.0
12910.0,6981.0,1.0
12912.0,12967.0,1.0
12915.0,6121.0,1.0
12915.0,13045.0,1.0
12915.0,22820.0,1.0
4724.0,4723.0,1.0
21109.0,6803.0,1.0
21109.0,21110.0,1.0
21110.0,13670.0,1.0
4733.0,4734.0,1.0
4733.0,5952.0,1.0
12926.0,6524.0,1.0
4734.0,7796.0,1.0
4734.0,7288.0,1.0
4734.0,13719.0,1.0
12929.0,4739.0,1.0
12929.0,7071.0,1.0
21123.0,14734.0,1.0
12932.0,5450.0,1.0
12932.0,15075.0,1.0
4740.0,4739.0,1.0
4740.0,8108.0,1.0
4740.0,7071.0,1.0
4739.0,6591.0,1.0
12939.0,5431.0,1.0
4755.0,14257.0,1.0
4755.0,5767.0,1.0
21141.0,4811.0,1.0
4765.0,5088.0,1.0
4775.0,4776.0,1.0
4775.0,7726.0,1.0
4776.0,7891.0,1.0
4776.0,5021.0,1.0
4782.0,4783.0,1.0
4782.0,5901.0,1.0
4783.0,6977.0,1.0
4783.0,5522.0,1.0
4783.0,5461.0,1.0
21169.0,23274.0,1.0
12980.0,6877.0,1.0
12996.0,5056.0,1.0
4811.0,4812.0,1.0
4812.0,6755.0,1.0
4812.0,15537.0,1.0
4816.0,13219.0,1.0
4816.0,23011.0,1.0
4824.0,14836.0,1.0
13040.0,5182.0,1.0
13040.0,7309.0,1.0
13040.0,7565.0,1.0
21234.0,22007.0,1.0
4850.0,4851.0,1.0
4851.0,7959.0,1.0
4851.0,6512.0,1.0
13045.0,7159.0,1.0
13048.0,6540.0,1.0
13048.0,13212.0,1.0
4872.0,5524.0,1.0
4872.0,14682.0,1.0
4877.0,4878.0,1.0
4877.0,7168.0,1.0
4877.0,13164.0,1.0
4878.0,22061.0,1.0
13070.0,22132.0,1.0
4880.0,4879.0,1.0
4880.0,7293.0,1.0
4879.0,7292.0,1.0
4885.0,4886.0,1.0
4885.0,5918.0,1.0
4885.0,7564.0,1.0
4886.0,15875.0,1.0
13078.0,5820.0,1.0
21273.0,15519.0,1.0
13083.0,13084.0,1.0
21281.0,6394.0,1.0
21281.0,22140.0,1.0
21289.0,6249.0,1.0
13109.0,14561.0,1.0
21305.0,7049.0,1.0
21305.0,22971.0,1.0
13117.0,6601.0,1.0
13117.0,6901.0,1.0
4927.0,4926.0,1.0
4926.0,15646.0,1.0
13124.0,5638.0,1.0
13124.0,13157.0,1.0
4938.0,4939.0,1.0
4938.0,15934.0,1.0
4939.0,7771.0,1.0
4939.0,14105.0,1.0
4940.0,4941.0,1.0
4941.0,7106.0,1.0
4941.0,22470.0,1.0
13135.0,13136.0,1.0
12380.0,14697.0,1.0
12380.0,15208.0,1.0
21334.0,6416.0,1.0
21334.0,15296.0,1.0
4955.0,22612.0,1.0
13149.0,6634.0,1.0
13156.0,6701.0,1.0
13156.0,22298.0,1.0
13156.0,22300.0,1.0
13157.0,5518.0,1.0
13165.0,13166.0,1.0
13166.0,15360.0,1.0
4975.0,4976.0,1.0
4975.0,13768.0,1.0
4975.0,6882.0,1.0
4976.0,13758.0,1.0
13169.0,13170.0,1.0
13169.0,15025.0,1.0
13169.0,14514.0,1.0
13170.0,9334.0,1.0
5004.0,6513.0,1.0
13200.0,5084.0,1.0
13204.0,13867.0,1.0
13206.0,13207.0,1.0
13207.0,6962.0,1.0
5017.0,5016.0,1.0
5017.0,14377.0,1.0
13210.0,14405.0,1.0
5016.0,5628.0,1.0
5020.0,5021.0,1.0
5020.0,22408.0,1.0
13212.0,13513.0,1.0
13216.0,7508.0,1.0
13216.0,13217.0,1.0
13216.0,13372.0,1.0
13217.0,7715.0,1.0
13217.0,14832.0,1.0
13219.0,14574.0,1.0
13229.0,13230.0,1.0
13230.0,6439.0,1.0
13234.0,13235.0,1.0
13237.0,6646.0,1.0
5049.0,5050.0,1.0
5050.0,15786.0,1.0
5055.0,5056.0,1.0
5055.0,14527.0,1.0
5056.0,15286.0,1.0
5056.0,14528.0,1.0
5067.0,15103.0,1.0
5067.0,5297.0,1.0
13261.0,5374.0,1.0
13261.0,15208.0,1.0
5071.0,5072.0,1.0
5071.0,6751.0,1.0
13264.0,14951.0,1.0
5072.0,5397.0,1.0
13266.0,15883.0,1.0
13272.0,6249.0,1.0
13275.0,5419.0,1.0
13275.0,16223.0,1.0
13278.0,14631.0,1.0
5088.0,5089.0,1.0
5088.0,5694.0,1.0
5089.0,5695.0,1.0
21477.0,8062.0,1.0
5094.0,5095.0,1.0
5094.0,14521.0,1.0
5094.0,13863.0,1.0
13287.0,5184.0,1.0
13287.0,7583.0,1.0
13287.0,15043.0,1.0
21479.0,8062.0,1.0
13289.0,5842.0,1.0
13289.0,6940.0,1.0
13300.0,14318.0,1.0
13306.0,5631.0,1.0
13306.0,13701.0,1.0
13320.0,13321.0,1.0
13320.0,14027.0,1.0
13320.0,22169.0,1.0
13321.0,13557.0,1.0
13321.0,14335.0,1.0
13325.0,7566.0,1.0
13325.0,16223.0,1.0
13329.0,5658.0,1.0
13331.0,6680.0,1.0
13336.0,8153.0,1.0
13336.0,13337.0,1.0
13338.0,6043.0,1.0
13338.0,14694.0,1.0
5152.0,5153.0,1.0
5152.0,7387.0,1.0
5153.0,7240.0,1.0
13346.0,13345.0,1.0
13364.0,7097.0,1.0
13364.0,14927.0,1.0
13366.0,6645.0,1.0
13366.0,15859.0,1.0
5913.0,6346.0,1.0
13368.0,6179.0,1.0
13372.0,7715.0,1.0
13372.0,15125.0,1.0
5181.0,5182.0,1.0
5181.0,7305.0,1.0
5181.0,7564.0,1.0
5182.0,7996.0,1.0
5184.0,6785.0,1.0
5187.0,5188.0,1.0
5188.0,14326.0,1.0
13401.0,15323.0,1.0
13402.0,5953.0,1.0
5217.0,7600.0,1.0
13414.0,6601.0,1.0
5228.0,6512.0,1.0
13435.0,6681.0,1.0
13454.0,6743.0,1.0
5263.0,5262.0,1.0
5263.0,5817.0,1.0
5263.0,22233.0,1.0
5265.0,5264.0,1.0
5265.0,15876.0,1.0
5264.0,6514.0,1.0
5264.0,5668.0,1.0
5268.0,5269.0,1.0
5268.0,7761.0,1.0
5270.0,14038.0,1.0
13466.0,7365.0,1.0
13479.0,5738.0,1.0
5300.0,5301.0,1.0
13495.0,7916.0,1.0
13495.0,13496.0,1.0
5306.0,5307.0,1.0
5306.0,8096.0,1.0
5307.0,6933.0,1.0
5312.0,5313.0,1.0
5312.0,13529.0,1.0
5313.0,6089.0,1.0
13511.0,5929.0,1.0
13511.0,13512.0,1.0
13511.0,13629.0,1.0
13513.0,15918.0,1.0
13528.0,13529.0,1.0
13529.0,6088.0,1.0
5339.0,14682.0,1.0
13535.0,15298.0,1.0
13535.0,22960.0,1.0
13540.0,7138.0,1.0
13540.0,7177.0,1.0
13542.0,6396.0,1.0
13542.0,7401.0,1.0
13549.0,7567.0,1.0
13549.0,13550.0,1.0
13549.0,15589.0,1.0
13552.0,13772.0,1.0
13557.0,14027.0,1.0
13557.0,14822.0,1.0
13557.0,15416.0,1.0
13559.0,14348.0,1.0
13560.0,6512.0,1.0
13560.0,13947.0,1.0
13560.0,15233.0,1.0
13566.0,13913.0,1.0
5375.0,7997.0,1.0
21761.0,5483.0,1.0
21761.0,21766.0,1.0
5383.0,5384.0,1.0
13585.0,7107.0,1.0
5395.0,5396.0,1.0
13588.0,7428.0,1.0
5397.0,15025.0,1.0
5396.0,7653.0,1.0
5396.0,6050.0,1.0
13600.0,15156.0,1.0
5411.0,5412.0,1.0
5411.0,8148.0,1.0
21796.0,23215.0,1.0
5412.0,6748.0,1.0
21800.0,22565.0,1.0
5417.0,5418.0,1.0
5418.0,13898.0,1.0
5419.0,6693.0,1.0
21808.0,21809.0,1.0
21809.0,22793.0,1.0
21809.0,22794.0,1.0
21810.0,21811.0,1.0
21810.0,22801.0,1.0
21810.0,22813.0,1.0
5428.0,5429.0,1.0
5428.0,14327.0,1.0
5429.0,22640.0,1.0
5426.0,7127.0,1.0
5426.0,15032.0,1.0
5431.0,5836.0,1.0
5431.0,5816.0,1.0
13627.0,14836.0,1.0
13627.0,15166.0,1.0
13628.0,5929.0,1.0
13628.0,13629.0,1.0
5439.0,5440.0,1.0
5439.0,6436.0,1.0
5440.0,8163.0,1.0
13637.0,13638.0,1.0
13638.0,13869.0,1.0
13638.0,15464.0,1.0
13641.0,14572.0,1.0
5450.0,5451.0,1.0
5449.0,7508.0,1.0
21839.0,5490.0,1.0
21839.0,21840.0,1.0
5461.0,5462.0,1.0
5462.0,5522.0,1.0
13660.0,13661.0,1.0
13660.0,21876.0,1.0
13661.0,6826.0,1.0
5482.0,5483.0,1.0
13676.0,13677.0,1.0
13677.0,15523.0,1.0
13675.0,22849.0,1.0
5487.0,15011.0,1.0
5490.0,5491.0,1.0
5490.0,22202.0,1.0
21876.0,14381.0,1.0
21876.0,21874.0,1.0
21874.0,14378.0,1.0
5496.0,5497.0,1.0
13690.0,7814.0,1.0
5513.0,5514.0,1.0
5513.0,6973.0,1.0
5514.0,6974.0,1.0
21899.0,21904.0,1.0
5517.0,5518.0,1.0
5517.0,6126.0,1.0
5517.0,7930.0,1.0
21902.0,7597.0,1.0
5522.0,5737.0,1.0
13716.0,7160.0,1.0
13716.0,15822.0,1.0
13717.0,7111.0,1.0
13717.0,13779.0,1.0
13719.0,5952.0,1.0
5530.0,5531.0,1.0
13723.0,22323.0,1.0
21914.0,16301.0,1.0
21918.0,16258.0,1.0
21915.0,16258.0,1.0
21915.0,16308.0,1.0
21915.0,21926.0,1.0
5538.0,5539.0,1.0
5538.0,6876.0,1.0
5538.0,14803.0,1.0
5539.0,13895.0,1.0
21924.0,5818.0,1.0
13737.0,7215.0,1.0
13737.0,7939.0,1.0
13742.0,13743.0,1.0
5559.0,5560.0,1.0
13758.0,6882.0,1.0
13758.0,15724.0,1.0
13768.0,8011.0,1.0
13768.0,14062.0,1.0
5578.0,5579.0,1.0
5578.0,22468.0,1.0
13771.0,13772.0,1.0
13772.0,15151.0,1.0
5582.0,5583.0,1.0
5582.0,6539.0,1.0
5583.0,7501.0,1.0
13777.0,5737.0,1.0
13777.0,6550.0,1.0
13779.0,6751.0,1.0
21972.0,23214.0,1.0
21972.0,23262.0,1.0
5589.0,5590.0,1.0
5591.0,5592.0,1.0
13784.0,13785.0,1.0
13795.0,6739.0,1.0
13796.0,5654.0,1.0
13796.0,6322.0,1.0
13803.0,7293.0,1.0
5628.0,5627.0,1.0
5628.0,14377.0,1.0
5630.0,7387.0,1.0
5631.0,5632.0,1.0
5631.0,14740.0,1.0
5632.0,8091.0,1.0
13828.0,7168.0,1.0
13830.0,7110.0,1.0
13830.0,15187.0,1.0
5652.0,5653.0,1.0
5657.0,5658.0,1.0
13852.0,15159.0,1.0
5661.0,5662.0,1.0
5661.0,7059.0,1.0
5662.0,14820.0,1.0
5662.0,7678.0,1.0
13853.0,7087.0,1.0
13853.0,7088.0,1.0
5666.0,5667.0,1.0
5667.0,7977.0,1.0
5668.0,15354.0,1.0
13862.0,13863.0,1.0
13863.0,6459.0,1.0
13864.0,7309.0,1.0
13864.0,15154.0,1.0
13868.0,13869.0,1.0
13869.0,15442.0,1.0
13874.0,5822.0,1.0
13877.0,7109.0,1.0
13877.0,15676.0,1.0
13877.0,22692.0,1.0
13886.0,6452.0,1.0
5695.0,5694.0,1.0
13895.0,7430.0,1.0
13898.0,14059.0,1.0
13898.0,14770.0,1.0
13912.0,13913.0,1.0
5720.0,5721.0,1.0
5720.0,7633.0,1.0
5720.0,14501.0,1.0
5721.0,6023.0,1.0
5721.0,8010.0,1.0
13917.0,6819.0,1.0
1138.0,1139.0,1.0
1139.0,6162.0,1.0
5734.0,5735.0,1.0
5735.0,5816.0,1.0
5737.0,6977.0,1.0
5746.0,5747.0,1.0
5746.0,15651.0,1.0
5746.0,6826.0,1.0
5747.0,5976.0,1.0
13943.0,13944.0,1.0
13943.0,14769.0,1.0
5755.0,14820.0,1.0
5755.0,23013.0,1.0
5755.0,23018.0,1.0
5756.0,5757.0,1.0
22141.0,10992.0,1.0
22141.0,22170.0,1.0
22141.0,22688.0,1.0
13950.0,7805.0,1.0
13950.0,15502.0,1.0
13954.0,6539.0,1.0
13954.0,7637.0,1.0
5766.0,5767.0,1.0
5766.0,15947.0,1.0
5766.0,22951.0,1.0
5767.0,14992.0,1.0
5767.0,22948.0,1.0
22152.0,14955.0,1.0
22152.0,22159.0,1.0
22159.0,22233.0,1.0
22159.0,22221.0,1.0
13970.0,8022.0,1.0
5784.0,5785.0,1.0
5784.0,15927.0,1.0
22182.0,14631.0,1.0
13999.0,14000.0,1.0
14000.0,14326.0,1.0
5807.0,5808.0,1.0
5807.0,15441.0,1.0
14003.0,6087.0,1.0
5813.0,5814.0,1.0
5814.0,7099.0,1.0
14008.0,14009.0,1.0
14008.0,14488.0,1.0
14009.0,7966.0,1.0
5817.0,5818.0,1.0
14012.0,6795.0,1.0
5818.0,15223.0,1.0
5822.0,7598.0,1.0
5822.0,22462.0,1.0
22205.0,22206.0,1.0
5820.0,5821.0,1.0
5820.0,14832.0,1.0
22221.0,22222.0,1.0
14035.0,23253.0,1.0
14040.0,7497.0,1.0
14059.0,22329.0,1.0
14062.0,6680.0,1.0
5873.0,5874.0,1.0
5873.0,6070.0,1.0
5873.0,7343.0,1.0
5873.0,7265.0,1.0
14066.0,7944.0,1.0
14066.0,15191.0,1.0
14066.0,22320.0,1.0
5874.0,15519.0,1.0
14068.0,7906.0,1.0
14068.0,15125.0,1.0
5879.0,14668.0,1.0
5881.0,5882.0,1.0
14074.0,6100.0,1.0
14074.0,6970.0,1.0
5884.0,5883.0,1.0
5883.0,6849.0,1.0
22265.0,15519.0,1.0
14081.0,14082.0,1.0
14081.0,14528.0,1.0
14092.0,7127.0,1.0
14092.0,15032.0,1.0
5904.0,5905.0,1.0
14099.0,14100.0,1.0
14099.0,14680.0,1.0
14105.0,8106.0,1.0
22297.0,22300.0,1.0
22297.0,22299.0,1.0
22300.0,6702.0,1.0
14109.0,14110.0,1.0
5919.0,5920.0,1.0
5919.0,6981.0,1.0
5928.0,5929.0,1.0
5928.0,14630.0,1.0
5933.0,5934.0,1.0
22320.0,22321.0,1.0
22322.0,7532.0,1.0
22322.0,22323.0,1.0
22323.0,22324.0,1.0
22324.0,22329.0,1.0
5939.0,5938.0,1.0
14142.0,22871.0,1.0
5952.0,5953.0,1.0
14152.0,14295.0,1.0
14157.0,6749.0,1.0
14162.0,7059.0,1.0
14165.0,6108.0,1.0
14165.0,15506.0,1.0
5976.0,15915.0,1.0
5979.0,15874.0,1.0
5981.0,5982.0,1.0
5986.0,5987.0,1.0
5986.0,8091.0,1.0
5987.0,14740.0,1.0
14182.0,7305.0,1.0
14182.0,7996.0,1.0
6003.0,6612.0,1.0
14195.0,14194.0,1.0
14195.0,15108.0,1.0
14195.0,14231.0,1.0
14194.0,15233.0,1.0
14207.0,7288.0,1.0
14207.0,7796.0,1.0
14209.0,14825.0,1.0
14211.0,6338.0,1.0
14211.0,8147.0,1.0
14212.0,14213.0,1.0
14212.0,14933.0,1.0
14213.0,7012.0,1.0
14213.0,15531.0,1.0
6021.0,14745.0,1.0
6029.0,6030.0,1.0
6031.0,6032.0,1.0
6032.0,7944.0,1.0
6032.0,7067.0,1.0
2827.0,2828.0,1.0
2828.0,14544.0,1.0
14231.0,14362.0,1.0
2829.0,7145.0,1.0
14259.0,22646.0,1.0
6070.0,6071.0,1.0
6070.0,7342.0,1.0
6071.0,7265.0,1.0
6071.0,14940.0,1.0
22462.0,15360.0,1.0
22462.0,22463.0,1.0
6088.0,6089.0,1.0
6093.0,14913.0,1.0
6093.0,6135.0,1.0
6107.0,6108.0,1.0
6107.0,7596.0,1.0
6111.0,6112.0,1.0
6111.0,15008.0,1.0
14306.0,15187.0,1.0
22504.0,14703.0,1.0
6121.0,6122.0,1.0
6121.0,14844.0,1.0
6122.0,14920.0,1.0
14325.0,7290.0,1.0
14325.0,15753.0,1.0
14326.0,14327.0,1.0
14326.0,15780.0,1.0
6139.0,7738.0,1.0
14343.0,9621.0,1.0
10992.0,10993.0,1.0
14354.0,8072.0,1.0
14356.0,7726.0,1.0
6166.0,6452.0,1.0
14362.0,15109.0,1.0
22559.0,22574.0,1.0
22565.0,22566.0,1.0
22565.0,22775.0,1.0
22566.0,22783.0,1.0
22566.0,22785.0,1.0
22566.0,22716.0,1.0
22567.0,7239.0,1.0
22567.0,22653.0,1.0
14378.0,14381.0,1.0
22574.0,23262.0,1.0
22603.0,14517.0,1.0
22603.0,22604.0,1.0
22611.0,6763.0,1.0
22612.0,6763.0,1.0
22612.0,22615.0,1.0
14438.0,7438.0,1.0
6249.0,6250.0,1.0
14443.0,6739.0,1.0
22641.0,22646.0,1.0
22646.0,22648.0,1.0
22647.0,22648.0,1.0
22653.0,7238.0,1.0
14464.0,6980.0,1.0
6279.0,8125.0,1.0
22675.0,7096.0,1.0
11020.0,7868.0,1.0
14485.0,14486.0,1.0
14485.0,14927.0,1.0
6297.0,6296.0,1.0
22686.0,22687.0,1.0
22686.0,22811.0,1.0
22686.0,22688.0,1.0
14501.0,14500.0,1.0
14500.0,7633.0,1.0
14503.0,7634.0,1.0
14503.0,15101.0,1.0
6312.0,6313.0,1.0
6312.0,23165.0,1.0
6319.0,14663.0,1.0
14517.0,6733.0,1.0
22716.0,22717.0,1.0
22716.0,22779.0,1.0
22717.0,22718.0,1.0
22717.0,22786.0,1.0
22718.0,6767.0,1.0
14527.0,14528.0,1.0
6338.0,6870.0,1.0
6342.0,6343.0,1.0
6342.0,7761.0,1.0
6342.0,8142.0,1.0
6342.0,6974.0,1.0
14556.0,7966.0,1.0
22760.0,6416.0,1.0
22761.0,22762.0,1.0
14570.0,15750.0,1.0
14570.0,14873.0,1.0
14574.0,14900.0,1.0
22768.0,15887.0,1.0
22769.0,6767.0,1.0
6387.0,6790.0,1.0
6387.0,14891.0,1.0
14580.0,15106.0,1.0
22772.0,14801.0,1.0
22774.0,22784.0,1.0
22776.0,22775.0,1.0
22776.0,22779.0,1.0
22776.0,22780.0,1.0
22778.0,6739.0,1.0
22781.0,22782.0,1.0
22781.0,22783.0,1.0
22781.0,22953.0,1.0
22782.0,22783.0,1.0
22782.0,22784.0,1.0
22782.0,22953.0,1.0
22786.0,22953.0,1.0
6395.0,6394.0,1.0
6405.0,15103.0,1.0
22789.0,22790.0,1.0
22789.0,22794.0,1.0
22794.0,22801.0,1.0
22796.0,22814.0,1.0
6415.0,6416.0,1.0
6415.0,15296.0,1.0
22802.0,22803.0,1.0
22802.0,22804.0,1.0
22803.0,22808.0,1.0
22804.0,7707.0,1.0
22804.0,22807.0,1.0
22809.0,22817.0,1.0
14620.0,6975.0,1.0
6435.0,6436.0,1.0
22820.0,15822.0,1.0
6439.0,6440.0,1.0
6440.0,7936.0,1.0
6443.0,6397.0,1.0
6443.0,15750.0,1.0
22847.0,22849.0,1.0
22847.0,22848.0,1.0
22848.0,22863.0,1.0
22848.0,22864.0,1.0
22849.0,22850.0,1.0
22850.0,22851.0,1.0
14659.0,14660.0,1.0
22860.0,22861.0,1.0
22860.0,22864.0,1.0
22860.0,22951.0,1.0
22861.0,22863.0,1.0
22863.0,22864.0,1.0
6478.0,6479.0,1.0
6478.0,14803.0,1.0
14680.0,15379.0,1.0
6492.0,7753.0,1.0
22879.0,22880.0,1.0
22879.0,22886.0,1.0
22880.0,22886.0,1.0
14695.0,6732.0,1.0
14695.0,14696.0,1.0
22891.0,22893.0,1.0
6502.0,15719.0,1.0
6514.0,15876.0,1.0
6514.0,15354.0,1.0
6524.0,6525.0,1.0
14727.0,15276.0,1.0
6540.0,6541.0,1.0
6540.0,15918.0,1.0
14734.0,14735.0,1.0
22930.0,22942.0,1.0
14740.0,8091.0,1.0
6550.0,6551.0,1.0
6550.0,6977.0,1.0
6551.0,15798.0,1.0
22936.0,22935.0,1.0
14745.0,8007.0,1.0
6563.0,6564.0,1.0
22948.0,6752.0,1.0
22948.0,22951.0,1.0
22954.0,22955.0,1.0
22960.0,22970.0,1.0
14769.0,14770.0,1.0
14778.0,15537.0,1.0
22971.0,22975.0,1.0
22975.0,7049.0,1.0
22975.0,22983.0,1.0
6591.0,8108.0,1.0
6600.0,6601.0,1.0
6601.0,7665.0,1.0
14801.0,7707.0,1.0
23002.0,15523.0,1.0
23002.0,23003.0,1.0
14814.0,14815.0,1.0
14815.0,7731.0,1.0
14821.0,6736.0,1.0
23013.0,23018.0,1.0
23013.0,23017.0,1.0
23015.0,23016.0,1.0
6637.0,6993.0,1.0
6635.0,6634.0,1.0
14836.0,15020.0,1.0
6645.0,6646.0,1.0
6645.0,15228.0,1.0
6646.0,6704.0,1.0
6663.0,15646.0,1.0
23061.0,23062.0,1.0
6680.0,6681.0,1.0
6680.0,8010.0,1.0
6689.0,6690.0,1.0
6689.0,15855.0,1.0
6698.0,6699.0,1.0
6699.0,15880.0,1.0
6701.0,6702.0,1.0
6704.0,6913.0,1.0
6704.0,7615.0,1.0
14900.0,7979.0,1.0
6723.0,15753.0,1.0
6732.0,6733.0,1.0
14927.0,7731.0,1.0
6736.0,6737.0,1.0
6739.0,6740.0,1.0
14933.0,7012.0,1.0
14933.0,15265.0,1.0
6743.0,6744.0,1.0
6748.0,6749.0,1.0
6750.0,6751.0,1.0
6755.0,16050.0,1.0
6753.0,6754.0,1.0
6762.0,6763.0,1.0
14955.0,7437.0,1.0
6767.0,6768.0,1.0
6768.0,8007.0,1.0
23163.0,7109.0,1.0
6785.0,15043.0,1.0
6789.0,6790.0,1.0
6794.0,6795.0,1.0
14992.0,15947.0,1.0
6803.0,6804.0,1.0
14995.0,14996.0,1.0
15008.0,7428.0,1.0
15010.0,15011.0,1.0
6826.0,15915.0,1.0
15020.0,7010.0,1.0
23214.0,23215.0,1.0
23223.0,16278.0,1.0
23224.0,16278.0,1.0
6843.0,6844.0,1.0
15043.0,8185.0,1.0
15048.0,15161.0,1.0
23252.0,23253.0,1.0
6876.0,6877.0,1.0
6882.0,6883.0,1.0
15075.0,7737.0,1.0
6883.0,15724.0,1.0
6913.0,6914.0,1.0
6913.0,7931.0,1.0
6914.0,7932.0,1.0
6914.0,7615.0,1.0
15108.0,15109.0,1.0
15104.0,15105.0,1.0
15104.0,15314.0,1.0
6922.0,6923.0,1.0
6922.0,7061.0,1.0
6928.0,6943.0,1.0
6933.0,8096.0,1.0
6940.0,6941.0,1.0
6943.0,6944.0,1.0
6943.0,7455.0,1.0
6943.0,15509.0,1.0
6944.0,8184.0,1.0
6945.0,6946.0,1.0
6952.0,6953.0,1.0
6953.0,7706.0,1.0
6961.0,6962.0,1.0
15153.0,7091.0,1.0
15159.0,8147.0,1.0
15159.0,15160.0,1.0
6969.0,6970.0,1.0
15160.0,8148.0,1.0
15164.0,15165.0,1.0
6974.0,6973.0,1.0
6973.0,8142.0,1.0
6973.0,7146.0,1.0
6972.0,7293.0,1.0
6980.0,6981.0,1.0
6975.0,6976.0,1.0
15191.0,15192.0,1.0
15217.0,8098.0,1.0
7038.0,7099.0,1.0
15233.0,7959.0,1.0
7048.0,7049.0,1.0
7059.0,7060.0,1.0
7060.0,7678.0,1.0
7067.0,7068.0,1.0
7071.0,7072.0,1.0
7072.0,7601.0,1.0
15270.0,7402.0,1.0
7087.0,7088.0,1.0
7091.0,7092.0,1.0
7091.0,7814.0,1.0
7093.0,7094.0,1.0
7096.0,7097.0,1.0
15295.0,15296.0,1.0
15298.0,15299.0,1.0
7108.0,7109.0,1.0
7106.0,7107.0,1.0
7107.0,15786.0,1.0
7126.0,7402.0,1.0
7138.0,7139.0,1.0
7138.0,15335.0,1.0
7139.0,7177.0,1.0
15335.0,15826.0,1.0
7145.0,7146.0,1.0
7150.0,15937.0,1.0
7154.0,7155.0,1.0
7154.0,16222.0,1.0
7159.0,7160.0,1.0
7159.0,15822.0,1.0
15354.0,7430.0,1.0
15365.0,7601.0,1.0
7177.0,7178.0,1.0
15379.0,15380.0,1.0
7189.0,7190.0,1.0
7214.0,7215.0,1.0
7214.0,7327.0,1.0
7215.0,7328.0,1.0
7238.0,7239.0,1.0
7240.0,7241.0,1.0
7240.0,7387.0,1.0
15440.0,7614.0,1.0
15442.0,7392.0,1.0
7265.0,15519.0,1.0
15481.0,7936.0,1.0
7290.0,7291.0,1.0
7290.0,15523.0,1.0
7292.0,7293.0,1.0
15489.0,7437.0,1.0
7309.0,7997.0,1.0
15502.0,15503.0,1.0
7327.0,7328.0,1.0
7333.0,7334.0,1.0
7342.0,7343.0,1.0
7365.0,7366.0,1.0
7392.0,7393.0,1.0
15590.0,15591.0,1.0
15600.0,15601.0,1.0
7427.0,7428.0,1.0
7429.0,7430.0,1.0
17759.0,7600.0,1.0
7436.0,7437.0,1.0
7455.0,8184.0,1.0
15658.0,15927.0,1.0
7497.0,7498.0,1.0
7499.0,7500.0,1.0
15719.0,16185.0,1.0
7528.0,7527.0,1.0
7531.0,7532.0,1.0
7564.0,7565.0,1.0
7566.0,7567.0,1.0
7583.0,8185.0,1.0
7597.0,7598.0,1.0
7598.0,8062.0,1.0
6396.0,6397.0,1.0
7614.0,7615.0,1.0
7634.0,7635.0,1.0
7662.0,7663.0,1.0
7664.0,7691.0,1.0
7663.0,7883.0,1.0
7668.0,7669.0,1.0
7697.0,7698.0,1.0
7706.0,7707.0,1.0
7725.0,7726.0,1.0
7731.0,7732.0,1.0
7737.0,7738.0,1.0
7754.0,7755.0,1.0
7756.0,7757.0,1.0
7793.0,7794.0,1.0
7813.0,7814.0,1.0
14581.0,8011.0,1.0
7850.0,7851.0,1.0
16045.0,16061.0,1.0
7883.0,7884.0,1.0
7916.0,7917.0,1.0
7931.0,7932.0,1.0
7977.0,7978.0,1.0
16183.0,16265.0,1.0
7996.0,7997.0,1.0
8010.0,8011.0,1.0
8013.0,8014.0,1.0
8022.0,8023.0,1.0
8038.0,8125.0,1.0
16250.0,16251.0,1.0
16250.0,16252.0,1.0
16250.0,16290.0,1.0
16251.0,16308.0,1.0
16258.0,16259.0,1.0
16278.0,16279.0,1.0
8094.0,8095.0,1.0
8097.0,8098.0,1.0
16290.0,16305.0,1.0
8106.0,8107.0,1.0
16301.0,16302.0,1.0
8147.0,8148.0,1.0
8152.0,8153.0,1.0
8163.0,8164.0,1.0
