Source,Target,Weight
2.0,6412.0,1.0
6.0,1093.0,1.0
6.0,16810.0,1.0
6.0,10830.0,1.0
7.0,8.0,1.0
7.0,12988.0,1.0
7.0,7669.0,1.0
8.0,7737.0,1.0
8.0,10352.0,1.0
12.0,17521.0,1.0
12.0,2838.0,1.0
14.0,9888.0,1.0
14.0,11211.0,1.0
14.0,142.0,1.0
18.0,8647.0,1.0
18.0,11721.0,1.0
20.0,21.0,1.0
21.0,7431.0,1.0
21.0,1761.0,1.0
21.0,6619.0,1.0
22.0,23.0,1.0
22.0,9928.0,1.0
25.0,8261.0,1.0
25.0,9529.0,1.0
25.0,3181.0,1.0
27.0,6251.0,1.0
27.0,10511.0,1.0
30.0,31.0,1.0
31.0,5911.0,1.0
31.0,3067.0,1.0
34.0,35.0,1.0
34.0,6156.0,1.0
34.0,4893.0,1.0
34.0,16680.0,1.0
35.0,8296.0,1.0
35.0,2585.0,1.0
35.0,11357.0,1.0
36.0,37.0,1.0
36.0,7270.0,1.0
36.0,15300.0,1.0
36.0,15305.0,1.0
37.0,778.0,1.0
37.0,17758.0,1.0
38.0,1694.0,1.0
38.0,2226.0,1.0
38.0,10799.0,1.0
44.0,45.0,1.0
44.0,10398.0,1.0
44.0,11303.0,1.0
45.0,6872.0,1.0
45.0,19264.0,1.0
46.0,8244.0,1.0
48.0,49.0,1.0
48.0,2947.0,1.0
49.0,11348.0,1.0
49.0,5837.0,1.0
51.0,17513.0,1.0
51.0,17520.0,1.0
52.0,4611.0,1.0
52.0,5507.0,1.0
52.0,14166.0,1.0
69.0,70.0,1.0
69.0,10887.0,1.0
73.0,74.0,1.0
73.0,5571.0,1.0
73.0,13457.0,1.0
74.0,3722.0,1.0
74.0,9950.0,1.0
74.0,14834.0,1.0
76.0,1602.0,1.0
76.0,7024.0,1.0
76.0,13976.0,1.0
82.0,2869.0,1.0
82.0,9392.0,1.0
82.0,2541.0,1.0
85.0,86.0,1.0
85.0,4675.0,1.0
85.0,10354.0,1.0
86.0,8303.0,1.0
86.0,7795.0,1.0
102.0,3828.0,1.0
102.0,20122.0,1.0
104.0,1082.0,1.0
104.0,2711.0,1.0
105.0,106.0,1.0
105.0,12625.0,1.0
106.0,4836.0,1.0
106.0,3884.0,1.0
111.0,112.0,1.0
112.0,8527.0,1.0
113.0,114.0,1.0
113.0,8569.0,1.0
113.0,2935.0,1.0
113.0,2349.0,1.0
116.0,9901.0,1.0
116.0,9385.0,1.0
130.0,131.0,1.0
130.0,14484.0,1.0
130.0,11084.0,1.0
130.0,17062.0,1.0
131.0,10246.0,1.0
131.0,10741.0,1.0
131.0,20955.0,1.0
132.0,133.0,1.0
132.0,1801.0,1.0
132.0,16499.0,1.0
132.0,5128.0,1.0
133.0,11598.0,1.0
136.0,2481.0,1.0
136.0,542.0,1.0
142.0,13824.0,1.0
142.0,10745.0,1.0
143.0,144.0,1.0
143.0,1729.0,1.0
143.0,15640.0,1.0
144.0,5641.0,1.0
144.0,1730.0,1.0
144.0,4275.0,1.0
150.0,3388.0,1.0
150.0,1689.0,1.0
158.0,4984.0,1.0
158.0,11363.0,1.0
164.0,5475.0,1.0
164.0,13487.0,1.0
164.0,13213.0,1.0
167.0,168.0,1.0
167.0,10174.0,1.0
169.0,170.0,1.0
169.0,5228.0,1.0
169.0,10411.0,1.0
170.0,6870.0,1.0
170.0,14161.0,1.0
170.0,8657.0,1.0
173.0,174.0,1.0
173.0,1549.0,1.0
173.0,6755.0,1.0
174.0,8167.0,1.0
174.0,9934.0,1.0
174.0,733.0,1.0
177.0,178.0,1.0
177.0,9898.0,1.0
177.0,6321.0,1.0
177.0,16702.0,1.0
178.0,5125.0,1.0
178.0,6321.0,1.0
178.0,9141.0,1.0
187.0,188.0,1.0
187.0,2566.0,1.0
187.0,11702.0,1.0
187.0,14006.0,1.0
188.0,12273.0,1.0
188.0,10577.0,1.0
188.0,13359.0,1.0
193.0,194.0,1.0
193.0,16702.0,1.0
193.0,2613.0,1.0
194.0,1091.0,1.0
204.0,702.0,1.0
204.0,10308.0,1.0
204.0,14961.0,1.0
208.0,7015.0,1.0
208.0,14380.0,1.0
211.0,5893.0,1.0
211.0,6655.0,1.0
219.0,220.0,1.0
219.0,1378.0,1.0
219.0,11741.0,1.0
219.0,4694.0,1.0
220.0,11840.0,1.0
220.0,12928.0,1.0
222.0,1036.0,1.0
222.0,1076.0,1.0
222.0,4721.0,1.0
226.0,7302.0,1.0
227.0,228.0,1.0
227.0,7212.0,1.0
227.0,6182.0,1.0
228.0,3449.0,1.0
228.0,6774.0,1.0
230.0,5543.0,1.0
230.0,7935.0,1.0
230.0,20890.0,1.0
231.0,232.0,1.0
231.0,888.0,1.0
231.0,1649.0,1.0
232.0,3381.0,1.0
232.0,13169.0,1.0
233.0,234.0,1.0
233.0,4234.0,1.0
234.0,15350.0,1.0
234.0,15813.0,1.0
239.0,240.0,1.0
240.0,18164.0,1.0
240.0,16588.0,1.0
245.0,13799.0,1.0
245.0,20969.0,1.0
245.0,7794.0,1.0
250.0,251.0,1.0
250.0,4109.0,1.0
250.0,8581.0,1.0
251.0,3803.0,1.0
251.0,4675.0,1.0
251.0,10354.0,1.0
252.0,8933.0,1.0
254.0,255.0,1.0
254.0,7428.0,1.0
255.0,7852.0,1.0
255.0,13087.0,1.0
264.0,813.0,1.0
274.0,6500.0,1.0
274.0,8212.0,1.0
274.0,13798.0,1.0
284.0,285.0,1.0
284.0,6711.0,1.0
284.0,8615.0,1.0
285.0,7334.0,1.0
290.0,291.0,1.0
290.0,3181.0,1.0
290.0,9529.0,1.0
290.0,10119.0,1.0
291.0,5379.0,1.0
291.0,8344.0,1.0
294.0,2486.0,1.0
294.0,4618.0,1.0
298.0,299.0,1.0
298.0,8938.0,1.0
298.0,4705.0,1.0
298.0,12710.0,1.0
299.0,7274.0,1.0
308.0,309.0,1.0
308.0,466.0,1.0
308.0,15538.0,1.0
315.0,13657.0,1.0
315.0,4188.0,1.0
322.0,323.0,1.0
322.0,6275.0,1.0
323.0,5824.0,1.0
323.0,14062.0,1.0
329.0,330.0,1.0
329.0,5837.0,1.0
329.0,11348.0,1.0
330.0,7011.0,1.0
331.0,9890.0,1.0
331.0,2921.0,1.0
331.0,12702.0,1.0
332.0,11803.0,1.0
332.0,1564.0,1.0
335.0,1843.0,1.0
335.0,11704.0,1.0
350.0,351.0,1.0
350.0,424.0,1.0
350.0,7859.0,1.0
350.0,2772.0,1.0
351.0,3303.0,1.0
351.0,13856.0,1.0
351.0,16149.0,1.0
352.0,7828.0,1.0
352.0,17700.0,1.0
354.0,355.0,1.0
354.0,9492.0,1.0
354.0,4901.0,1.0
355.0,10104.0,1.0
355.0,13776.0,1.0
355.0,16897.0,1.0
358.0,359.0,1.0
358.0,5184.0,1.0
359.0,5523.0,1.0
359.0,7244.0,1.0
359.0,11758.0,1.0
361.0,11536.0,1.0
363.0,7459.0,1.0
363.0,9389.0,1.0
365.0,2041.0,1.0
365.0,1675.0,1.0
365.0,8037.0,1.0
375.0,376.0,1.0
375.0,7388.0,1.0
375.0,6876.0,1.0
375.0,5394.0,1.0
376.0,14524.0,1.0
376.0,12104.0,1.0
380.0,5758.0,1.0
380.0,10576.0,1.0
382.0,1834.0,1.0
382.0,9243.0,1.0
382.0,17278.0,1.0
388.0,2895.0,1.0
388.0,9286.0,1.0
398.0,4306.0,1.0
398.0,9749.0,1.0
398.0,3714.0,1.0
402.0,8087.0,1.0
411.0,16965.0,1.0
411.0,19997.0,1.0
413.0,414.0,1.0
413.0,1183.0,1.0
413.0,13817.0,1.0
414.0,6711.0,1.0
417.0,6973.0,1.0
417.0,7667.0,1.0
423.0,1601.0,1.0
423.0,10795.0,1.0
423.0,6587.0,1.0
424.0,7722.0,1.0
424.0,16149.0,1.0
425.0,426.0,1.0
425.0,456.0,1.0
425.0,10297.0,1.0
427.0,3294.0,1.0
439.0,12529.0,1.0
439.0,7425.0,1.0
446.0,447.0,1.0
446.0,19565.0,1.0
446.0,17059.0,1.0
446.0,20408.0,1.0
447.0,6502.0,1.0
447.0,12426.0,1.0
447.0,14693.0,1.0
456.0,837.0,1.0
456.0,12018.0,1.0
456.0,20179.0,1.0
465.0,466.0,1.0
465.0,1094.0,1.0
465.0,16691.0,1.0
465.0,5953.0,1.0
466.0,9935.0,1.0
466.0,13226.0,1.0
467.0,468.0,1.0
467.0,11281.0,1.0
468.0,2333.0,1.0
468.0,12093.0,1.0
470.0,3438.0,1.0
470.0,8244.0,1.0
472.0,4452.0,1.0
487.0,488.0,1.0
487.0,7797.0,1.0
488.0,4041.0,1.0
488.0,2498.0,1.0
496.0,3147.0,1.0
496.0,9118.0,1.0
496.0,2674.0,1.0
496.0,11177.0,1.0
498.0,499.0,1.0
499.0,7823.0,1.0
499.0,2668.0,1.0
502.0,503.0,1.0
502.0,5798.0,1.0
502.0,5352.0,1.0
503.0,6376.0,1.0
504.0,505.0,1.0
504.0,3710.0,1.0
504.0,6574.0,1.0
504.0,14573.0,1.0
504.0,19592.0,1.0
505.0,9519.0,1.0
505.0,15991.0,1.0
506.0,5714.0,1.0
506.0,12915.0,1.0
506.0,8079.0,1.0
509.0,10225.0,1.0
512.0,513.0,1.0
513.0,8125.0,1.0
513.0,686.0,1.0
513.0,16422.0,1.0
514.0,5155.0,1.0
514.0,6296.0,1.0
514.0,8952.0,1.0
514.0,10027.0,1.0
516.0,517.0,1.0
517.0,18359.0,1.0
517.0,5802.0,1.0
526.0,8490.0,1.0
526.0,7621.0,1.0
526.0,15092.0,1.0
542.0,543.0,1.0
542.0,7266.0,1.0
543.0,2481.0,1.0
543.0,7267.0,1.0
547.0,548.0,1.0
547.0,5585.0,1.0
547.0,6287.0,1.0
547.0,6156.0,1.0
548.0,4248.0,1.0
548.0,12805.0,1.0
550.0,551.0,1.0
550.0,3705.0,1.0
550.0,9559.0,1.0
551.0,7504.0,1.0
551.0,5183.0,1.0
557.0,558.0,1.0
557.0,2062.0,1.0
557.0,9967.0,1.0
558.0,5416.0,1.0
558.0,9353.0,1.0
558.0,9004.0,1.0
571.0,572.0,1.0
571.0,16357.0,1.0
571.0,2422.0,1.0
572.0,13903.0,1.0
572.0,11897.0,1.0
577.0,14373.0,1.0
581.0,582.0,1.0
582.0,5803.0,1.0
582.0,12881.0,1.0
583.0,2758.0,1.0
583.0,3821.0,1.0
583.0,5015.0,1.0
594.0,779.0,1.0
594.0,1937.0,1.0
594.0,2903.0,1.0
596.0,4940.0,1.0
596.0,8005.0,1.0
596.0,17001.0,1.0
607.0,10740.0,1.0
607.0,8833.0,1.0
609.0,5608.0,1.0
610.0,611.0,1.0
610.0,4180.0,1.0
610.0,6286.0,1.0
610.0,7407.0,1.0
612.0,613.0,1.0
612.0,1869.0,1.0
612.0,10077.0,1.0
613.0,2400.0,1.0
613.0,10078.0,1.0
614.0,615.0,1.0
614.0,6349.0,1.0
614.0,3930.0,1.0
615.0,19621.0,1.0
616.0,12538.0,1.0
619.0,11729.0,1.0
619.0,17455.0,1.0
624.0,625.0,1.0
624.0,13193.0,1.0
625.0,4899.0,1.0
625.0,7728.0,1.0
626.0,627.0,1.0
626.0,8152.0,1.0
626.0,13937.0,1.0
626.0,3427.0,1.0
627.0,13669.0,1.0
627.0,12002.0,1.0
629.0,9518.0,1.0
629.0,9095.0,1.0
630.0,631.0,1.0
630.0,1409.0,1.0
630.0,10697.0,1.0
630.0,1518.0,1.0
631.0,6507.0,1.0
631.0,16412.0,1.0
632.0,633.0,1.0
632.0,13951.0,1.0
633.0,10919.0,1.0
633.0,11126.0,1.0
636.0,637.0,1.0
636.0,10570.0,1.0
636.0,8306.0,1.0
636.0,9495.0,1.0
637.0,6651.0,1.0
637.0,6987.0,1.0
637.0,9225.0,1.0
638.0,639.0,1.0
638.0,16503.0,1.0
638.0,3223.0,1.0
639.0,3224.0,1.0
640.0,5531.0,1.0
640.0,8408.0,1.0
657.0,3887.0,1.0
657.0,15052.0,1.0
657.0,12315.0,1.0
663.0,664.0,1.0
663.0,6731.0,1.0
663.0,4335.0,1.0
663.0,6954.0,1.0
667.0,668.0,1.0
667.0,14110.0,1.0
667.0,11800.0,1.0
668.0,9079.0,1.0
686.0,13606.0,1.0
687.0,3663.0,1.0
687.0,8998.0,1.0
691.0,5543.0,1.0
691.0,17289.0,1.0
691.0,16524.0,1.0
694.0,1806.0,1.0
695.0,696.0,1.0
695.0,8114.0,1.0
696.0,14700.0,1.0
696.0,20571.0,1.0
696.0,6772.0,1.0
698.0,699.0,1.0
698.0,1144.0,1.0
699.0,12714.0,1.0
699.0,1230.0,1.0
700.0,701.0,1.0
700.0,6746.0,1.0
700.0,10122.0,1.0
701.0,8553.0,1.0
701.0,13068.0,1.0
715.0,716.0,1.0
715.0,13225.0,1.0
715.0,7764.0,1.0
716.0,11230.0,1.0
716.0,7100.0,1.0
716.0,13911.0,1.0
717.0,718.0,1.0
717.0,12534.0,1.0
717.0,9426.0,1.0
718.0,6539.0,1.0
720.0,721.0,1.0
720.0,3555.0,1.0
720.0,1070.0,1.0
721.0,3556.0,1.0
724.0,11165.0,1.0
731.0,2928.0,1.0
731.0,7174.0,1.0
732.0,733.0,1.0
732.0,16182.0,1.0
732.0,15735.0,1.0
732.0,9253.0,1.0
733.0,17069.0,1.0
739.0,740.0,1.0
739.0,9262.0,1.0
739.0,16526.0,1.0
740.0,2128.0,1.0
755.0,9789.0,1.0
755.0,10821.0,1.0
757.0,13686.0,1.0
768.0,769.0,1.0
768.0,1011.0,1.0
768.0,5626.0,1.0
769.0,1237.0,1.0
772.0,874.0,1.0
772.0,6541.0,1.0
778.0,10259.0,1.0
778.0,1501.0,1.0
779.0,780.0,1.0
779.0,2634.0,1.0
780.0,7330.0,1.0
780.0,7593.0,1.0
790.0,5342.0,1.0
790.0,5978.0,1.0
790.0,8050.0,1.0
796.0,797.0,1.0
796.0,10780.0,1.0
797.0,11811.0,1.0
797.0,7038.0,1.0
798.0,3463.0,1.0
801.0,802.0,1.0
801.0,4829.0,1.0
801.0,7866.0,1.0
801.0,8201.0,1.0
802.0,5931.0,1.0
802.0,13593.0,1.0
802.0,14731.0,1.0
803.0,804.0,1.0
803.0,5621.0,1.0
803.0,6948.0,1.0
803.0,12561.0,1.0
804.0,7244.0,1.0
804.0,10827.0,1.0
807.0,808.0,1.0
807.0,12971.0,1.0
807.0,17095.0,1.0
808.0,7772.0,1.0
808.0,5601.0,1.0
813.0,5963.0,1.0
814.0,815.0,1.0
815.0,4051.0,1.0
815.0,12343.0,1.0
825.0,826.0,1.0
825.0,7531.0,1.0
825.0,10665.0,1.0
826.0,3106.0,1.0
826.0,6448.0,1.0
828.0,12461.0,1.0
828.0,14735.0,1.0
829.0,830.0,1.0
829.0,3009.0,1.0
829.0,5078.0,1.0
837.0,10297.0,1.0
840.0,6281.0,1.0
840.0,1281.0,1.0
841.0,842.0,1.0
841.0,11874.0,1.0
841.0,8837.0,1.0
841.0,16799.0,1.0
842.0,5354.0,1.0
842.0,16859.0,1.0
843.0,844.0,1.0
843.0,7162.0,1.0
843.0,13392.0,1.0
844.0,6574.0,1.0
844.0,7715.0,1.0
844.0,3710.0,1.0
850.0,12864.0,1.0
859.0,860.0,1.0
859.0,4529.0,1.0
859.0,10164.0,1.0
860.0,2369.0,1.0
860.0,11058.0,1.0
860.0,17961.0,1.0
870.0,11311.0,1.0
872.0,873.0,1.0
872.0,11264.0,1.0
872.0,2149.0,1.0
872.0,10191.0,1.0
873.0,923.0,1.0
873.0,6237.0,1.0
874.0,8919.0,1.0
874.0,13689.0,1.0
874.0,9267.0,1.0
874.0,18311.0,1.0
875.0,876.0,1.0
875.0,13028.0,1.0
875.0,4569.0,1.0
876.0,3867.0,1.0
878.0,4002.0,1.0
880.0,4694.0,1.0
880.0,12635.0,1.0
886.0,4192.0,1.0
886.0,5208.0,1.0
886.0,5016.0,1.0
887.0,19997.0,1.0
888.0,8051.0,1.0
893.0,12291.0,1.0
893.0,14711.0,1.0
899.0,900.0,1.0
899.0,4102.0,1.0
899.0,16352.0,1.0
900.0,2594.0,1.0
900.0,5381.0,1.0
901.0,902.0,1.0
901.0,7609.0,1.0
902.0,2839.0,1.0
902.0,13099.0,1.0
919.0,920.0,1.0
920.0,11883.0,1.0
920.0,13777.0,1.0
920.0,2142.0,1.0
923.0,11264.0,1.0
925.0,4291.0,1.0
926.0,13315.0,1.0
926.0,12878.0,1.0
930.0,931.0,1.0
930.0,1494.0,1.0
931.0,9110.0,1.0
931.0,11450.0,1.0
932.0,933.0,1.0
932.0,7516.0,1.0
932.0,8477.0,1.0
932.0,1881.0,1.0
933.0,13330.0,1.0
934.0,935.0,1.0
934.0,7480.0,1.0
934.0,17226.0,1.0
934.0,18964.0,1.0
938.0,12187.0,1.0
938.0,14292.0,1.0
942.0,5472.0,1.0
942.0,10180.0,1.0
951.0,952.0,1.0
951.0,6570.0,1.0
951.0,16412.0,1.0
951.0,3656.0,1.0
951.0,9453.0,1.0
952.0,4588.0,1.0
953.0,954.0,1.0
953.0,1569.0,1.0
953.0,5669.0,1.0
953.0,4677.0,1.0
954.0,7956.0,1.0
954.0,5670.0,1.0
954.0,4129.0,1.0
958.0,10431.0,1.0
958.0,16360.0,1.0
960.0,6735.0,1.0
960.0,6868.0,1.0
960.0,11716.0,1.0
966.0,2662.0,1.0
966.0,4968.0,1.0
967.0,968.0,1.0
967.0,6682.0,1.0
969.0,3859.0,1.0
969.0,7562.0,1.0
969.0,14672.0,1.0
971.0,972.0,1.0
971.0,7755.0,1.0
972.0,3271.0,1.0
973.0,3427.0,1.0
973.0,12328.0,1.0
975.0,7528.0,1.0
977.0,978.0,1.0
977.0,4025.0,1.0
978.0,3423.0,1.0
978.0,11302.0,1.0
978.0,1647.0,1.0
983.0,17906.0,1.0
987.0,988.0,1.0
987.0,14941.0,1.0
987.0,17945.0,1.0
988.0,7468.0,1.0
988.0,8016.0,1.0
991.0,992.0,1.0
992.0,3982.0,1.0
992.0,6988.0,1.0
1004.0,12676.0,1.0
1005.0,1006.0,1.0
1005.0,6503.0,1.0
1005.0,3212.0,1.0
1006.0,15190.0,1.0
1006.0,15128.0,1.0
1006.0,5440.0,1.0
1010.0,1211.0,1.0
1010.0,10604.0,1.0
1011.0,5625.0,1.0
1029.0,5689.0,1.0
1030.0,12083.0,1.0
1030.0,12638.0,1.0
1030.0,10757.0,1.0
1036.0,1037.0,1.0
1036.0,11286.0,1.0
1037.0,4721.0,1.0
1038.0,21190.0,1.0
1044.0,1045.0,1.0
1044.0,2162.0,1.0
1045.0,3138.0,1.0
1045.0,5103.0,1.0
1045.0,13551.0,1.0
1045.0,14828.0,1.0
1046.0,12879.0,1.0
1046.0,2922.0,1.0
1055.0,5975.0,1.0
1055.0,7322.0,1.0
1056.0,1057.0,1.0
1056.0,8874.0,1.0
1056.0,12963.0,1.0
1062.0,2404.0,1.0
1062.0,8149.0,1.0
1064.0,1801.0,1.0
1064.0,10279.0,1.0
1064.0,6958.0,1.0
1070.0,4398.0,1.0
1072.0,10593.0,1.0
1078.0,11903.0,1.0
1082.0,10743.0,1.0
1084.0,5855.0,1.0
1084.0,6306.0,1.0
1086.0,1087.0,1.0
1086.0,2928.0,1.0
1086.0,5772.0,1.0
1086.0,3052.0,1.0
1087.0,5331.0,1.0
1087.0,7227.0,1.0
1087.0,11197.0,1.0
1091.0,1092.0,1.0
1091.0,1495.0,1.0
1092.0,5125.0,1.0
1093.0,1094.0,1.0
1093.0,16691.0,1.0
1094.0,5952.0,1.0
1097.0,1098.0,1.0
1097.0,6994.0,1.0
1097.0,1498.0,1.0
1097.0,8908.0,1.0
1098.0,7113.0,1.0
1098.0,7402.0,1.0
1100.0,4494.0,1.0
1100.0,9612.0,1.0
1100.0,17799.0,1.0
1102.0,19229.0,1.0
1105.0,7806.0,1.0
1105.0,5666.0,1.0
1105.0,10990.0,1.0
1110.0,3953.0,1.0
1110.0,6141.0,1.0
1110.0,21006.0,1.0
1111.0,9029.0,1.0
1115.0,16499.0,1.0
1115.0,11598.0,1.0
1117.0,1118.0,1.0
1118.0,13584.0,1.0
1125.0,1755.0,1.0
1125.0,9779.0,1.0
1143.0,1144.0,1.0
1143.0,3968.0,1.0
1144.0,12714.0,1.0
1146.0,1147.0,1.0
1146.0,2821.0,1.0
1146.0,13353.0,1.0
1146.0,11863.0,1.0
1147.0,15449.0,1.0
1148.0,1149.0,1.0
1148.0,1923.0,1.0
1149.0,1924.0,1.0
1149.0,8340.0,1.0
1149.0,3166.0,1.0
1154.0,1155.0,1.0
1154.0,18515.0,1.0
1154.0,12379.0,1.0
1157.0,10765.0,1.0
1157.0,17508.0,1.0
1158.0,1159.0,1.0
1158.0,7387.0,1.0
1159.0,7296.0,1.0
1159.0,5347.0,1.0
1159.0,2969.0,1.0
1164.0,7172.0,1.0
1164.0,5234.0,1.0
1166.0,7081.0,1.0
1166.0,13049.0,1.0
1168.0,1169.0,1.0
1168.0,9378.0,1.0
1169.0,10926.0,1.0
1169.0,7714.0,1.0
1169.0,11298.0,1.0
1174.0,1175.0,1.0
1174.0,2926.0,1.0
1174.0,6545.0,1.0
1174.0,8699.0,1.0
1175.0,1400.0,1.0
1175.0,2927.0,1.0
1175.0,8700.0,1.0
1177.0,1545.0,1.0
1177.0,9957.0,1.0
1178.0,1179.0,1.0
1178.0,10954.0,1.0
1179.0,11045.0,1.0
1179.0,13057.0,1.0
1180.0,1181.0,1.0
1180.0,3594.0,1.0
1180.0,13165.0,1.0
1180.0,11156.0,1.0
1181.0,10962.0,1.0
1181.0,12212.0,1.0
1182.0,1183.0,1.0
1182.0,4708.0,1.0
1183.0,4069.0,1.0
1183.0,3565.0,1.0
1186.0,1187.0,1.0
1186.0,4611.0,1.0
1186.0,5993.0,1.0
1187.0,8687.0,1.0
1187.0,4149.0,1.0
1187.0,12488.0,1.0
1194.0,3308.0,1.0
1199.0,1200.0,1.0
1199.0,4593.0,1.0
1200.0,13093.0,1.0
1200.0,17991.0,1.0
1203.0,2772.0,1.0
1203.0,9881.0,1.0
1204.0,1205.0,1.0
1204.0,7406.0,1.0
1204.0,3083.0,1.0
1205.0,1388.0,1.0
1205.0,3084.0,1.0
1206.0,1406.0,1.0
1208.0,1209.0,1.0
1208.0,14581.0,1.0
1208.0,17634.0,1.0
1209.0,3179.0,1.0
1209.0,2654.0,1.0
1211.0,14087.0,1.0
1211.0,8304.0,1.0
1216.0,4864.0,1.0
1216.0,5688.0,1.0
1223.0,1224.0,1.0
1223.0,6170.0,1.0
1224.0,5219.0,1.0
1224.0,12924.0,1.0
1225.0,1226.0,1.0
1225.0,4596.0,1.0
1225.0,2142.0,1.0
1226.0,7424.0,1.0
1227.0,1228.0,1.0
1227.0,1655.0,1.0
1227.0,6993.0,1.0
1228.0,14513.0,1.0
1230.0,1231.0,1.0
1230.0,11276.0,1.0
1230.0,13105.0,1.0
1232.0,1233.0,1.0
1232.0,4655.0,1.0
1232.0,5051.0,1.0
1233.0,11228.0,1.0
1233.0,13344.0,1.0
1237.0,4161.0,1.0
1237.0,6231.0,1.0
1249.0,1250.0,1.0
1249.0,3218.0,1.0
1249.0,6428.0,1.0
1250.0,5581.0,1.0
1250.0,3095.0,1.0
1250.0,2308.0,1.0
1252.0,11055.0,1.0
1254.0,16853.0,1.0
1257.0,1258.0,1.0
1257.0,7432.0,1.0
1258.0,2248.0,1.0
1259.0,17835.0,1.0
1268.0,1269.0,1.0
1268.0,13718.0,1.0
1269.0,7429.0,1.0
1269.0,3736.0,1.0
1270.0,1271.0,1.0
1270.0,10705.0,1.0
1270.0,6741.0,1.0
1271.0,16375.0,1.0
1271.0,10706.0,1.0
1272.0,1273.0,1.0
1272.0,6448.0,1.0
1275.0,6009.0,1.0
1275.0,5609.0,1.0
1278.0,1279.0,1.0
1278.0,21189.0,1.0
1279.0,4690.0,1.0
1279.0,20200.0,1.0
1280.0,1281.0,1.0
1280.0,5265.0,1.0
1280.0,2342.0,1.0
1280.0,9898.0,1.0
1280.0,6321.0,1.0
1281.0,6321.0,1.0
1284.0,5995.0,1.0
1284.0,11070.0,1.0
1301.0,1302.0,1.0
1301.0,13606.0,1.0
1302.0,6704.0,1.0
1302.0,13330.0,1.0
1304.0,1305.0,1.0
1304.0,6464.0,1.0
1304.0,16808.0,1.0
1304.0,12572.0,1.0
1305.0,3437.0,1.0
1305.0,9541.0,1.0
1305.0,16808.0,1.0
1306.0,1307.0,1.0
1306.0,6368.0,1.0
1307.0,6161.0,1.0
1307.0,3113.0,1.0
1313.0,2921.0,1.0
1313.0,11796.0,1.0
1313.0,16706.0,1.0
1319.0,18523.0,1.0
1319.0,13333.0,1.0
1319.0,18525.0,1.0
1330.0,8881.0,1.0
1334.0,4191.0,1.0
1338.0,1339.0,1.0
1338.0,9033.0,1.0
1339.0,5339.0,1.0
1340.0,3365.0,1.0
1340.0,5002.0,1.0
1340.0,7152.0,1.0
1343.0,1344.0,1.0
1343.0,7267.0,1.0
1343.0,10208.0,1.0
1344.0,10924.0,1.0
1345.0,1346.0,1.0
1345.0,13037.0,1.0
1345.0,7176.0,1.0
1345.0,7781.0,1.0
1346.0,3256.0,1.0
1348.0,5899.0,1.0
1348.0,7517.0,1.0
1348.0,2881.0,1.0
1350.0,4509.0,1.0
1350.0,16562.0,1.0
1351.0,1352.0,1.0
1351.0,6498.0,1.0
1351.0,10525.0,1.0
1352.0,5992.0,1.0
1353.0,1354.0,1.0
1354.0,1732.0,1.0
1354.0,6617.0,1.0
1354.0,10031.0,1.0
1359.0,1360.0,1.0
1359.0,11887.0,1.0
1359.0,16364.0,1.0
1360.0,5711.0,1.0
1360.0,3555.0,1.0
1362.0,11081.0,1.0
1362.0,11888.0,1.0
1371.0,7601.0,1.0
1371.0,6490.0,1.0
1372.0,1373.0,1.0
1372.0,4593.0,1.0
1374.0,6040.0,1.0
1380.0,16641.0,1.0
1380.0,16868.0,1.0
1388.0,1389.0,1.0
1388.0,6431.0,1.0
1389.0,10556.0,1.0
1389.0,6432.0,1.0
1390.0,1418.0,1.0
1393.0,9773.0,1.0
1394.0,1395.0,1.0
1394.0,3804.0,1.0
1394.0,12183.0,1.0
1395.0,3847.0,1.0
1395.0,10381.0,1.0
1398.0,1399.0,1.0
1399.0,2271.0,1.0
1399.0,5453.0,1.0
1399.0,1982.0,1.0
1400.0,1401.0,1.0
1400.0,6275.0,1.0
1402.0,1403.0,1.0
1402.0,5301.0,1.0
1402.0,16592.0,1.0
1402.0,6501.0,1.0
1403.0,2713.0,1.0
1406.0,2937.0,1.0
1406.0,14343.0,1.0
1407.0,1408.0,1.0
1407.0,11349.0,1.0
1407.0,4404.0,1.0
1408.0,2588.0,1.0
1408.0,2895.0,1.0
1408.0,4508.0,1.0
1409.0,5787.0,1.0
1409.0,12075.0,1.0
1411.0,5994.0,1.0
1418.0,1419.0,1.0
1418.0,17131.0,1.0
1427.0,8764.0,1.0
1427.0,7963.0,1.0
1428.0,1429.0,1.0
1428.0,10736.0,1.0
1428.0,6929.0,1.0
1428.0,2761.0,1.0
1429.0,14211.0,1.0
1429.0,13285.0,1.0
1444.0,8795.0,1.0
1450.0,1451.0,1.0
1450.0,20760.0,1.0
1451.0,6789.0,1.0
1451.0,12369.0,1.0
1452.0,9141.0,1.0
1453.0,1454.0,1.0
1453.0,6031.0,1.0
1453.0,17863.0,1.0
1454.0,2267.0,1.0
1455.0,4111.0,1.0
1459.0,10132.0,1.0
1459.0,9351.0,1.0
1463.0,1464.0,1.0
1463.0,7741.0,1.0
1463.0,11431.0,1.0
1463.0,8040.0,1.0
1464.0,7936.0,1.0
1464.0,13680.0,1.0
1483.0,5590.0,1.0
1483.0,10552.0,1.0
1483.0,17007.0,1.0
1494.0,11450.0,1.0
1495.0,1496.0,1.0
1495.0,8333.0,1.0
1496.0,3181.0,1.0
1496.0,5622.0,1.0
1498.0,12167.0,1.0
1498.0,11644.0,1.0
1499.0,1500.0,1.0
1499.0,6926.0,1.0
1499.0,11043.0,1.0
1499.0,10338.0,1.0
1500.0,11622.0,1.0
1500.0,7143.0,1.0
1501.0,1502.0,1.0
1501.0,12194.0,1.0
1502.0,1523.0,1.0
1504.0,14166.0,1.0
1504.0,4124.0,1.0
1506.0,9582.0,1.0
1506.0,9714.0,1.0
1508.0,2713.0,1.0
1510.0,1511.0,1.0
1511.0,12660.0,1.0
1514.0,5347.0,1.0
1514.0,7949.0,1.0
1514.0,6296.0,1.0
1518.0,5787.0,1.0
1518.0,2916.0,1.0
1520.0,1521.0,1.0
1520.0,6991.0,1.0
1520.0,12826.0,1.0
1521.0,3431.0,1.0
1522.0,1523.0,1.0
1522.0,6601.0,1.0
1522.0,4356.0,1.0
1523.0,4357.0,1.0
1525.0,1526.0,1.0
1525.0,9614.0,1.0
1526.0,7122.0,1.0
1527.0,10639.0,1.0
1527.0,11028.0,1.0
1545.0,5439.0,1.0
1545.0,16783.0,1.0
1545.0,16576.0,1.0
1546.0,1547.0,1.0
1546.0,10427.0,1.0
1547.0,10045.0,1.0
1549.0,2595.0,1.0
1549.0,10731.0,1.0
1552.0,1553.0,1.0
1552.0,3891.0,1.0
1552.0,7086.0,1.0
1553.0,10984.0,1.0
1555.0,4048.0,1.0
1555.0,14413.0,1.0
1555.0,8751.0,1.0
1560.0,1561.0,1.0
1560.0,3938.0,1.0
1560.0,5097.0,1.0
1561.0,12176.0,1.0
1561.0,4717.0,1.0
1564.0,1565.0,1.0
1565.0,7729.0,1.0
1568.0,1569.0,1.0
1568.0,4677.0,1.0
1568.0,10099.0,1.0
1569.0,3584.0,1.0
1569.0,4129.0,1.0
1589.0,13942.0,1.0
1592.0,3432.0,1.0
1597.0,1598.0,1.0
1597.0,11278.0,1.0
1597.0,12288.0,1.0
1598.0,9872.0,1.0
1598.0,5057.0,1.0
1601.0,8033.0,1.0
1602.0,14818.0,1.0
1602.0,7529.0,1.0
1616.0,9286.0,1.0
1616.0,5408.0,1.0
1617.0,6593.0,1.0
1617.0,13295.0,1.0
1617.0,18260.0,1.0
1621.0,1622.0,1.0
1621.0,7536.0,1.0
1621.0,7083.0,1.0
1621.0,16596.0,1.0
1622.0,5078.0,1.0
1622.0,15569.0,1.0
1624.0,1625.0,1.0
1624.0,7873.0,1.0
1625.0,19120.0,1.0
1628.0,5208.0,1.0
1628.0,4773.0,1.0
1628.0,4192.0,1.0
1630.0,2153.0,1.0
1630.0,13473.0,1.0
1630.0,3672.0,1.0
1631.0,1632.0,1.0
1631.0,13010.0,1.0
1631.0,16471.0,1.0
1632.0,9496.0,1.0
1632.0,3592.0,1.0
1633.0,1634.0,1.0
1633.0,6341.0,1.0
1633.0,6528.0,1.0
1634.0,3829.0,1.0
1635.0,5424.0,1.0
1637.0,2202.0,1.0
1637.0,8234.0,1.0
1637.0,14213.0,1.0
1639.0,1640.0,1.0
1639.0,3686.0,1.0
1639.0,16468.0,1.0
1640.0,5888.0,1.0
1647.0,1648.0,1.0
1647.0,4024.0,1.0
1647.0,12286.0,1.0
1648.0,2393.0,1.0
1648.0,16893.0,1.0
1649.0,3381.0,1.0
1650.0,1651.0,1.0
1650.0,3276.0,1.0
1650.0,7923.0,1.0
1651.0,7911.0,1.0
1652.0,4799.0,1.0
1652.0,17668.0,1.0
1655.0,7955.0,1.0
1656.0,1657.0,1.0
1656.0,5452.0,1.0
1656.0,13394.0,1.0
1657.0,2990.0,1.0
1658.0,6060.0,1.0
1658.0,7409.0,1.0
1658.0,7897.0,1.0
1662.0,7283.0,1.0
1662.0,7459.0,1.0
1662.0,14179.0,1.0
1673.0,1674.0,1.0
1674.0,3013.0,1.0
1674.0,4309.0,1.0
1675.0,1676.0,1.0
1675.0,9249.0,1.0
1675.0,6310.0,1.0
1676.0,8037.0,1.0
1676.0,4289.0,1.0
1677.0,1678.0,1.0
1677.0,1689.0,1.0
1677.0,9466.0,1.0
1678.0,4066.0,1.0
1678.0,3798.0,1.0
1681.0,1682.0,1.0
1681.0,2800.0,1.0
1688.0,13191.0,1.0
1688.0,11456.0,1.0
1688.0,21176.0,1.0
1689.0,9465.0,1.0
1690.0,1691.0,1.0
1691.0,5438.0,1.0
1691.0,9197.0,1.0
1692.0,1693.0,1.0
1692.0,12054.0,1.0
1692.0,5145.0,1.0
1694.0,8304.0,1.0
1694.0,4100.0,1.0
1695.0,1696.0,1.0
1695.0,5269.0,1.0
1695.0,2420.0,1.0
1696.0,10954.0,1.0
1697.0,1698.0,1.0
1697.0,14319.0,1.0
1697.0,16444.0,1.0
1698.0,2873.0,1.0
1698.0,3915.0,1.0
1707.0,1708.0,1.0
1707.0,4556.0,1.0
1707.0,11664.0,1.0
1707.0,3430.0,1.0
1708.0,6869.0,1.0
1708.0,11923.0,1.0
1714.0,1715.0,1.0
1714.0,7082.0,1.0
1714.0,13367.0,1.0
1715.0,5159.0,1.0
1716.0,9607.0,1.0
1716.0,7004.0,1.0
1717.0,9481.0,1.0
1717.0,2825.0,1.0
1729.0,1730.0,1.0
1729.0,8975.0,1.0
1730.0,11720.0,1.0
1732.0,1733.0,1.0
1732.0,5746.0,1.0
1732.0,2902.0,1.0
1733.0,2916.0,1.0
1735.0,10201.0,1.0
1735.0,10339.0,1.0
1735.0,3551.0,1.0
1739.0,3227.0,1.0
1739.0,13179.0,1.0
1745.0,1746.0,1.0
1745.0,9117.0,1.0
1745.0,9919.0,1.0
1745.0,13089.0,1.0
1746.0,8383.0,1.0
1746.0,4039.0,1.0
1750.0,13162.0,1.0
1750.0,4643.0,1.0
1751.0,1752.0,1.0
1751.0,16598.0,1.0
1751.0,15451.0,1.0
1752.0,13152.0,1.0
1752.0,19417.0,1.0
1752.0,15452.0,1.0
1753.0,2480.0,1.0
1753.0,11007.0,1.0
1753.0,17693.0,1.0
1755.0,1756.0,1.0
1755.0,2132.0,1.0
1756.0,4386.0,1.0
1757.0,1758.0,1.0
1757.0,7438.0,1.0
1758.0,4994.0,1.0
1759.0,3944.0,1.0
1759.0,19072.0,1.0
1782.0,9885.0,1.0
1782.0,5083.0,1.0
1782.0,15892.0,1.0
1783.0,8959.0,1.0
1783.0,5862.0,1.0
1786.0,1787.0,1.0
1786.0,9615.0,1.0
1786.0,3364.0,1.0
1787.0,6875.0,1.0
1788.0,1789.0,1.0
1788.0,5393.0,1.0
1789.0,6876.0,1.0
1789.0,5537.0,1.0
1790.0,1791.0,1.0
1790.0,11118.0,1.0
1790.0,11386.0,1.0
1791.0,8944.0,1.0
1791.0,6059.0,1.0
1791.0,10174.0,1.0
1797.0,7220.0,1.0
1797.0,7294.0,1.0
1801.0,6263.0,1.0
1801.0,9908.0,1.0
1806.0,1807.0,1.0
1806.0,11072.0,1.0
1806.0,3120.0,1.0
1807.0,2847.0,1.0
1807.0,12660.0,1.0
1821.0,1822.0,1.0
1821.0,5800.0,1.0
1821.0,1995.0,1.0
1822.0,6614.0,1.0
1823.0,1824.0,1.0
1823.0,4005.0,1.0
1823.0,2403.0,1.0
1823.0,12771.0,1.0
1824.0,13842.0,1.0
1832.0,1833.0,1.0
1832.0,16610.0,1.0
1832.0,13901.0,1.0
1833.0,6368.0,1.0
1834.0,1835.0,1.0
1834.0,7185.0,1.0
1835.0,2289.0,1.0
1837.0,3723.0,1.0
1837.0,10631.0,1.0
1840.0,1841.0,1.0
1840.0,4123.0,1.0
1840.0,4452.0,1.0
1840.0,6405.0,1.0
1841.0,16546.0,1.0
1843.0,5373.0,1.0
1843.0,18514.0,1.0
1844.0,6995.0,1.0
1844.0,13686.0,1.0
1846.0,1847.0,1.0
1846.0,13085.0,1.0
1846.0,13662.0,1.0
1847.0,13662.0,1.0
1867.0,16807.0,1.0
1867.0,17855.0,1.0
1869.0,11288.0,1.0
1871.0,1872.0,1.0
1872.0,16201.0,1.0
1872.0,16487.0,1.0
1872.0,3435.0,1.0
1874.0,2797.0,1.0
1874.0,7947.0,1.0
1880.0,1881.0,1.0
1880.0,3900.0,1.0
1880.0,7844.0,1.0
1881.0,3901.0,1.0
1886.0,6385.0,1.0
1888.0,1889.0,1.0
1888.0,7813.0,1.0
1888.0,4548.0,1.0
1888.0,14753.0,1.0
1889.0,8775.0,1.0
1890.0,1891.0,1.0
1890.0,12316.0,1.0
1890.0,8492.0,1.0
1891.0,7423.0,1.0
1891.0,13085.0,1.0
1891.0,18509.0,1.0
1891.0,13216.0,1.0
1892.0,1893.0,1.0
1892.0,2456.0,1.0
1892.0,5671.0,1.0
1893.0,6126.0,1.0
1893.0,9735.0,1.0
1895.0,3920.0,1.0
1895.0,3430.0,1.0
1904.0,5478.0,1.0
1904.0,4638.0,1.0
1918.0,4844.0,1.0
1918.0,9274.0,1.0
1923.0,1924.0,1.0
1924.0,5769.0,1.0
1924.0,5780.0,1.0
1925.0,1926.0,1.0
1925.0,11793.0,1.0
1926.0,3462.0,1.0
1926.0,2520.0,1.0
1928.0,3929.0,1.0
1928.0,8062.0,1.0
1928.0,5849.0,1.0
1930.0,3821.0,1.0
1930.0,5015.0,1.0
1931.0,10069.0,1.0
1931.0,9163.0,1.0
1931.0,8173.0,1.0
1937.0,9343.0,1.0
1940.0,11706.0,1.0
1940.0,7679.0,1.0
1941.0,1942.0,1.0
1941.0,10180.0,1.0
1941.0,12223.0,1.0
1942.0,5723.0,1.0
1942.0,11723.0,1.0
1942.0,15432.0,1.0
1942.0,5933.0,1.0
1942.0,10599.0,1.0
1951.0,1952.0,1.0
1951.0,14718.0,1.0
1951.0,14516.0,1.0
1952.0,3617.0,1.0
1952.0,5420.0,1.0
1956.0,1957.0,1.0
1956.0,4229.0,1.0
1956.0,3568.0,1.0
1956.0,3164.0,1.0
1957.0,6143.0,1.0
1957.0,9045.0,1.0
1957.0,6808.0,1.0
1958.0,1959.0,1.0
1958.0,7450.0,1.0
1958.0,9958.0,1.0
1958.0,10249.0,1.0
1959.0,5627.0,1.0
1959.0,19075.0,1.0
1962.0,2110.0,1.0
1962.0,9763.0,1.0
1962.0,20688.0,1.0
1965.0,12363.0,1.0
1965.0,7992.0,1.0
1976.0,1977.0,1.0
1976.0,15850.0,1.0
1977.0,14240.0,1.0
1980.0,15965.0,1.0
1980.0,16733.0,1.0
1980.0,16907.0,1.0
1982.0,8905.0,1.0
1989.0,7792.0,1.0
1989.0,7214.0,1.0
1989.0,13725.0,1.0
1990.0,1991.0,1.0
1990.0,9060.0,1.0
1990.0,7959.0,1.0
1990.0,5521.0,1.0
1991.0,10707.0,1.0
1991.0,5522.0,1.0
1992.0,1993.0,1.0
1992.0,10716.0,1.0
1992.0,11337.0,1.0
1994.0,1995.0,1.0
1994.0,16307.0,1.0
1994.0,14134.0,1.0
1995.0,6614.0,1.0
2004.0,2602.0,1.0
2004.0,6704.0,1.0
2013.0,2956.0,1.0
2013.0,9764.0,1.0
2013.0,7907.0,1.0
2014.0,7961.0,1.0
2014.0,16661.0,1.0
2014.0,11537.0,1.0
2020.0,2021.0,1.0
2020.0,3609.0,1.0
2020.0,3968.0,1.0
2026.0,12591.0,1.0
2026.0,17767.0,1.0
2029.0,2030.0,1.0
2029.0,13234.0,1.0
2029.0,5309.0,1.0
2030.0,5309.0,1.0
2030.0,10557.0,1.0
2030.0,15671.0,1.0
2030.0,11919.0,1.0
2033.0,2034.0,1.0
2033.0,17059.0,1.0
2033.0,14693.0,1.0
2039.0,19983.0,1.0
2039.0,19996.0,1.0
2040.0,2041.0,1.0
2040.0,3662.0,1.0
2041.0,3487.0,1.0
2053.0,5553.0,1.0
2053.0,11832.0,1.0
2058.0,7377.0,1.0
2058.0,7151.0,1.0
2058.0,12919.0,1.0
2060.0,2061.0,1.0
2060.0,11439.0,1.0
2060.0,6846.0,1.0
2061.0,4621.0,1.0
2061.0,4620.0,1.0
2062.0,11571.0,1.0
2062.0,13391.0,1.0
2062.0,9004.0,1.0
2069.0,3478.0,1.0
2069.0,5970.0,1.0
2072.0,2073.0,1.0
2072.0,9879.0,1.0
2072.0,6842.0,1.0
2072.0,14142.0,1.0
2073.0,3251.0,1.0
2075.0,2076.0,1.0
2075.0,6328.0,1.0
2075.0,9077.0,1.0
2076.0,13482.0,1.0
2077.0,2396.0,1.0
2077.0,16257.0,1.0
2080.0,8056.0,1.0
2080.0,13489.0,1.0
2082.0,2083.0,1.0
2082.0,9633.0,1.0
2082.0,5902.0,1.0
2083.0,5480.0,1.0
2087.0,8673.0,1.0
2096.0,5517.0,1.0
2096.0,4935.0,1.0
2102.0,5081.0,1.0
2102.0,10284.0,1.0
2102.0,4558.0,1.0
2109.0,2110.0,1.0
2109.0,9763.0,1.0
2110.0,2809.0,1.0
2110.0,7212.0,1.0
2116.0,2239.0,1.0
2116.0,6028.0,1.0
2118.0,2119.0,1.0
2118.0,11363.0,1.0
2118.0,14071.0,1.0
2124.0,2125.0,1.0
2124.0,8109.0,1.0
2124.0,3379.0,1.0
2125.0,4542.0,1.0
2125.0,6623.0,1.0
2127.0,2128.0,1.0
2127.0,6400.0,1.0
2127.0,8816.0,1.0
2128.0,5669.0,1.0
2128.0,4677.0,1.0
2129.0,2348.0,1.0
2129.0,12165.0,1.0
2132.0,2303.0,1.0
2132.0,4386.0,1.0
2133.0,2134.0,1.0
2133.0,8557.0,1.0
2133.0,7909.0,1.0
2134.0,10409.0,1.0
2134.0,6576.0,1.0
2139.0,2140.0,1.0
2139.0,15564.0,1.0
2139.0,14943.0,1.0
2140.0,12868.0,1.0
2140.0,14943.0,1.0
2141.0,2142.0,1.0
2141.0,11391.0,1.0
2141.0,11883.0,1.0
2142.0,4063.0,1.0
2143.0,2144.0,1.0
2144.0,9453.0,1.0
2144.0,8756.0,1.0
2147.0,7773.0,1.0
2147.0,3897.0,1.0
2148.0,2149.0,1.0
2148.0,8474.0,1.0
2148.0,7854.0,1.0
2148.0,7250.0,1.0
2149.0,6799.0,1.0
2149.0,3985.0,1.0
2150.0,2151.0,1.0
2150.0,6367.0,1.0
2150.0,7500.0,1.0
2150.0,2930.0,1.0
2150.0,5697.0,1.0
2151.0,11085.0,1.0
2151.0,15616.0,1.0
2153.0,12571.0,1.0
2155.0,11887.0,1.0
2155.0,11031.0,1.0
2158.0,2159.0,1.0
2158.0,10150.0,1.0
2159.0,7704.0,1.0
2159.0,5264.0,1.0
2162.0,3138.0,1.0
2162.0,9360.0,1.0
2163.0,2164.0,1.0
2163.0,8353.0,1.0
2164.0,11647.0,1.0
2164.0,4020.0,1.0
2179.0,7486.0,1.0
2179.0,10407.0,1.0
2179.0,9055.0,1.0
2181.0,2182.0,1.0
2181.0,3080.0,1.0
2182.0,13347.0,1.0
2182.0,16828.0,1.0
2182.0,7897.0,1.0
2186.0,3136.0,1.0
2186.0,13582.0,1.0
2192.0,6622.0,1.0
2192.0,4973.0,1.0
2202.0,2203.0,1.0
2202.0,10789.0,1.0
2202.0,14213.0,1.0
2202.0,16506.0,1.0
2203.0,10789.0,1.0
2206.0,2207.0,1.0
2206.0,4635.0,1.0
2206.0,12051.0,1.0
2206.0,9040.0,1.0
2207.0,2733.0,1.0
2225.0,2226.0,1.0
2225.0,12718.0,1.0
2226.0,4100.0,1.0
2226.0,8573.0,1.0
2235.0,2236.0,1.0
2235.0,6017.0,1.0
2235.0,9118.0,1.0
2235.0,21190.0,1.0
2236.0,7449.0,1.0
2237.0,2238.0,1.0
2237.0,3818.0,1.0
2237.0,7594.0,1.0
2237.0,11599.0,1.0
2239.0,6457.0,1.0
2242.0,2243.0,1.0
2242.0,4652.0,1.0
2243.0,13502.0,1.0
2243.0,6506.0,1.0
2244.0,2245.0,1.0
2244.0,7229.0,1.0
2244.0,12878.0,1.0
2244.0,7727.0,1.0
2245.0,16715.0,1.0
2245.0,12878.0,1.0
2248.0,2249.0,1.0
2248.0,7432.0,1.0
2248.0,14711.0,1.0
2249.0,9304.0,1.0
2249.0,3363.0,1.0
2255.0,5974.0,1.0
2255.0,17648.0,1.0
2264.0,3394.0,1.0
2264.0,6995.0,1.0
2264.0,12759.0,1.0
2265.0,2266.0,1.0
2265.0,10510.0,1.0
2265.0,5590.0,1.0
2265.0,7620.0,1.0
2266.0,10095.0,1.0
2266.0,3944.0,1.0
2266.0,5026.0,1.0
2267.0,8983.0,1.0
2270.0,2271.0,1.0
2270.0,9605.0,1.0
2270.0,5626.0,1.0
2270.0,12894.0,1.0
2271.0,8905.0,1.0
2272.0,3142.0,1.0
2277.0,2278.0,1.0
2277.0,8103.0,1.0
2277.0,10587.0,1.0
2277.0,11242.0,1.0
2278.0,8877.0,1.0
2278.0,14892.0,1.0
2278.0,16194.0,1.0
2279.0,2280.0,1.0
2279.0,4244.0,1.0
2279.0,13253.0,1.0
2280.0,2290.0,1.0
2290.0,6889.0,1.0
2292.0,2764.0,1.0
2292.0,13382.0,1.0
2292.0,13118.0,1.0
2299.0,6490.0,1.0
2299.0,10799.0,1.0
2299.0,8199.0,1.0
2302.0,2303.0,1.0
2302.0,4508.0,1.0
2302.0,4424.0,1.0
2303.0,8592.0,1.0
2304.0,8155.0,1.0
2304.0,6896.0,1.0
2307.0,2308.0,1.0
2307.0,3218.0,1.0
2308.0,15832.0,1.0
2312.0,2313.0,1.0
2312.0,10172.0,1.0
2313.0,11284.0,1.0
2315.0,5774.0,1.0
2315.0,7011.0,1.0
2315.0,7895.0,1.0
2316.0,5183.0,1.0
2316.0,11392.0,1.0
2316.0,15030.0,1.0
2316.0,17110.0,1.0
2320.0,2321.0,1.0
2320.0,7701.0,1.0
2321.0,20303.0,1.0
2331.0,2332.0,1.0
2331.0,7206.0,1.0
2331.0,7606.0,1.0
2332.0,5327.0,1.0
2333.0,4216.0,1.0
2333.0,20598.0,1.0
2336.0,17047.0,1.0
2338.0,17039.0,1.0
2338.0,7903.0,1.0
2341.0,10347.0,1.0
2342.0,16686.0,1.0
2342.0,8134.0,1.0
2344.0,14191.0,1.0
2344.0,10784.0,1.0
2347.0,9249.0,1.0
2347.0,6310.0,1.0
2348.0,7477.0,1.0
2348.0,7940.0,1.0
2349.0,8031.0,1.0
2352.0,4404.0,1.0
2354.0,2355.0,1.0
2354.0,9363.0,1.0
2355.0,2533.0,1.0
2369.0,7252.0,1.0
2369.0,4529.0,1.0
2371.0,2551.0,1.0
2371.0,12927.0,1.0
2376.0,12223.0,1.0
2381.0,7174.0,1.0
2381.0,4050.0,1.0
2381.0,19390.0,1.0
2382.0,7449.0,1.0
2382.0,14917.0,1.0
2384.0,10789.0,1.0
2384.0,16360.0,1.0
2384.0,14213.0,1.0
2386.0,2387.0,1.0
2386.0,2547.0,1.0
2386.0,5114.0,1.0
2386.0,7735.0,1.0
2387.0,7735.0,1.0
2387.0,9772.0,1.0
2390.0,9440.0,1.0
2390.0,11305.0,1.0
2390.0,13213.0,1.0
2393.0,11302.0,1.0
2395.0,2396.0,1.0
2395.0,6065.0,1.0
2395.0,15409.0,1.0
2396.0,5062.0,1.0
2396.0,11069.0,1.0
2397.0,2398.0,1.0
2397.0,6867.0,1.0
2397.0,11629.0,1.0
2398.0,5693.0,1.0
2398.0,6867.0,1.0
2399.0,2400.0,1.0
2399.0,10078.0,1.0
2399.0,13227.0,1.0
2399.0,5853.0,1.0
2400.0,11288.0,1.0
2400.0,14265.0,1.0
2403.0,2404.0,1.0
2404.0,12771.0,1.0
2407.0,2408.0,1.0
2407.0,10407.0,1.0
2407.0,5656.0,1.0
2408.0,5138.0,1.0
2408.0,9055.0,1.0
2411.0,12164.0,1.0
2411.0,16936.0,1.0
2411.0,14942.0,1.0
2413.0,2414.0,1.0
2413.0,5428.0,1.0
2413.0,4096.0,1.0
2420.0,12570.0,1.0
2421.0,2422.0,1.0
2421.0,5622.0,1.0
2421.0,3181.0,1.0
2421.0,5721.0,1.0
2422.0,10119.0,1.0
2422.0,14121.0,1.0
2430.0,4765.0,1.0
2431.0,2432.0,1.0
2431.0,9457.0,1.0
2432.0,12398.0,1.0
2432.0,14056.0,1.0
2432.0,16953.0,1.0
2446.0,6016.0,1.0
2446.0,15258.0,1.0
2456.0,2457.0,1.0
2456.0,5893.0,1.0
2457.0,5759.0,1.0
2457.0,10693.0,1.0
2460.0,2461.0,1.0
2460.0,16608.0,1.0
2460.0,9940.0,1.0
2463.0,14390.0,1.0
2463.0,13242.0,1.0
2464.0,2465.0,1.0
2465.0,4730.0,1.0
2465.0,13075.0,1.0
2466.0,4780.0,1.0
2466.0,11135.0,1.0
2466.0,14587.0,1.0
2480.0,8668.0,1.0
2480.0,18310.0,1.0
2481.0,7782.0,1.0
2481.0,7024.0,1.0
2485.0,16697.0,1.0
2485.0,4598.0,1.0
2486.0,10400.0,1.0
2486.0,16754.0,1.0
2486.0,8558.0,1.0
2487.0,2488.0,1.0
2487.0,3026.0,1.0
2487.0,14245.0,1.0
2488.0,7166.0,1.0
2488.0,10884.0,1.0
2497.0,2498.0,1.0
2497.0,10138.0,1.0
2498.0,11615.0,1.0
2499.0,6382.0,1.0
2499.0,9980.0,1.0
2510.0,5269.0,1.0
2511.0,2512.0,1.0
2511.0,11953.0,1.0
2512.0,5114.0,1.0
2514.0,10135.0,1.0
2514.0,3733.0,1.0
2516.0,2517.0,1.0
2516.0,4472.0,1.0
2516.0,13761.0,1.0
2517.0,8358.0,1.0
2517.0,9736.0,1.0
2518.0,3350.0,1.0
2518.0,12089.0,1.0
2518.0,11117.0,1.0
2520.0,13146.0,1.0
2522.0,7908.0,1.0
2522.0,4250.0,1.0
2522.0,4703.0,1.0
2531.0,12187.0,1.0
2533.0,16935.0,1.0
2536.0,17722.0,1.0
2536.0,18288.0,1.0
2540.0,3191.0,1.0
2540.0,4606.0,1.0
2541.0,2542.0,1.0
2541.0,6912.0,1.0
2541.0,6782.0,1.0
2542.0,10200.0,1.0
2542.0,9392.0,1.0
2542.0,4294.0,1.0
2544.0,7940.0,1.0
2544.0,9029.0,1.0
2547.0,14007.0,1.0
2550.0,2551.0,1.0
2550.0,4607.0,1.0
2551.0,11060.0,1.0
2557.0,2558.0,1.0
2557.0,7223.0,1.0
2557.0,11778.0,1.0
2561.0,2562.0,1.0
2561.0,3828.0,1.0
2561.0,13174.0,1.0
2561.0,18414.0,1.0
2562.0,17026.0,1.0
2562.0,12091.0,1.0
2566.0,2567.0,1.0
2566.0,7603.0,1.0
2566.0,14999.0,1.0
2567.0,10939.0,1.0
2567.0,11161.0,1.0
2568.0,10474.0,1.0
2568.0,6969.0,1.0
2568.0,8251.0,1.0
2568.0,4132.0,1.0
2570.0,2571.0,1.0
2570.0,9392.0,1.0
2570.0,8180.0,1.0
2571.0,10656.0,1.0
2571.0,4037.0,1.0
2571.0,6761.0,1.0
2574.0,2575.0,1.0
2574.0,2590.0,1.0
2574.0,7119.0,1.0
2575.0,5249.0,1.0
2575.0,13305.0,1.0
2579.0,5850.0,1.0
2580.0,2581.0,1.0
2581.0,10167.0,1.0
2581.0,11653.0,1.0
2581.0,20995.0,1.0
2584.0,2585.0,1.0
2584.0,8296.0,1.0
2584.0,10453.0,1.0
2585.0,4893.0,1.0
2585.0,7049.0,1.0
2588.0,2589.0,1.0
2589.0,4508.0,1.0
2589.0,4424.0,1.0
2589.0,13876.0,1.0
2590.0,4146.0,1.0
2590.0,5249.0,1.0
2594.0,5556.0,1.0
2595.0,2662.0,1.0
2595.0,6755.0,1.0
2596.0,2597.0,1.0
2596.0,9441.0,1.0
2596.0,6415.0,1.0
2596.0,11626.0,1.0
2602.0,4300.0,1.0
2615.0,2616.0,1.0
2615.0,7227.0,1.0
2615.0,11197.0,1.0
2626.0,2627.0,1.0
2626.0,8292.0,1.0
2626.0,6886.0,1.0
2626.0,5587.0,1.0
2627.0,5684.0,1.0
2632.0,14897.0,1.0
2632.0,3012.0,1.0
2634.0,2903.0,1.0
2638.0,12855.0,1.0
2638.0,15949.0,1.0
2651.0,2652.0,1.0
2651.0,6427.0,1.0
2651.0,12927.0,1.0
2652.0,6428.0,1.0
2653.0,2654.0,1.0
2654.0,3179.0,1.0
2658.0,2659.0,1.0
2658.0,4862.0,1.0
2658.0,10684.0,1.0
2658.0,21011.0,1.0
2659.0,2869.0,1.0
2659.0,6781.0,1.0
2664.0,9274.0,1.0
2665.0,2666.0,1.0
2665.0,11741.0,1.0
2665.0,8031.0,1.0
2666.0,3498.0,1.0
2668.0,13656.0,1.0
2668.0,10441.0,1.0
2669.0,6753.0,1.0
2669.0,9699.0,1.0
2671.0,2672.0,1.0
2671.0,14525.0,1.0
2671.0,6564.0,1.0
2672.0,15625.0,1.0
2672.0,15634.0,1.0
2674.0,11177.0,1.0
2674.0,16602.0,1.0
2681.0,2682.0,1.0
2681.0,14328.0,1.0
2681.0,17091.0,1.0
2681.0,14336.0,1.0
2682.0,5831.0,1.0
2682.0,15704.0,1.0
2682.0,18443.0,1.0
2686.0,15053.0,1.0
2686.0,16952.0,1.0
2698.0,10369.0,1.0
2698.0,16681.0,1.0
2711.0,2712.0,1.0
2711.0,3309.0,1.0
2712.0,3067.0,1.0
2712.0,13963.0,1.0
2713.0,3589.0,1.0
2713.0,6501.0,1.0
2716.0,2717.0,1.0
2716.0,7600.0,1.0
2717.0,13129.0,1.0
2717.0,16338.0,1.0
2720.0,8703.0,1.0
2720.0,10117.0,1.0
2722.0,2723.0,1.0
2722.0,6025.0,1.0
2722.0,16189.0,1.0
2723.0,11082.0,1.0
2723.0,11092.0,1.0
2723.0,16481.0,1.0
2724.0,9274.0,1.0
2724.0,16459.0,1.0
2727.0,2728.0,1.0
2727.0,9762.0,1.0
2727.0,10190.0,1.0
2727.0,13637.0,1.0
2728.0,4473.0,1.0
2728.0,13637.0,1.0
2733.0,2734.0,1.0
2733.0,9553.0,1.0
2734.0,3421.0,1.0
2734.0,10859.0,1.0
2736.0,2737.0,1.0
2736.0,5963.0,1.0
2736.0,11579.0,1.0
2737.0,10441.0,1.0
2737.0,12472.0,1.0
2741.0,3421.0,1.0
2741.0,19461.0,1.0
2741.0,20264.0,1.0
2745.0,11023.0,1.0
2745.0,4783.0,1.0
2754.0,2755.0,1.0
2754.0,6384.0,1.0
2754.0,20885.0,1.0
2754.0,20963.0,1.0
2755.0,8214.0,1.0
2755.0,14461.0,1.0
2755.0,20887.0,1.0
2757.0,2758.0,1.0
2757.0,5015.0,1.0
2757.0,10369.0,1.0
2757.0,9022.0,1.0
2758.0,11067.0,1.0
2760.0,2761.0,1.0
2760.0,7564.0,1.0
2761.0,7488.0,1.0
2761.0,5798.0,1.0
2764.0,5733.0,1.0
2772.0,3303.0,1.0
2772.0,12363.0,1.0
2776.0,2777.0,1.0
2776.0,9695.0,1.0
2776.0,16428.0,1.0
2776.0,16391.0,1.0
2777.0,7900.0,1.0
2777.0,4957.0,1.0
2778.0,11426.0,1.0
2778.0,6541.0,1.0
2778.0,9238.0,1.0
2778.0,10070.0,1.0
2779.0,2780.0,1.0
2779.0,4448.0,1.0
2779.0,6442.0,1.0
2781.0,5472.0,1.0
2784.0,5472.0,1.0
2784.0,4844.0,1.0
2789.0,2790.0,1.0
2789.0,16379.0,1.0
2790.0,17825.0,1.0
2791.0,2792.0,1.0
2791.0,11749.0,1.0
2791.0,6954.0,1.0
2794.0,7407.0,1.0
2794.0,6086.0,1.0
2797.0,2798.0,1.0
2797.0,4326.0,1.0
2798.0,10716.0,1.0
2798.0,14574.0,1.0
2800.0,10021.0,1.0
2800.0,3899.0,1.0
2803.0,2804.0,1.0
2803.0,12247.0,1.0
2804.0,5993.0,1.0
2804.0,4611.0,1.0
2807.0,2967.0,1.0
2807.0,9411.0,1.0
2807.0,10330.0,1.0
2809.0,13114.0,1.0
2810.0,2811.0,1.0
2810.0,11105.0,1.0
2811.0,11105.0,1.0
2811.0,9749.0,1.0
2816.0,2817.0,1.0
2816.0,7888.0,1.0
2816.0,8582.0,1.0
2816.0,16096.0,1.0
2817.0,8582.0,1.0
2817.0,11680.0,1.0
2821.0,11125.0,1.0
2824.0,2825.0,1.0
2824.0,9481.0,1.0
2824.0,11908.0,1.0
2825.0,10292.0,1.0
2825.0,10158.0,1.0
2839.0,13041.0,1.0
2839.0,12241.0,1.0
2840.0,13083.0,1.0
2840.0,16920.0,1.0
2842.0,2843.0,1.0
2842.0,14595.0,1.0
2844.0,2845.0,1.0
2844.0,4100.0,1.0
2844.0,9025.0,1.0
2845.0,11880.0,1.0
2845.0,9025.0,1.0
2846.0,2847.0,1.0
2846.0,11266.0,1.0
2846.0,13564.0,1.0
2847.0,9125.0,1.0
2848.0,2849.0,1.0
2848.0,10997.0,1.0
2849.0,4961.0,1.0
2849.0,9410.0,1.0
2849.0,4323.0,1.0
2852.0,2853.0,1.0
2852.0,9949.0,1.0
2853.0,13086.0,1.0
2854.0,5416.0,1.0
2854.0,3272.0,1.0
2854.0,9353.0,1.0
2860.0,2861.0,1.0
2860.0,8837.0,1.0
2861.0,17034.0,1.0
2861.0,17106.0,1.0
2868.0,3484.0,1.0
2869.0,10684.0,1.0
2869.0,6782.0,1.0
2873.0,9632.0,1.0
2873.0,3915.0,1.0
2874.0,9252.0,1.0
2874.0,3669.0,1.0
2880.0,2881.0,1.0
2880.0,8231.0,1.0
2880.0,13737.0,1.0
2880.0,6140.0,1.0
2881.0,8538.0,1.0
2884.0,8140.0,1.0
2884.0,5137.0,1.0
2884.0,7696.0,1.0
2889.0,9767.0,1.0
2889.0,9455.0,1.0
2893.0,2894.0,1.0
2893.0,4253.0,1.0
2893.0,5964.0,1.0
2893.0,7067.0,1.0
2894.0,8113.0,1.0
2894.0,11717.0,1.0
2894.0,10421.0,1.0
2895.0,3506.0,1.0
2896.0,2897.0,1.0
2896.0,7713.0,1.0
2898.0,2899.0,1.0
2898.0,6815.0,1.0
2898.0,3043.0,1.0
2899.0,10247.0,1.0
2899.0,5250.0,1.0
2899.0,3044.0,1.0
2902.0,2916.0,1.0
2902.0,3620.0,1.0
2903.0,4588.0,1.0
2906.0,2907.0,1.0
2906.0,6556.0,1.0
2909.0,6467.0,1.0
2909.0,9117.0,1.0
2909.0,10055.0,1.0
2911.0,16840.0,1.0
2911.0,8830.0,1.0
2916.0,3621.0,1.0
2919.0,2920.0,1.0
2919.0,10453.0,1.0
2919.0,7358.0,1.0
2920.0,6262.0,1.0
2920.0,16491.0,1.0
2920.0,9610.0,1.0
2921.0,8818.0,1.0
2921.0,20344.0,1.0
2922.0,2923.0,1.0
2922.0,4751.0,1.0
2922.0,14771.0,1.0
2923.0,17942.0,1.0
2926.0,2927.0,1.0
2926.0,12121.0,1.0
2926.0,6544.0,1.0
2927.0,11858.0,1.0
2928.0,7174.0,1.0
2928.0,11197.0,1.0
2928.0,11253.0,1.0
2929.0,2930.0,1.0
2929.0,7500.0,1.0
2929.0,3334.0,1.0
2930.0,12428.0,1.0
2931.0,2932.0,1.0
2931.0,14644.0,1.0
2931.0,12232.0,1.0
2932.0,4620.0,1.0
2932.0,8178.0,1.0
2933.0,2934.0,1.0
2933.0,9137.0,1.0
2934.0,5179.0,1.0
2935.0,7873.0,1.0
2937.0,7764.0,1.0
2937.0,4272.0,1.0
2944.0,11339.0,1.0
2947.0,5836.0,1.0
2947.0,14021.0,1.0
2950.0,3784.0,1.0
2950.0,6395.0,1.0
2950.0,12268.0,1.0
2956.0,11606.0,1.0
2956.0,7022.0,1.0
2956.0,7907.0,1.0
2958.0,4384.0,1.0
2958.0,9976.0,1.0
2967.0,7566.0,1.0
2967.0,8124.0,1.0
2967.0,3156.0,1.0
2969.0,3249.0,1.0
2970.0,2971.0,1.0
2971.0,6020.0,1.0
2974.0,2975.0,1.0
2974.0,13165.0,1.0
2975.0,13150.0,1.0
2975.0,16066.0,1.0
2976.0,2977.0,1.0
2976.0,6384.0,1.0
2976.0,9825.0,1.0
2977.0,7162.0,1.0
2977.0,13392.0,1.0
2978.0,2979.0,1.0
2978.0,10877.0,1.0
2979.0,3879.0,1.0
2981.0,3405.0,1.0
2981.0,6793.0,1.0
2981.0,15494.0,1.0
2988.0,16929.0,1.0
2990.0,5452.0,1.0
2990.0,6526.0,1.0
2990.0,13182.0,1.0
2991.0,7529.0,1.0
2991.0,6382.0,1.0
2997.0,4044.0,1.0
2997.0,5577.0,1.0
2997.0,3405.0,1.0
2997.0,12808.0,1.0
3007.0,8135.0,1.0
3007.0,14390.0,1.0
3009.0,3010.0,1.0
3010.0,5078.0,1.0
3010.0,5567.0,1.0
3012.0,5458.0,1.0
3013.0,6455.0,1.0
3013.0,5435.0,1.0
3015.0,9621.0,1.0
3015.0,3853.0,1.0
3017.0,7334.0,1.0
3019.0,3117.0,1.0
3020.0,3433.0,1.0
3026.0,3027.0,1.0
3026.0,14081.0,1.0
3026.0,7166.0,1.0
3035.0,13274.0,1.0
3043.0,3044.0,1.0
3047.0,7841.0,1.0
3049.0,9963.0,1.0
3049.0,9229.0,1.0
3052.0,3952.0,1.0
3053.0,3054.0,1.0
3053.0,7207.0,1.0
3053.0,8103.0,1.0
3054.0,10313.0,1.0
3054.0,11649.0,1.0
3064.0,9342.0,1.0
3064.0,5263.0,1.0
3066.0,3121.0,1.0
3066.0,3663.0,1.0
3067.0,3731.0,1.0
3077.0,3078.0,1.0
3077.0,16808.0,1.0
3077.0,16364.0,1.0
3078.0,8088.0,1.0
3078.0,7774.0,1.0
3078.0,8983.0,1.0
3079.0,3080.0,1.0
3079.0,3768.0,1.0
3079.0,4463.0,1.0
3080.0,6885.0,1.0
3081.0,3082.0,1.0
3081.0,16908.0,1.0
3081.0,18274.0,1.0
3082.0,18269.0,1.0
3083.0,3084.0,1.0
3083.0,8764.0,1.0
3083.0,8688.0,1.0
3084.0,7671.0,1.0
3084.0,6431.0,1.0
3095.0,4206.0,1.0
3095.0,11025.0,1.0
3099.0,3100.0,1.0
3099.0,7615.0,1.0
3099.0,11953.0,1.0
3106.0,3829.0,1.0
3106.0,10665.0,1.0
3107.0,3108.0,1.0
3107.0,5192.0,1.0
3108.0,3713.0,1.0
3108.0,7494.0,1.0
3108.0,8526.0,1.0
3109.0,3110.0,1.0
3109.0,3426.0,1.0
3109.0,19154.0,1.0
3111.0,10519.0,1.0
3111.0,21126.0,1.0
3111.0,8349.0,1.0
3113.0,4106.0,1.0
3113.0,9882.0,1.0
3114.0,3115.0,1.0
3114.0,3930.0,1.0
3114.0,3994.0,1.0
3115.0,3994.0,1.0
3115.0,10248.0,1.0
3117.0,7220.0,1.0
3117.0,10467.0,1.0
3117.0,6059.0,1.0
3119.0,3120.0,1.0
3120.0,13538.0,1.0
3121.0,11083.0,1.0
3122.0,3123.0,1.0
3123.0,9294.0,1.0
3123.0,9173.0,1.0
3127.0,3128.0,1.0
3127.0,7899.0,1.0
3128.0,13012.0,1.0
3133.0,6542.0,1.0
3133.0,6543.0,1.0
3133.0,19594.0,1.0
3133.0,19593.0,1.0
3135.0,3865.0,1.0
3135.0,7428.0,1.0
3136.0,3137.0,1.0
3136.0,9190.0,1.0
3137.0,6411.0,1.0
3137.0,3466.0,1.0
3138.0,13551.0,1.0
3138.0,3503.0,1.0
3141.0,3142.0,1.0
3141.0,12759.0,1.0
3141.0,9667.0,1.0
3142.0,6539.0,1.0
3142.0,6600.0,1.0
3143.0,8181.0,1.0
3143.0,10882.0,1.0
3147.0,4340.0,1.0
3147.0,4002.0,1.0
3150.0,11688.0,1.0
3150.0,11294.0,1.0
3152.0,13268.0,1.0
3153.0,3154.0,1.0
3154.0,3547.0,1.0
3154.0,5330.0,1.0
3156.0,3167.0,1.0
3156.0,7565.0,1.0
3164.0,3165.0,1.0
3164.0,6143.0,1.0
3164.0,3568.0,1.0
3165.0,3275.0,1.0
3165.0,4860.0,1.0
3166.0,3167.0,1.0
3166.0,7140.0,1.0
3167.0,3404.0,1.0
3167.0,7046.0,1.0
3168.0,3169.0,1.0
3168.0,3187.0,1.0
3168.0,9434.0,1.0
3169.0,4232.0,1.0
3169.0,9435.0,1.0
3174.0,4539.0,1.0
3174.0,13860.0,1.0
3175.0,6009.0,1.0
3175.0,12366.0,1.0
3179.0,16954.0,1.0
3183.0,10619.0,1.0
3186.0,3187.0,1.0
3186.0,10893.0,1.0
3187.0,4313.0,1.0
3187.0,7616.0,1.0
3191.0,3406.0,1.0
3191.0,4161.0,1.0
3192.0,3193.0,1.0
3193.0,8693.0,1.0
3193.0,10794.0,1.0
3194.0,6398.0,1.0
3198.0,3199.0,1.0
3198.0,13615.0,1.0
3198.0,12460.0,1.0
3199.0,14092.0,1.0
3201.0,3202.0,1.0
3202.0,4974.0,1.0
3202.0,9645.0,1.0
3205.0,3206.0,1.0
3205.0,4344.0,1.0
3205.0,11982.0,1.0
3205.0,10261.0,1.0
3206.0,7681.0,1.0
3206.0,11352.0,1.0
3206.0,10261.0,1.0
3207.0,3208.0,1.0
3207.0,10887.0,1.0
3212.0,3557.0,1.0
3213.0,3214.0,1.0
3213.0,11028.0,1.0
3214.0,6501.0,1.0
3214.0,5301.0,1.0
3214.0,5867.0,1.0
3217.0,3218.0,1.0
3217.0,3958.0,1.0
3217.0,14017.0,1.0
3219.0,3891.0,1.0
3219.0,10952.0,1.0
3219.0,8688.0,1.0
3223.0,3224.0,1.0
3223.0,6060.0,1.0
3224.0,4799.0,1.0
3225.0,3226.0,1.0
3225.0,9669.0,1.0
3225.0,10902.0,1.0
3225.0,3567.0,1.0
3226.0,10488.0,1.0
3226.0,16561.0,1.0
3227.0,16596.0,1.0
3238.0,10830.0,1.0
3238.0,16810.0,1.0
3238.0,3901.0,1.0
3239.0,3240.0,1.0
3239.0,9098.0,1.0
3239.0,7074.0,1.0
3239.0,8229.0,1.0
3240.0,9836.0,1.0
3240.0,16798.0,1.0
3241.0,3242.0,1.0
3241.0,12206.0,1.0
3241.0,13150.0,1.0
3247.0,3248.0,1.0
3247.0,5817.0,1.0
3247.0,13873.0,1.0
3248.0,6328.0,1.0
3249.0,3250.0,1.0
3249.0,5727.0,1.0
3249.0,5991.0,1.0
3250.0,5728.0,1.0
3256.0,3257.0,1.0
3256.0,13037.0,1.0
3257.0,12980.0,1.0
3257.0,14011.0,1.0
3260.0,6297.0,1.0
3262.0,3263.0,1.0
3262.0,12833.0,1.0
3262.0,16537.0,1.0
3263.0,9213.0,1.0
3263.0,16845.0,1.0
3263.0,17101.0,1.0
3271.0,3272.0,1.0
3271.0,9353.0,1.0
3272.0,11049.0,1.0
3272.0,14086.0,1.0
3275.0,7455.0,1.0
3275.0,20362.0,1.0
3280.0,4721.0,1.0
3282.0,3283.0,1.0
3282.0,6466.0,1.0
3282.0,7358.0,1.0
3282.0,7895.0,1.0
3283.0,5169.0,1.0
3283.0,7246.0,1.0
3287.0,18070.0,1.0
3287.0,11942.0,1.0
3294.0,18118.0,1.0
3303.0,14619.0,1.0
3303.0,6637.0,1.0
3308.0,3309.0,1.0
3308.0,4506.0,1.0
3308.0,6499.0,1.0
3309.0,13963.0,1.0
3310.0,17519.0,1.0
3312.0,3313.0,1.0
3312.0,9435.0,1.0
3312.0,10552.0,1.0
3312.0,8959.0,1.0
3314.0,3315.0,1.0
3314.0,6769.0,1.0
3314.0,8946.0,1.0
3315.0,3426.0,1.0
3324.0,3325.0,1.0
3324.0,5583.0,1.0
3324.0,12029.0,1.0
3324.0,9755.0,1.0
3325.0,8506.0,1.0
3325.0,6971.0,1.0
3325.0,10201.0,1.0
3326.0,13526.0,1.0
3333.0,3334.0,1.0
3333.0,4971.0,1.0
3334.0,7499.0,1.0
3334.0,13161.0,1.0
3338.0,3339.0,1.0
3338.0,5553.0,1.0
3338.0,4274.0,1.0
3339.0,4316.0,1.0
3342.0,3343.0,1.0
3342.0,10514.0,1.0
3343.0,11721.0,1.0
3348.0,18447.0,1.0
3349.0,3350.0,1.0
3349.0,16503.0,1.0
3350.0,12368.0,1.0
3353.0,4131.0,1.0
3353.0,10467.0,1.0
3357.0,14217.0,1.0
3358.0,13993.0,1.0
3360.0,7347.0,1.0
3363.0,3364.0,1.0
3363.0,9615.0,1.0
3364.0,8175.0,1.0
3365.0,11869.0,1.0
3374.0,10526.0,1.0
3374.0,4656.0,1.0
3379.0,3380.0,1.0
3380.0,7782.0,1.0
3380.0,4542.0,1.0
3381.0,11805.0,1.0
3384.0,3385.0,1.0
3384.0,10352.0,1.0
3384.0,7737.0,1.0
3384.0,16972.0,1.0
3385.0,7613.0,1.0
3385.0,7738.0,1.0
3386.0,3387.0,1.0
3386.0,5886.0,1.0
3387.0,3624.0,1.0
3387.0,17007.0,1.0
3388.0,5092.0,1.0
3394.0,9667.0,1.0
3395.0,13368.0,1.0
3395.0,7509.0,1.0
3395.0,13335.0,1.0
3403.0,3404.0,1.0
3403.0,6320.0,1.0
3403.0,9214.0,1.0
3404.0,7565.0,1.0
3405.0,12808.0,1.0
3405.0,10907.0,1.0
3407.0,7316.0,1.0
3407.0,18243.0,1.0
3415.0,5610.0,1.0
3415.0,9421.0,1.0
3419.0,3870.0,1.0
3421.0,17574.0,1.0
3421.0,16520.0,1.0
3423.0,5869.0,1.0
3423.0,8862.0,1.0
3424.0,3425.0,1.0
3424.0,5791.0,1.0
3425.0,4547.0,1.0
3425.0,15084.0,1.0
3425.0,7282.0,1.0
3426.0,3427.0,1.0
3426.0,8152.0,1.0
3426.0,8946.0,1.0
3429.0,3430.0,1.0
3429.0,4460.0,1.0
3429.0,11664.0,1.0
3431.0,3432.0,1.0
3432.0,8789.0,1.0
3433.0,3434.0,1.0
3433.0,4188.0,1.0
3434.0,4566.0,1.0
3434.0,6575.0,1.0
3435.0,10484.0,1.0
3435.0,16236.0,1.0
3437.0,7028.0,1.0
3437.0,6401.0,1.0
3437.0,4478.0,1.0
3438.0,3439.0,1.0
3439.0,5040.0,1.0
3439.0,13074.0,1.0
3449.0,3450.0,1.0
3449.0,12994.0,1.0
3450.0,7082.0,1.0
3450.0,10861.0,1.0
3451.0,3452.0,1.0
3451.0,3522.0,1.0
3451.0,12883.0,1.0
3452.0,16965.0,1.0
3458.0,3459.0,1.0
3458.0,17070.0,1.0
3460.0,3461.0,1.0
3460.0,9138.0,1.0
3460.0,12071.0,1.0
3461.0,7050.0,1.0
3461.0,6035.0,1.0
3462.0,4282.0,1.0
3463.0,14536.0,1.0
3463.0,10049.0,1.0
3465.0,3466.0,1.0
3466.0,10193.0,1.0
3466.0,9190.0,1.0
3467.0,6840.0,1.0
3467.0,10756.0,1.0
3469.0,11739.0,1.0
3473.0,4798.0,1.0
3473.0,9441.0,1.0
3483.0,3484.0,1.0
3483.0,13842.0,1.0
3484.0,10009.0,1.0
3485.0,3486.0,1.0
3485.0,4317.0,1.0
3485.0,4383.0,1.0
3486.0,13410.0,1.0
3486.0,12536.0,1.0
3486.0,4383.0,1.0
3487.0,8037.0,1.0
3493.0,3494.0,1.0
3494.0,5608.0,1.0
3494.0,12589.0,1.0
3495.0,11436.0,1.0
3498.0,10572.0,1.0
3498.0,18238.0,1.0
3499.0,3500.0,1.0
3499.0,5997.0,1.0
3499.0,10826.0,1.0
3500.0,6832.0,1.0
3500.0,10020.0,1.0
3501.0,3502.0,1.0
3501.0,5140.0,1.0
3501.0,16038.0,1.0
3501.0,10172.0,1.0
3502.0,8408.0,1.0
3502.0,5531.0,1.0
3502.0,11284.0,1.0
3503.0,6500.0,1.0
3503.0,9360.0,1.0
3506.0,4508.0,1.0
3507.0,3508.0,1.0
3507.0,17103.0,1.0
3507.0,17557.0,1.0
3509.0,5656.0,1.0
3520.0,6199.0,1.0
3522.0,16509.0,1.0
3522.0,5908.0,1.0
3523.0,3524.0,1.0
3523.0,9857.0,1.0
3523.0,17960.0,1.0
3524.0,5055.0,1.0
3524.0,12905.0,1.0
3524.0,18243.0,1.0
3527.0,13405.0,1.0
3527.0,4997.0,1.0
3529.0,7785.0,1.0
3529.0,13162.0,1.0
3532.0,3533.0,1.0
3532.0,4529.0,1.0
3536.0,16713.0,1.0
3547.0,3548.0,1.0
3548.0,4537.0,1.0
3550.0,4255.0,1.0
3550.0,8158.0,1.0
3550.0,4028.0,1.0
3551.0,8506.0,1.0
3555.0,3556.0,1.0
3555.0,10414.0,1.0
3556.0,14675.0,1.0
3557.0,6253.0,1.0
3557.0,5440.0,1.0
3557.0,11623.0,1.0
3558.0,3559.0,1.0
3558.0,9011.0,1.0
3558.0,20686.0,1.0
3565.0,12058.0,1.0
3566.0,3567.0,1.0
3566.0,10021.0,1.0
3566.0,9669.0,1.0
3566.0,6327.0,1.0
3567.0,3871.0,1.0
3567.0,10488.0,1.0
3568.0,4458.0,1.0
3568.0,5884.0,1.0
3569.0,3570.0,1.0
3570.0,6020.0,1.0
3580.0,3581.0,1.0
3580.0,11722.0,1.0
3581.0,7071.0,1.0
3584.0,4130.0,1.0
3584.0,10099.0,1.0
3584.0,5603.0,1.0
3588.0,3681.0,1.0
3588.0,18113.0,1.0
3588.0,20860.0,1.0
3592.0,3593.0,1.0
3592.0,5707.0,1.0
3592.0,13010.0,1.0
3593.0,13010.0,1.0
3594.0,16801.0,1.0
3609.0,8344.0,1.0
3609.0,5379.0,1.0
3615.0,5155.0,1.0
3615.0,4507.0,1.0
3617.0,8415.0,1.0
3617.0,7933.0,1.0
3620.0,3621.0,1.0
3620.0,4650.0,1.0
3621.0,5787.0,1.0
3621.0,18233.0,1.0
3624.0,3625.0,1.0
3624.0,5886.0,1.0
3624.0,11688.0,1.0
3625.0,21188.0,1.0
3627.0,3628.0,1.0
3627.0,8877.0,1.0
3627.0,13272.0,1.0
3627.0,14892.0,1.0
3628.0,6786.0,1.0
3629.0,3630.0,1.0
3629.0,5521.0,1.0
3629.0,7256.0,1.0
3630.0,5522.0,1.0
3630.0,14352.0,1.0
3630.0,16667.0,1.0
3631.0,15515.0,1.0
3641.0,3642.0,1.0
3641.0,15751.0,1.0
3641.0,15772.0,1.0
3641.0,17796.0,1.0
3642.0,16521.0,1.0
3643.0,3644.0,1.0
3643.0,6134.0,1.0
3643.0,17161.0,1.0
3644.0,15963.0,1.0
3654.0,3655.0,1.0
3654.0,14892.0,1.0
3654.0,6786.0,1.0
3654.0,20394.0,1.0
3655.0,10812.0,1.0
3656.0,12509.0,1.0
3659.0,12891.0,1.0
3659.0,16927.0,1.0
3660.0,3661.0,1.0
3660.0,7371.0,1.0
3660.0,17508.0,1.0
3660.0,10238.0,1.0
3661.0,12699.0,1.0
3662.0,3663.0,1.0
3662.0,8998.0,1.0
3663.0,4147.0,1.0
3664.0,8660.0,1.0
3664.0,7522.0,1.0
3668.0,3669.0,1.0
3668.0,4399.0,1.0
3669.0,10368.0,1.0
3669.0,4400.0,1.0
3671.0,3672.0,1.0
3671.0,10725.0,1.0
3671.0,12627.0,1.0
3672.0,13473.0,1.0
3675.0,3676.0,1.0
3675.0,8602.0,1.0
3675.0,9034.0,1.0
3675.0,4003.0,1.0
3676.0,8424.0,1.0
3676.0,8603.0,1.0
3681.0,12459.0,1.0
3681.0,13314.0,1.0
3682.0,8274.0,1.0
3682.0,16442.0,1.0
3686.0,3687.0,1.0
3686.0,8696.0,1.0
3687.0,4840.0,1.0
3687.0,16468.0,1.0
3692.0,7899.0,1.0
3692.0,10604.0,1.0
3705.0,9349.0,1.0
3705.0,13028.0,1.0
3705.0,7504.0,1.0
3707.0,5467.0,1.0
3707.0,14908.0,1.0
3710.0,14898.0,1.0
3713.0,3714.0,1.0
3713.0,9749.0,1.0
3714.0,7494.0,1.0
3714.0,4337.0,1.0
3718.0,3719.0,1.0
3718.0,10257.0,1.0
3718.0,11675.0,1.0
3719.0,6364.0,1.0
3719.0,12066.0,1.0
3720.0,4265.0,1.0
3720.0,12399.0,1.0
3722.0,8738.0,1.0
3722.0,12572.0,1.0
3725.0,3726.0,1.0
3725.0,6424.0,1.0
3725.0,17741.0,1.0
3725.0,16642.0,1.0
3726.0,5184.0,1.0
3726.0,13170.0,1.0
3731.0,3732.0,1.0
3731.0,4888.0,1.0
3731.0,9651.0,1.0
3732.0,5911.0,1.0
3733.0,3734.0,1.0
3734.0,11935.0,1.0
3735.0,3736.0,1.0
3740.0,3741.0,1.0
3740.0,11412.0,1.0
3740.0,4791.0,1.0
3740.0,12860.0,1.0
3741.0,9262.0,1.0
3741.0,13146.0,1.0
3749.0,3750.0,1.0
3749.0,4716.0,1.0
3750.0,9692.0,1.0
3750.0,12197.0,1.0
3755.0,11539.0,1.0
3755.0,7089.0,1.0
3759.0,3760.0,1.0
3759.0,6385.0,1.0
3760.0,6386.0,1.0
3767.0,3768.0,1.0
3767.0,6927.0,1.0
3773.0,3774.0,1.0
3773.0,15359.0,1.0
3774.0,5480.0,1.0
3774.0,11094.0,1.0
3778.0,3779.0,1.0
3778.0,15469.0,1.0
3778.0,8010.0,1.0
3779.0,15475.0,1.0
3779.0,11466.0,1.0
3780.0,3781.0,1.0
3780.0,4141.0,1.0
3780.0,9337.0,1.0
3780.0,17231.0,1.0
3781.0,10787.0,1.0
3782.0,13132.0,1.0
3782.0,17884.0,1.0
3783.0,3784.0,1.0
3783.0,6394.0,1.0
3783.0,10541.0,1.0
3799.0,12527.0,1.0
3799.0,15560.0,1.0
3799.0,16879.0,1.0
3801.0,3802.0,1.0
3801.0,11582.0,1.0
3801.0,17549.0,1.0
3802.0,15971.0,1.0
3802.0,15937.0,1.0
3803.0,3893.0,1.0
3804.0,10391.0,1.0
3805.0,9524.0,1.0
3805.0,11939.0,1.0
3807.0,6335.0,1.0
3807.0,13860.0,1.0
3807.0,20435.0,1.0
3810.0,3811.0,1.0
3810.0,8821.0,1.0
3810.0,12530.0,1.0
3810.0,4311.0,1.0
3811.0,8821.0,1.0
3811.0,16319.0,1.0
3811.0,16314.0,1.0
3821.0,10883.0,1.0
3822.0,6954.0,1.0
3822.0,6576.0,1.0
3822.0,9221.0,1.0
3824.0,19458.0,1.0
3824.0,19459.0,1.0
3824.0,20723.0,1.0
3828.0,13173.0,1.0
3828.0,17026.0,1.0
3829.0,6448.0,1.0
3832.0,4908.0,1.0
3832.0,7851.0,1.0
3832.0,11502.0,1.0
3837.0,7667.0,1.0
3837.0,5224.0,1.0
3843.0,6142.0,1.0
3843.0,12811.0,1.0
3847.0,12006.0,1.0
3847.0,10682.0,1.0
3847.0,16957.0,1.0
3850.0,15535.0,1.0
3850.0,18071.0,1.0
3853.0,3854.0,1.0
3853.0,9337.0,1.0
3853.0,9621.0,1.0
3854.0,11395.0,1.0
3859.0,17214.0,1.0
3859.0,17006.0,1.0
3860.0,3861.0,1.0
3861.0,6993.0,1.0
3865.0,15899.0,1.0
3870.0,3871.0,1.0
3874.0,4786.0,1.0
3874.0,9266.0,1.0
3874.0,4135.0,1.0
3878.0,3879.0,1.0
3878.0,9228.0,1.0
3878.0,17427.0,1.0
3879.0,13236.0,1.0
3884.0,4836.0,1.0
3887.0,3888.0,1.0
3888.0,13558.0,1.0
3888.0,12315.0,1.0
3888.0,17135.0,1.0
3889.0,7612.0,1.0
3889.0,15842.0,1.0
3891.0,7671.0,1.0
3893.0,7857.0,1.0
3897.0,6033.0,1.0
3899.0,10020.0,1.0
3900.0,3901.0,1.0
3902.0,3903.0,1.0
3903.0,4509.0,1.0
3915.0,6498.0,1.0
3917.0,3919.0,1.0
3917.0,16538.0,1.0
3918.0,13082.0,1.0
3918.0,12211.0,1.0
3919.0,3920.0,1.0
3920.0,11169.0,1.0
3920.0,13059.0,1.0
3925.0,3926.0,1.0
3925.0,6901.0,1.0
3925.0,9587.0,1.0
3927.0,3928.0,1.0
3927.0,11337.0,1.0
3927.0,8497.0,1.0
3928.0,7324.0,1.0
3929.0,12777.0,1.0
3930.0,3931.0,1.0
3930.0,5770.0,1.0
3931.0,17125.0,1.0
3938.0,3939.0,1.0
3938.0,4717.0,1.0
3938.0,5128.0,1.0
3942.0,9958.0,1.0
3942.0,11620.0,1.0
3944.0,3945.0,1.0
3944.0,10510.0,1.0
3945.0,5026.0,1.0
3945.0,6026.0,1.0
3947.0,7855.0,1.0
3947.0,17577.0,1.0
3951.0,12169.0,1.0
3951.0,8042.0,1.0
3952.0,3953.0,1.0
3952.0,6141.0,1.0
3952.0,5331.0,1.0
3953.0,5331.0,1.0
3953.0,17284.0,1.0
3955.0,7283.0,1.0
3955.0,13912.0,1.0
3958.0,6825.0,1.0
3964.0,11304.0,1.0
3964.0,4653.0,1.0
3969.0,3970.0,1.0
3969.0,7911.0,1.0
3969.0,6473.0,1.0
3969.0,8054.0,1.0
3970.0,12170.0,1.0
3970.0,13295.0,1.0
3975.0,11690.0,1.0
3975.0,4368.0,1.0
3976.0,15556.0,1.0
3976.0,12642.0,1.0
3976.0,8394.0,1.0
3981.0,3982.0,1.0
3981.0,5212.0,1.0
3981.0,8883.0,1.0
3981.0,17997.0,1.0
3982.0,14579.0,1.0
3984.0,3985.0,1.0
3984.0,6834.0,1.0
3984.0,8474.0,1.0
3985.0,7345.0,1.0
3993.0,10370.0,1.0
3993.0,14194.0,1.0
3995.0,3996.0,1.0
3995.0,8645.0,1.0
3995.0,13584.0,1.0
3995.0,10761.0,1.0
3996.0,5594.0,1.0
3997.0,3998.0,1.0
3997.0,6051.0,1.0
3997.0,5675.0,1.0
3998.0,16331.0,1.0
4001.0,4002.0,1.0
4001.0,6016.0,1.0
4001.0,4340.0,1.0
4003.0,7590.0,1.0
4005.0,10332.0,1.0
4018.0,4019.0,1.0
4018.0,8455.0,1.0
4018.0,8454.0,1.0
4018.0,6345.0,1.0
4019.0,8527.0,1.0
4020.0,4021.0,1.0
4021.0,10643.0,1.0
4022.0,4023.0,1.0
4022.0,5608.0,1.0
4022.0,12589.0,1.0
4022.0,5094.0,1.0
4023.0,12915.0,1.0
4024.0,4025.0,1.0
4024.0,7065.0,1.0
4025.0,13105.0,1.0
4028.0,4029.0,1.0
4028.0,7348.0,1.0
4029.0,9304.0,1.0
4029.0,16665.0,1.0
4029.0,14668.0,1.0
4032.0,4033.0,1.0
4032.0,8334.0,1.0
4032.0,6826.0,1.0
4033.0,10439.0,1.0
4033.0,17769.0,1.0
4034.0,11760.0,1.0
4034.0,5834.0,1.0
4037.0,7694.0,1.0
4037.0,9392.0,1.0
4039.0,4040.0,1.0
4039.0,8383.0,1.0
4040.0,6351.0,1.0
4041.0,4042.0,1.0
4041.0,7797.0,1.0
4043.0,4044.0,1.0
4043.0,5577.0,1.0
4043.0,17041.0,1.0
4044.0,10907.0,1.0
4044.0,9422.0,1.0
4045.0,15560.0,1.0
4048.0,13168.0,1.0
4048.0,14413.0,1.0
4048.0,17489.0,1.0
4049.0,4050.0,1.0
4049.0,4065.0,1.0
4049.0,7078.0,1.0
4050.0,5771.0,1.0
4050.0,7079.0,1.0
4051.0,4052.0,1.0
4052.0,9444.0,1.0
4052.0,12343.0,1.0
4053.0,4054.0,1.0
4053.0,4900.0,1.0
4053.0,13333.0,1.0
4054.0,12869.0,1.0
4054.0,6309.0,1.0
4061.0,4062.0,1.0
4062.0,4857.0,1.0
4062.0,13079.0,1.0
4063.0,4064.0,1.0
4063.0,7424.0,1.0
4063.0,11391.0,1.0
4064.0,9914.0,1.0
4064.0,11911.0,1.0
4065.0,13308.0,1.0
4065.0,5771.0,1.0
4065.0,16688.0,1.0
4066.0,8583.0,1.0
4069.0,9069.0,1.0
4069.0,13817.0,1.0
4081.0,4082.0,1.0
4081.0,7429.0,1.0
4082.0,6991.0,1.0
4082.0,6926.0,1.0
4082.0,11043.0,1.0
4083.0,4084.0,1.0
4083.0,14288.0,1.0
4083.0,20697.0,1.0
4086.0,4087.0,1.0
4086.0,10310.0,1.0
4087.0,4972.0,1.0
4087.0,12380.0,1.0
4088.0,4089.0,1.0
4088.0,5583.0,1.0
4088.0,6020.0,1.0
4089.0,6021.0,1.0
4089.0,16766.0,1.0
4090.0,17628.0,1.0
4090.0,17562.0,1.0
4090.0,20716.0,1.0
4096.0,13536.0,1.0
4099.0,12891.0,1.0
4102.0,5381.0,1.0
4102.0,4493.0,1.0
4105.0,4106.0,1.0
4105.0,7961.0,1.0
4105.0,9882.0,1.0
4105.0,16661.0,1.0
4106.0,4861.0,1.0
4109.0,10354.0,1.0
4110.0,4111.0,1.0
4110.0,13274.0,1.0
4110.0,10852.0,1.0
4111.0,9877.0,1.0
4123.0,9484.0,1.0
4123.0,7855.0,1.0
4124.0,6896.0,1.0
4128.0,11280.0,1.0
4129.0,4130.0,1.0
4129.0,14428.0,1.0
4130.0,6644.0,1.0
4130.0,10380.0,1.0
4131.0,6059.0,1.0
4131.0,8944.0,1.0
4132.0,6968.0,1.0
4132.0,8250.0,1.0
4132.0,12713.0,1.0
4133.0,7015.0,1.0
4133.0,13883.0,1.0
4135.0,9266.0,1.0
4137.0,9585.0,1.0
4137.0,7963.0,1.0
4141.0,11605.0,1.0
4141.0,10504.0,1.0
4144.0,4145.0,1.0
4145.0,5672.0,1.0
4145.0,9511.0,1.0
4146.0,9882.0,1.0
4146.0,7961.0,1.0
4147.0,4783.0,1.0
4148.0,4149.0,1.0
4148.0,12762.0,1.0
4149.0,5400.0,1.0
4149.0,5993.0,1.0
4161.0,7744.0,1.0
4162.0,16593.0,1.0
4162.0,4356.0,1.0
4162.0,19386.0,1.0
4172.0,7256.0,1.0
4172.0,4615.0,1.0
4176.0,18516.0,1.0
4176.0,7050.0,1.0
4180.0,7695.0,1.0
4183.0,4184.0,1.0
4183.0,6109.0,1.0
4183.0,11115.0,1.0
4184.0,8458.0,1.0
4184.0,12138.0,1.0
4186.0,5689.0,1.0
4188.0,9649.0,1.0
4191.0,10624.0,1.0
4191.0,5913.0,1.0
4192.0,9472.0,1.0
4206.0,5897.0,1.0
4212.0,8832.0,1.0
4215.0,6431.0,1.0
4216.0,12094.0,1.0
4216.0,16953.0,1.0
4216.0,12398.0,1.0
4229.0,9044.0,1.0
4229.0,7700.0,1.0
4232.0,13450.0,1.0
4232.0,11256.0,1.0
4236.0,4819.0,1.0
4236.0,7693.0,1.0
4236.0,17666.0,1.0
4237.0,10135.0,1.0
4237.0,14552.0,1.0
4239.0,4240.0,1.0
4239.0,6525.0,1.0
4239.0,4337.0,1.0
4239.0,8384.0,1.0
4240.0,4306.0,1.0
4240.0,7252.0,1.0
4244.0,10539.0,1.0
4244.0,12522.0,1.0
4246.0,4247.0,1.0
4246.0,10261.0,1.0
4246.0,13719.0,1.0
4246.0,11352.0,1.0
4247.0,7608.0,1.0
4247.0,10322.0,1.0
4247.0,20951.0,1.0
4248.0,12805.0,1.0
4249.0,4250.0,1.0
4249.0,11635.0,1.0
4249.0,7908.0,1.0
4250.0,5508.0,1.0
4253.0,5995.0,1.0
4253.0,9594.0,1.0
4255.0,7348.0,1.0
4255.0,17051.0,1.0
4261.0,9901.0,1.0
4272.0,4273.0,1.0
4272.0,8032.0,1.0
4272.0,14790.0,1.0
4273.0,12099.0,1.0
4274.0,4275.0,1.0
4274.0,5640.0,1.0
4275.0,11720.0,1.0
4275.0,5641.0,1.0
4278.0,4279.0,1.0
4278.0,11431.0,1.0
4279.0,10031.0,1.0
4280.0,4281.0,1.0
4281.0,8835.0,1.0
4281.0,16251.0,1.0
4282.0,5932.0,1.0
4282.0,14204.0,1.0
4286.0,6847.0,1.0
4286.0,9666.0,1.0
4286.0,12809.0,1.0
4286.0,8524.0,1.0
4289.0,13359.0,1.0
4289.0,9249.0,1.0
4291.0,10979.0,1.0
4291.0,11386.0,1.0
4291.0,11118.0,1.0
4294.0,4295.0,1.0
4295.0,10200.0,1.0
4295.0,11659.0,1.0
4295.0,18313.0,1.0
4300.0,5764.0,1.0
4301.0,4302.0,1.0
4301.0,12463.0,1.0
4302.0,13416.0,1.0
4302.0,10486.0,1.0
4302.0,20599.0,1.0
4305.0,9388.0,1.0
4305.0,9901.0,1.0
4306.0,4307.0,1.0
4306.0,4337.0,1.0
4307.0,4529.0,1.0
4307.0,7252.0,1.0
4308.0,11081.0,1.0
4308.0,12084.0,1.0
4311.0,4312.0,1.0
4311.0,11865.0,1.0
4311.0,10672.0,1.0
4312.0,10673.0,1.0
4312.0,16319.0,1.0
4313.0,4480.0,1.0
4316.0,6016.0,1.0
4319.0,4320.0,1.0
4319.0,8856.0,1.0
4319.0,5464.0,1.0
4320.0,10341.0,1.0
4320.0,8388.0,1.0
4323.0,4324.0,1.0
4323.0,6051.0,1.0
4324.0,10016.0,1.0
4325.0,4326.0,1.0
4325.0,7946.0,1.0
4326.0,7947.0,1.0
4326.0,12986.0,1.0
4328.0,10853.0,1.0
4330.0,8261.0,1.0
4330.0,11449.0,1.0
4334.0,4335.0,1.0
4335.0,13574.0,1.0
4336.0,4337.0,1.0
4336.0,6525.0,1.0
4336.0,7494.0,1.0
4336.0,11145.0,1.0
4339.0,16416.0,1.0
4339.0,17960.0,1.0
4340.0,6017.0,1.0
4342.0,4343.0,1.0
4342.0,7233.0,1.0
4342.0,13764.0,1.0
4343.0,5012.0,1.0
4343.0,16551.0,1.0
4343.0,7438.0,1.0
4344.0,11982.0,1.0
4344.0,6028.0,1.0
4348.0,7745.0,1.0
4348.0,8040.0,1.0
4348.0,7741.0,1.0
4356.0,4357.0,1.0
4356.0,5729.0,1.0
4362.0,4363.0,1.0
4362.0,7035.0,1.0
4362.0,15411.0,1.0
4362.0,20267.0,1.0
4367.0,4368.0,1.0
4367.0,11184.0,1.0
4367.0,10836.0,1.0
4369.0,11485.0,1.0
4369.0,13580.0,1.0
4369.0,9130.0,1.0
4370.0,9569.0,1.0
4370.0,11647.0,1.0
4370.0,16484.0,1.0
4372.0,17009.0,1.0
4372.0,17008.0,1.0
4377.0,8034.0,1.0
4377.0,9508.0,1.0
4377.0,9922.0,1.0
4383.0,16887.0,1.0
4383.0,17730.0,1.0
4384.0,5596.0,1.0
4384.0,13898.0,1.0
4386.0,8592.0,1.0
4387.0,4388.0,1.0
4387.0,6280.0,1.0
4388.0,10853.0,1.0
4390.0,5393.0,1.0
4390.0,10820.0,1.0
4393.0,11103.0,1.0
4393.0,12286.0,1.0
4393.0,8499.0,1.0
4399.0,4400.0,1.0
4399.0,16471.0,1.0
4400.0,8820.0,1.0
4405.0,4406.0,1.0
4405.0,6500.0,1.0
4405.0,14337.0,1.0
4406.0,14337.0,1.0
4406.0,13798.0,1.0
4406.0,11790.0,1.0
4407.0,4408.0,1.0
4407.0,6062.0,1.0
4407.0,16999.0,1.0
4407.0,5376.0,1.0
4408.0,17578.0,1.0
4408.0,13735.0,1.0
4422.0,4423.0,1.0
4422.0,5210.0,1.0
4422.0,4803.0,1.0
4422.0,8426.0,1.0
4424.0,4425.0,1.0
4424.0,8592.0,1.0
4440.0,15420.0,1.0
4440.0,14930.0,1.0
4448.0,5493.0,1.0
4448.0,11315.0,1.0
4452.0,17864.0,1.0
4455.0,4456.0,1.0
4456.0,12862.0,1.0
4457.0,4458.0,1.0
4457.0,12807.0,1.0
4458.0,5883.0,1.0
4459.0,4460.0,1.0
4459.0,5113.0,1.0
4460.0,9162.0,1.0
4463.0,5625.0,1.0
4467.0,4468.0,1.0
4467.0,13447.0,1.0
4467.0,6199.0,1.0
4469.0,4470.0,1.0
4469.0,6231.0,1.0
4470.0,6681.0,1.0
4471.0,4472.0,1.0
4471.0,10442.0,1.0
4471.0,7847.0,1.0
4472.0,9736.0,1.0
4472.0,11505.0,1.0
4473.0,4474.0,1.0
4473.0,7601.0,1.0
4474.0,16630.0,1.0
4478.0,9541.0,1.0
4478.0,15132.0,1.0
4481.0,4482.0,1.0
4481.0,10582.0,1.0
4481.0,7330.0,1.0
4482.0,10582.0,1.0
4493.0,4802.0,1.0
4494.0,10466.0,1.0
4494.0,5527.0,1.0
4506.0,4507.0,1.0
4506.0,5139.0,1.0
4506.0,13963.0,1.0
4507.0,5107.0,1.0
4512.0,7280.0,1.0
4512.0,17766.0,1.0
4532.0,4533.0,1.0
4533.0,7141.0,1.0
4533.0,11556.0,1.0
4534.0,4535.0,1.0
4534.0,16380.0,1.0
4535.0,4776.0,1.0
4537.0,5778.0,1.0
4537.0,10066.0,1.0
4539.0,14552.0,1.0
4542.0,8676.0,1.0
4547.0,4548.0,1.0
4547.0,6065.0,1.0
4548.0,11069.0,1.0
4550.0,9789.0,1.0
4550.0,13916.0,1.0
4554.0,4555.0,1.0
4555.0,13046.0,1.0
4558.0,9546.0,1.0
4565.0,16496.0,1.0
4565.0,16375.0,1.0
4566.0,7909.0,1.0
4566.0,5480.0,1.0
4569.0,10638.0,1.0
4569.0,16416.0,1.0
4572.0,6918.0,1.0
4572.0,6968.0,1.0
4575.0,7509.0,1.0
4575.0,6160.0,1.0
4583.0,6228.0,1.0
4583.0,7902.0,1.0
4583.0,5630.0,1.0
4585.0,16907.0,1.0
4585.0,20776.0,1.0
4587.0,4870.0,1.0
4587.0,8746.0,1.0
4593.0,9881.0,1.0
4593.0,7992.0,1.0
4596.0,13777.0,1.0
4598.0,11680.0,1.0
4601.0,6774.0,1.0
4603.0,6889.0,1.0
4605.0,4606.0,1.0
4605.0,7146.0,1.0
4605.0,9403.0,1.0
4607.0,11436.0,1.0
4607.0,9071.0,1.0
4612.0,9763.0,1.0
4612.0,12076.0,1.0
4615.0,4669.0,1.0
4616.0,4617.0,1.0
4616.0,10709.0,1.0
4616.0,16790.0,1.0
4617.0,13438.0,1.0
4618.0,9967.0,1.0
4618.0,13391.0,1.0
4620.0,4621.0,1.0
4620.0,12232.0,1.0
4635.0,5052.0,1.0
4638.0,5020.0,1.0
4638.0,10309.0,1.0
4640.0,4641.0,1.0
4640.0,8064.0,1.0
4640.0,14449.0,1.0
4642.0,4643.0,1.0
4642.0,10572.0,1.0
4643.0,16845.0,1.0
4645.0,5537.0,1.0
4649.0,4650.0,1.0
4652.0,6506.0,1.0
4653.0,4654.0,1.0
4653.0,12670.0,1.0
4655.0,10668.0,1.0
4656.0,7387.0,1.0
4659.0,7335.0,1.0
4659.0,13253.0,1.0
4669.0,8353.0,1.0
4669.0,8419.0,1.0
4670.0,4671.0,1.0
4670.0,7526.0,1.0
4670.0,16608.0,1.0
4670.0,16638.0,1.0
4671.0,8258.0,1.0
4675.0,20693.0,1.0
4680.0,13028.0,1.0
4693.0,4694.0,1.0
4693.0,12937.0,1.0
4693.0,6509.0,1.0
4694.0,12928.0,1.0
4698.0,4699.0,1.0
4698.0,5062.0,1.0
4698.0,12115.0,1.0
4699.0,11209.0,1.0
4699.0,16253.0,1.0
4699.0,16597.0,1.0
4703.0,5050.0,1.0
4703.0,13607.0,1.0
4704.0,4705.0,1.0
4704.0,11797.0,1.0
4704.0,8938.0,1.0
4705.0,11774.0,1.0
4711.0,11373.0,1.0
4713.0,8333.0,1.0
4713.0,7865.0,1.0
4715.0,8528.0,1.0
4715.0,8047.0,1.0
4715.0,9068.0,1.0
4716.0,12641.0,1.0
4716.0,6772.0,1.0
4717.0,6263.0,1.0
4721.0,6161.0,1.0
4730.0,9124.0,1.0
4730.0,11895.0,1.0
4735.0,11927.0,1.0
4744.0,15495.0,1.0
4744.0,10410.0,1.0
4744.0,20321.0,1.0
4747.0,4748.0,1.0
4747.0,14336.0,1.0
4748.0,5832.0,1.0
4749.0,4750.0,1.0
4749.0,9525.0,1.0
4749.0,7071.0,1.0
4750.0,11527.0,1.0
4750.0,12289.0,1.0
4751.0,14005.0,1.0
4751.0,12879.0,1.0
4751.0,16589.0,1.0
4765.0,4766.0,1.0
4766.0,16354.0,1.0
4769.0,4770.0,1.0
4769.0,9410.0,1.0
4769.0,9409.0,1.0
4769.0,8153.0,1.0
4770.0,7195.0,1.0
4770.0,8154.0,1.0
4773.0,12512.0,1.0
4773.0,16824.0,1.0
4776.0,5153.0,1.0
4776.0,7669.0,1.0
4776.0,12988.0,1.0
4783.0,7287.0,1.0
4784.0,5684.0,1.0
4786.0,4787.0,1.0
4786.0,9194.0,1.0
4786.0,6383.0,1.0
4787.0,5096.0,1.0
4787.0,8748.0,1.0
4791.0,9233.0,1.0
4793.0,9403.0,1.0
4793.0,7141.0,1.0
4798.0,10320.0,1.0
4798.0,17131.0,1.0
4799.0,12416.0,1.0
4802.0,4803.0,1.0
4802.0,8426.0,1.0
4802.0,5381.0,1.0
4806.0,4807.0,1.0
4806.0,10122.0,1.0
4806.0,13592.0,1.0
4807.0,7208.0,1.0
4807.0,6933.0,1.0
4807.0,13128.0,1.0
4812.0,4813.0,1.0
4812.0,5017.0,1.0
4812.0,12913.0,1.0
4813.0,10724.0,1.0
4813.0,9433.0,1.0
4813.0,14906.0,1.0
4814.0,4815.0,1.0
4814.0,17693.0,1.0
4815.0,9077.0,1.0
4818.0,9612.0,1.0
4818.0,7938.0,1.0
4818.0,5537.0,1.0
4819.0,11903.0,1.0
4819.0,12447.0,1.0
4820.0,9407.0,1.0
4820.0,11284.0,1.0
4820.0,14257.0,1.0
4824.0,4825.0,1.0
4824.0,11326.0,1.0
4824.0,11017.0,1.0
4825.0,5437.0,1.0
4825.0,7979.0,1.0
4825.0,9842.0,1.0
4827.0,10575.0,1.0
4827.0,11603.0,1.0
4827.0,7340.0,1.0
4829.0,10905.0,1.0
4829.0,11061.0,1.0
4836.0,10295.0,1.0
4838.0,7599.0,1.0
4838.0,7835.0,1.0
4839.0,8751.0,1.0
4839.0,8582.0,1.0
4839.0,10049.0,1.0
4840.0,4841.0,1.0
4840.0,8696.0,1.0
4841.0,6848.0,1.0
4841.0,8217.0,1.0
4844.0,4941.0,1.0
4844.0,7756.0,1.0
4857.0,4858.0,1.0
4857.0,12174.0,1.0
4857.0,10655.0,1.0
4858.0,7085.0,1.0
4858.0,13079.0,1.0
4858.0,10628.0,1.0
4860.0,6143.0,1.0
4861.0,4862.0,1.0
4861.0,6977.0,1.0
4861.0,16661.0,1.0
4862.0,6837.0,1.0
4864.0,8693.0,1.0
4864.0,7554.0,1.0
4870.0,9063.0,1.0
4871.0,4872.0,1.0
4871.0,9349.0,1.0
4871.0,20858.0,1.0
4872.0,7229.0,1.0
4872.0,18067.0,1.0
4874.0,5770.0,1.0
4874.0,13776.0,1.0
4874.0,10423.0,1.0
4886.0,4887.0,1.0
4886.0,13863.0,1.0
4887.0,16540.0,1.0
4888.0,12357.0,1.0
4889.0,4890.0,1.0
4889.0,6901.0,1.0
4889.0,11622.0,1.0
4889.0,7143.0,1.0
4890.0,12266.0,1.0
4895.0,7907.0,1.0
4895.0,11606.0,1.0
4895.0,16921.0,1.0
4898.0,4899.0,1.0
4898.0,10511.0,1.0
4898.0,14832.0,1.0
4899.0,13193.0,1.0
4900.0,13389.0,1.0
4901.0,16897.0,1.0
4905.0,4906.0,1.0
4905.0,6961.0,1.0
4908.0,6652.0,1.0
4908.0,7247.0,1.0
4922.0,4923.0,1.0
4923.0,11979.0,1.0
4923.0,5017.0,1.0
4923.0,12737.0,1.0
4927.0,4928.0,1.0
4927.0,9954.0,1.0
4927.0,14232.0,1.0
4928.0,12357.0,1.0
4928.0,13279.0,1.0
4930.0,12223.0,1.0
4930.0,6447.0,1.0
4934.0,16543.0,1.0
4934.0,16952.0,1.0
4935.0,6160.0,1.0
4935.0,8933.0,1.0
4940.0,11508.0,1.0
4940.0,10571.0,1.0
4941.0,6399.0,1.0
4941.0,7756.0,1.0
4954.0,16519.0,1.0
4957.0,8419.0,1.0
4961.0,10997.0,1.0
4961.0,11319.0,1.0
4964.0,5079.0,1.0
4964.0,7451.0,1.0
4964.0,10624.0,1.0
4968.0,4969.0,1.0
4968.0,16433.0,1.0
4968.0,17046.0,1.0
4969.0,10098.0,1.0
4969.0,20379.0,1.0
4970.0,4971.0,1.0
4970.0,6162.0,1.0
4971.0,14863.0,1.0
4972.0,4973.0,1.0
4973.0,7237.0,1.0
4973.0,6902.0,1.0
4974.0,4975.0,1.0
4975.0,8387.0,1.0
4975.0,9645.0,1.0
4975.0,10520.0,1.0
4984.0,11013.0,1.0
4984.0,11326.0,1.0
4992.0,8168.0,1.0
4992.0,8459.0,1.0
4996.0,5281.0,1.0
4996.0,9129.0,1.0
4997.0,7760.0,1.0
5000.0,5001.0,1.0
5000.0,14931.0,1.0
5001.0,15157.0,1.0
5002.0,10172.0,1.0
5002.0,7151.0,1.0
5002.0,11869.0,1.0
5008.0,8149.0,1.0
5008.0,8255.0,1.0
5009.0,5683.0,1.0
5009.0,12893.0,1.0
5013.0,12720.0,1.0
5013.0,16366.0,1.0
5017.0,5018.0,1.0
5017.0,5302.0,1.0
5018.0,9052.0,1.0
5018.0,12737.0,1.0
5018.0,12913.0,1.0
5020.0,6613.0,1.0
5020.0,9654.0,1.0
5020.0,9024.0,1.0
5023.0,5024.0,1.0
5023.0,13765.0,1.0
5026.0,10702.0,1.0
5040.0,13777.0,1.0
5041.0,5042.0,1.0
5041.0,9535.0,1.0
5041.0,10624.0,1.0
5042.0,9838.0,1.0
5042.0,9535.0,1.0
5042.0,16490.0,1.0
5046.0,9735.0,1.0
5050.0,7280.0,1.0
5051.0,5052.0,1.0
5051.0,13220.0,1.0
5052.0,19402.0,1.0
5052.0,20262.0,1.0
5055.0,5056.0,1.0
5055.0,11009.0,1.0
5056.0,9815.0,1.0
5056.0,5109.0,1.0
5056.0,12905.0,1.0
5057.0,5387.0,1.0
5079.0,9387.0,1.0
5079.0,14817.0,1.0
5079.0,7452.0,1.0
5080.0,5081.0,1.0
5080.0,5267.0,1.0
5080.0,8753.0,1.0
5081.0,5806.0,1.0
5082.0,5083.0,1.0
5083.0,11501.0,1.0
5092.0,5093.0,1.0
5092.0,16374.0,1.0
5092.0,20380.0,1.0
5094.0,5095.0,1.0
5094.0,9848.0,1.0
5095.0,11558.0,1.0
5095.0,5714.0,1.0
5096.0,9194.0,1.0
5097.0,12964.0,1.0
5099.0,5100.0,1.0
5099.0,6898.0,1.0
5099.0,10167.0,1.0
5103.0,5104.0,1.0
5104.0,6319.0,1.0
5104.0,10229.0,1.0
5107.0,9056.0,1.0
5109.0,10655.0,1.0
5110.0,5111.0,1.0
5110.0,10140.0,1.0
5110.0,7685.0,1.0
5111.0,8855.0,1.0
5111.0,6380.0,1.0
5111.0,11452.0,1.0
5113.0,11169.0,1.0
5113.0,14513.0,1.0
5114.0,14007.0,1.0
5115.0,9484.0,1.0
5120.0,14913.0,1.0
5120.0,15738.0,1.0
5125.0,9141.0,1.0
5125.0,19512.0,1.0
5126.0,5127.0,1.0
5126.0,13460.0,1.0
5126.0,17561.0,1.0
5127.0,9238.0,1.0
5127.0,20716.0,1.0
5128.0,9294.0,1.0
5128.0,6263.0,1.0
5136.0,5137.0,1.0
5136.0,6086.0,1.0
5136.0,7407.0,1.0
5137.0,8236.0,1.0
5137.0,7695.0,1.0
5138.0,5139.0,1.0
5138.0,6529.0,1.0
5139.0,6499.0,1.0
5139.0,9056.0,1.0
5140.0,5141.0,1.0
5140.0,10226.0,1.0
5141.0,16189.0,1.0
5141.0,16956.0,1.0
5141.0,16038.0,1.0
5143.0,7638.0,1.0
5143.0,5614.0,1.0
5143.0,13482.0,1.0
5144.0,5145.0,1.0
5144.0,8957.0,1.0
5145.0,5702.0,1.0
5145.0,12054.0,1.0
5147.0,5148.0,1.0
5147.0,12169.0,1.0
5147.0,17041.0,1.0
5148.0,5577.0,1.0
5148.0,17041.0,1.0
5148.0,16307.0,1.0
5153.0,12857.0,1.0
5154.0,6548.0,1.0
5154.0,12671.0,1.0
5159.0,5218.0,1.0
5168.0,11253.0,1.0
5169.0,14284.0,1.0
5173.0,7401.0,1.0
5173.0,11225.0,1.0
5179.0,9137.0,1.0
5184.0,14077.0,1.0
5184.0,10827.0,1.0
5185.0,5186.0,1.0
5185.0,6261.0,1.0
5185.0,20401.0,1.0
5185.0,18173.0,1.0
5186.0,6262.0,1.0
5187.0,20056.0,1.0
5187.0,20360.0,1.0
5191.0,5192.0,1.0
5193.0,5194.0,1.0
5194.0,16892.0,1.0
5194.0,6958.0,1.0
5208.0,16824.0,1.0
5209.0,5210.0,1.0
5209.0,8426.0,1.0
5209.0,9699.0,1.0
5210.0,10826.0,1.0
5212.0,12032.0,1.0
5212.0,9545.0,1.0
5216.0,11059.0,1.0
5218.0,5423.0,1.0
5218.0,11715.0,1.0
5219.0,12924.0,1.0
5221.0,5222.0,1.0
5221.0,5543.0,1.0
5221.0,14866.0,1.0
5222.0,7564.0,1.0
5222.0,14866.0,1.0
5224.0,5225.0,1.0
5224.0,7667.0,1.0
5225.0,5402.0,1.0
5227.0,10692.0,1.0
5227.0,9197.0,1.0
5228.0,6870.0,1.0
5228.0,12886.0,1.0
5234.0,13883.0,1.0
5249.0,7961.0,1.0
5249.0,11537.0,1.0
5250.0,5251.0,1.0
5250.0,9406.0,1.0
5251.0,5908.0,1.0
5260.0,7222.0,1.0
5260.0,7692.0,1.0
5262.0,9755.0,1.0
5262.0,9092.0,1.0
5262.0,7118.0,1.0
5263.0,5264.0,1.0
5264.0,10062.0,1.0
5265.0,8134.0,1.0
5266.0,5267.0,1.0
5266.0,8719.0,1.0
5266.0,6239.0,1.0
5267.0,13687.0,1.0
5269.0,9779.0,1.0
5281.0,16480.0,1.0
5281.0,13211.0,1.0
5285.0,10761.0,1.0
5288.0,5289.0,1.0
5289.0,8503.0,1.0
5289.0,5931.0,1.0
5291.0,8083.0,1.0
5291.0,6649.0,1.0
5291.0,12617.0,1.0
5298.0,5299.0,1.0
5298.0,8577.0,1.0
5298.0,16624.0,1.0
5298.0,16488.0,1.0
5299.0,9138.0,1.0
5299.0,12071.0,1.0
5299.0,16625.0,1.0
5317.0,10889.0,1.0
5317.0,19527.0,1.0
5317.0,16781.0,1.0
5317.0,20653.0,1.0
5325.0,8128.0,1.0
5325.0,6742.0,1.0
5327.0,9461.0,1.0
5329.0,5330.0,1.0
5329.0,11267.0,1.0
5330.0,11267.0,1.0
5331.0,9240.0,1.0
5339.0,16824.0,1.0
5342.0,11805.0,1.0
5344.0,6290.0,1.0
5344.0,7085.0,1.0
5345.0,5346.0,1.0
5346.0,12536.0,1.0
5346.0,16748.0,1.0
5347.0,10285.0,1.0
5350.0,7248.0,1.0
5352.0,10736.0,1.0
5354.0,5355.0,1.0
5354.0,10745.0,1.0
5355.0,9888.0,1.0
5355.0,7527.0,1.0
5357.0,7865.0,1.0
5357.0,8333.0,1.0
5360.0,5361.0,1.0
5360.0,14900.0,1.0
5361.0,17083.0,1.0
5362.0,5363.0,1.0
5362.0,10018.0,1.0
5362.0,15715.0,1.0
5363.0,15715.0,1.0
5363.0,19423.0,1.0
5373.0,12709.0,1.0
5373.0,17214.0,1.0
5373.0,11704.0,1.0
5376.0,5377.0,1.0
5376.0,16356.0,1.0
5376.0,17588.0,1.0
5377.0,10602.0,1.0
5379.0,5380.0,1.0
5379.0,9529.0,1.0
5380.0,16717.0,1.0
5383.0,12094.0,1.0
5387.0,13318.0,1.0
5387.0,5569.0,1.0
5393.0,5394.0,1.0
5393.0,6876.0,1.0
5394.0,12104.0,1.0
5394.0,10820.0,1.0
5399.0,9361.0,1.0
5400.0,17735.0,1.0
5407.0,9390.0,1.0
5407.0,7557.0,1.0
5408.0,13370.0,1.0
5411.0,6064.0,1.0
5411.0,9363.0,1.0
5414.0,10049.0,1.0
5416.0,9124.0,1.0
5417.0,11803.0,1.0
5418.0,5419.0,1.0
5418.0,11080.0,1.0
5418.0,11981.0,1.0
5418.0,10772.0,1.0
5419.0,10862.0,1.0
5420.0,5421.0,1.0
5420.0,8110.0,1.0
5421.0,7933.0,1.0
5423.0,12946.0,1.0
5424.0,12676.0,1.0
5424.0,8100.0,1.0
5428.0,8437.0,1.0
5428.0,11038.0,1.0
5430.0,6456.0,1.0
5430.0,9780.0,1.0
5430.0,5648.0,1.0
5430.0,16410.0,1.0
5435.0,5436.0,1.0
5435.0,9156.0,1.0
5436.0,9179.0,1.0
5436.0,6455.0,1.0
5436.0,14852.0,1.0
5438.0,21011.0,1.0
5439.0,16754.0,1.0
5448.0,5449.0,1.0
5448.0,14927.0,1.0
5448.0,18038.0,1.0
5448.0,20963.0,1.0
5449.0,14060.0,1.0
5452.0,16874.0,1.0
5454.0,6351.0,1.0
5454.0,14021.0,1.0
5456.0,5457.0,1.0
5456.0,16713.0,1.0
5456.0,7431.0,1.0
5463.0,5464.0,1.0
5464.0,8388.0,1.0
5464.0,11538.0,1.0
5467.0,10492.0,1.0
5468.0,5469.0,1.0
5468.0,16678.0,1.0
5469.0,11095.0,1.0
5469.0,17023.0,1.0
5472.0,11723.0,1.0
5474.0,9024.0,1.0
5474.0,11843.0,1.0
5474.0,9654.0,1.0
5475.0,5476.0,1.0
5475.0,7701.0,1.0
5476.0,8499.0,1.0
5476.0,13487.0,1.0
5477.0,10391.0,1.0
5493.0,6416.0,1.0
5493.0,5747.0,1.0
5494.0,5495.0,1.0
5494.0,10257.0,1.0
5494.0,11675.0,1.0
5499.0,11125.0,1.0
5499.0,14264.0,1.0
5499.0,20122.0,1.0
5501.0,5502.0,1.0
5501.0,13912.0,1.0
5503.0,5504.0,1.0
5503.0,7176.0,1.0
5503.0,13037.0,1.0
5503.0,20564.0,1.0
5504.0,14011.0,1.0
5504.0,12129.0,1.0
5507.0,5508.0,1.0
5508.0,12111.0,1.0
5508.0,14166.0,1.0
5509.0,5510.0,1.0
5509.0,11524.0,1.0
5509.0,14188.0,1.0
5510.0,6347.0,1.0
5510.0,15550.0,1.0
5521.0,5522.0,1.0
5521.0,10480.0,1.0
5522.0,7119.0,1.0
5523.0,8263.0,1.0
5523.0,12497.0,1.0
5526.0,5527.0,1.0
5526.0,7939.0,1.0
5526.0,13918.0,1.0
5527.0,10274.0,1.0
5529.0,16670.0,1.0
5529.0,10512.0,1.0
5531.0,16956.0,1.0
5532.0,7818.0,1.0
5532.0,9941.0,1.0
5532.0,10423.0,1.0
5537.0,5538.0,1.0
5538.0,7388.0,1.0
5538.0,6876.0,1.0
5538.0,7938.0,1.0
5539.0,7515.0,1.0
5539.0,9545.0,1.0
5548.0,5549.0,1.0
5548.0,7422.0,1.0
5549.0,14930.0,1.0
5549.0,17184.0,1.0
5549.0,13960.0,1.0
5550.0,5551.0,1.0
5551.0,16720.0,1.0
5551.0,14535.0,1.0
5553.0,5640.0,1.0
5556.0,11739.0,1.0
5556.0,13764.0,1.0
5560.0,5561.0,1.0
5560.0,6478.0,1.0
5560.0,18157.0,1.0
5561.0,10675.0,1.0
5561.0,9272.0,1.0
5568.0,5569.0,1.0
5568.0,13318.0,1.0
5568.0,11481.0,1.0
5568.0,18270.0,1.0
5569.0,18268.0,1.0
5570.0,5571.0,1.0
5571.0,10440.0,1.0
5572.0,5573.0,1.0
5572.0,6826.0,1.0
5572.0,14068.0,1.0
5573.0,10668.0,1.0
5573.0,10438.0,1.0
5579.0,9046.0,1.0
5579.0,11154.0,1.0
5581.0,6428.0,1.0
5581.0,11025.0,1.0
5582.0,5583.0,1.0
5582.0,12029.0,1.0
5582.0,17852.0,1.0
5583.0,7118.0,1.0
5586.0,5587.0,1.0
5586.0,6886.0,1.0
5586.0,7074.0,1.0
5587.0,16798.0,1.0
5588.0,5999.0,1.0
5588.0,9449.0,1.0
5588.0,9574.0,1.0
5589.0,5590.0,1.0
5589.0,16857.0,1.0
5589.0,17007.0,1.0
5590.0,10553.0,1.0
5594.0,12148.0,1.0
5595.0,15044.0,1.0
5601.0,5602.0,1.0
5601.0,12151.0,1.0
5601.0,13733.0,1.0
5602.0,12813.0,1.0
5602.0,7772.0,1.0
5603.0,6258.0,1.0
5603.0,6644.0,1.0
5609.0,5610.0,1.0
5609.0,9421.0,1.0
5610.0,6054.0,1.0
5610.0,12211.0,1.0
5611.0,5612.0,1.0
5611.0,9328.0,1.0
5611.0,16313.0,1.0
5612.0,16313.0,1.0
5612.0,16969.0,1.0
5612.0,9329.0,1.0
5612.0,9290.0,1.0
5614.0,7942.0,1.0
5614.0,11257.0,1.0
5619.0,7027.0,1.0
5621.0,7322.0,1.0
5621.0,11862.0,1.0
5622.0,8333.0,1.0
5623.0,6583.0,1.0
5625.0,5626.0,1.0
5625.0,12894.0,1.0
5627.0,5628.0,1.0
5627.0,9958.0,1.0
5628.0,8554.0,1.0
5630.0,6534.0,1.0
5635.0,9745.0,1.0
5640.0,5641.0,1.0
5641.0,16654.0,1.0
5643.0,12075.0,1.0
5643.0,5787.0,1.0
5643.0,21010.0,1.0
5648.0,13380.0,1.0
5648.0,16569.0,1.0
5648.0,14898.0,1.0
5649.0,11108.0,1.0
5649.0,11055.0,1.0
5653.0,9695.0,1.0
5653.0,12334.0,1.0
5653.0,16428.0,1.0
5655.0,5656.0,1.0
5655.0,18223.0,1.0
5656.0,13370.0,1.0
5666.0,6783.0,1.0
5669.0,5670.0,1.0
5669.0,8816.0,1.0
5670.0,16459.0,1.0
5670.0,8816.0,1.0
5670.0,16458.0,1.0
5671.0,14290.0,1.0
5672.0,6251.0,1.0
5672.0,10511.0,1.0
5675.0,6130.0,1.0
5678.0,8548.0,1.0
5678.0,16524.0,1.0
5678.0,16450.0,1.0
5683.0,7324.0,1.0
5683.0,12511.0,1.0
5683.0,12758.0,1.0
5684.0,8292.0,1.0
5684.0,6071.0,1.0
5685.0,5686.0,1.0
5685.0,7854.0,1.0
5686.0,8474.0,1.0
5686.0,6833.0,1.0
5688.0,13832.0,1.0
5689.0,9539.0,1.0
5696.0,5697.0,1.0
5696.0,6367.0,1.0
5697.0,11908.0,1.0
5697.0,16984.0,1.0
5702.0,8319.0,1.0
5707.0,12743.0,1.0
5707.0,9496.0,1.0
5711.0,7462.0,1.0
5711.0,10414.0,1.0
5714.0,10307.0,1.0
5715.0,5716.0,1.0
5715.0,9361.0,1.0
5715.0,11632.0,1.0
5715.0,14645.0,1.0
5716.0,15455.0,1.0
5716.0,14646.0,1.0
5716.0,20783.0,1.0
5721.0,16357.0,1.0
5723.0,5933.0,1.0
5723.0,14204.0,1.0
5727.0,5728.0,1.0
5729.0,12759.0,1.0
5738.0,6637.0,1.0
5738.0,7277.0,1.0
5738.0,13481.0,1.0
5746.0,5747.0,1.0
5746.0,6618.0,1.0
5747.0,20612.0,1.0
5758.0,14799.0,1.0
5758.0,12529.0,1.0
5759.0,9960.0,1.0
5759.0,13962.0,1.0
5762.0,5763.0,1.0
5762.0,9461.0,1.0
5763.0,8046.0,1.0
5764.0,13226.0,1.0
5764.0,16691.0,1.0
5768.0,5769.0,1.0
5769.0,9212.0,1.0
5771.0,5772.0,1.0
5771.0,7174.0,1.0
5772.0,13308.0,1.0
5774.0,7288.0,1.0
5777.0,5778.0,1.0
5778.0,13180.0,1.0
5780.0,5781.0,1.0
5780.0,8340.0,1.0
5780.0,9212.0,1.0
5781.0,11061.0,1.0
5781.0,13242.0,1.0
5791.0,7282.0,1.0
5791.0,16644.0,1.0
5798.0,10736.0,1.0
5800.0,8645.0,1.0
5800.0,11888.0,1.0
5802.0,8564.0,1.0
5803.0,11893.0,1.0
5803.0,8455.0,1.0
5806.0,8753.0,1.0
5806.0,7071.0,1.0
5820.0,7195.0,1.0
5820.0,6051.0,1.0
5822.0,11528.0,1.0
5822.0,8242.0,1.0
5824.0,5825.0,1.0
5824.0,6275.0,1.0
5825.0,8667.0,1.0
5825.0,11409.0,1.0
5825.0,11277.0,1.0
5827.0,6230.0,1.0
5827.0,8974.0,1.0
5831.0,5832.0,1.0
5831.0,13490.0,1.0
5832.0,20589.0,1.0
5833.0,5834.0,1.0
5833.0,10939.0,1.0
5833.0,12293.0,1.0
5834.0,12058.0,1.0
5836.0,5837.0,1.0
5841.0,5842.0,1.0
5841.0,14761.0,1.0
5842.0,15718.0,1.0
5842.0,18520.0,1.0
5849.0,5850.0,1.0
5849.0,13734.0,1.0
5850.0,12076.0,1.0
5850.0,12777.0,1.0
5853.0,8061.0,1.0
5854.0,13984.0,1.0
5854.0,16315.0,1.0
5855.0,5856.0,1.0
5856.0,6306.0,1.0
5856.0,7127.0,1.0
5858.0,11417.0,1.0
5858.0,6771.0,1.0
5858.0,17068.0,1.0
5858.0,17944.0,1.0
5862.0,8648.0,1.0
5867.0,10094.0,1.0
5869.0,13821.0,1.0
5881.0,5882.0,1.0
5882.0,6569.0,1.0
5882.0,8904.0,1.0
5882.0,21054.0,1.0
5883.0,5884.0,1.0
5883.0,12807.0,1.0
5884.0,7700.0,1.0
5884.0,9782.0,1.0
5885.0,5886.0,1.0
5885.0,13716.0,1.0
5886.0,9979.0,1.0
5887.0,5888.0,1.0
5887.0,13826.0,1.0
5893.0,9960.0,1.0
5897.0,16365.0,1.0
5897.0,11025.0,1.0
5898.0,7774.0,1.0
5898.0,8088.0,1.0
5899.0,5900.0,1.0
5899.0,14010.0,1.0
5899.0,7518.0,1.0
5900.0,7873.0,1.0
5900.0,11163.0,1.0
5901.0,5902.0,1.0
5901.0,8299.0,1.0
5901.0,8887.0,1.0
5902.0,5926.0,1.0
5906.0,5907.0,1.0
5906.0,12481.0,1.0
5906.0,19583.0,1.0
5907.0,10067.0,1.0
5907.0,17010.0,1.0
5907.0,11825.0,1.0
5908.0,19981.0,1.0
5911.0,7387.0,1.0
5912.0,5913.0,1.0
5913.0,12424.0,1.0
5913.0,12659.0,1.0
5914.0,11007.0,1.0
5926.0,9649.0,1.0
5929.0,7401.0,1.0
5929.0,9044.0,1.0
5930.0,5931.0,1.0
5930.0,9367.0,1.0
5930.0,7047.0,1.0
5932.0,5933.0,1.0
5938.0,5939.0,1.0
5938.0,6326.0,1.0
5938.0,10705.0,1.0
5939.0,10706.0,1.0
5952.0,5953.0,1.0
5952.0,12404.0,1.0
5952.0,11715.0,1.0
5968.0,5969.0,1.0
5968.0,8945.0,1.0
5968.0,21125.0,1.0
5970.0,12454.0,1.0
5970.0,8592.0,1.0
5974.0,13370.0,1.0
5975.0,6948.0,1.0
5975.0,8262.0,1.0
5978.0,8979.0,1.0
5985.0,5986.0,1.0
5985.0,7410.0,1.0
5985.0,15619.0,1.0
5986.0,6036.0,1.0
5986.0,9693.0,1.0
5992.0,6498.0,1.0
5992.0,16427.0,1.0
5993.0,12762.0,1.0
5994.0,5995.0,1.0
5995.0,11826.0,1.0
5997.0,10520.0,1.0
5999.0,10504.0,1.0
6000.0,6001.0,1.0
6000.0,6455.0,1.0
6001.0,9437.0,1.0
6001.0,17152.0,1.0
6016.0,6017.0,1.0
6017.0,17057.0,1.0
6020.0,6021.0,1.0
6024.0,8229.0,1.0
6024.0,13582.0,1.0
6024.0,7074.0,1.0
6025.0,16454.0,1.0
6025.0,9745.0,1.0
6026.0,6027.0,1.0
6027.0,8157.0,1.0
6028.0,6458.0,1.0
6028.0,6457.0,1.0
6030.0,6031.0,1.0
6031.0,10156.0,1.0
6032.0,6033.0,1.0
6032.0,9019.0,1.0
6032.0,11144.0,1.0
6035.0,10772.0,1.0
6035.0,11981.0,1.0
6036.0,17696.0,1.0
6040.0,6420.0,1.0
6040.0,13967.0,1.0
6040.0,10216.0,1.0
6049.0,17513.0,1.0
6052.0,9838.0,1.0
6054.0,6055.0,1.0
6054.0,10024.0,1.0
6054.0,10426.0,1.0
6055.0,16376.0,1.0
6055.0,16377.0,1.0
6060.0,10022.0,1.0
6062.0,16630.0,1.0
6062.0,16356.0,1.0
6063.0,6064.0,1.0
6063.0,14061.0,1.0
6063.0,10287.0,1.0
6064.0,9363.0,1.0
6065.0,11069.0,1.0
6066.0,6067.0,1.0
6066.0,7678.0,1.0
6067.0,16767.0,1.0
6067.0,19619.0,1.0
6067.0,9175.0,1.0
6070.0,6071.0,1.0
6070.0,8292.0,1.0
6070.0,7968.0,1.0
6083.0,11749.0,1.0
6085.0,6086.0,1.0
6085.0,11836.0,1.0
6102.0,13049.0,1.0
6109.0,15342.0,1.0
6126.0,10693.0,1.0
6129.0,6130.0,1.0
6129.0,10016.0,1.0
6129.0,8706.0,1.0
6134.0,16522.0,1.0
6139.0,6140.0,1.0
6139.0,11921.0,1.0
6140.0,8230.0,1.0
6141.0,7317.0,1.0
6142.0,9170.0,1.0
6143.0,14024.0,1.0
6149.0,9749.0,1.0
6149.0,11105.0,1.0
6149.0,8026.0,1.0
6156.0,14877.0,1.0
6156.0,18175.0,1.0
6160.0,12749.0,1.0
6162.0,14863.0,1.0
6162.0,14380.0,1.0
6170.0,14810.0,1.0
6172.0,6173.0,1.0
6172.0,12163.0,1.0
6179.0,9057.0,1.0
6179.0,17217.0,1.0
6179.0,18586.0,1.0
6179.0,10091.0,1.0
6182.0,7844.0,1.0
6182.0,13114.0,1.0
6183.0,6184.0,1.0
6183.0,9562.0,1.0
6183.0,14901.0,1.0
6184.0,16694.0,1.0
6188.0,8984.0,1.0
6188.0,7792.0,1.0
6191.0,6802.0,1.0
6191.0,11485.0,1.0
6198.0,6199.0,1.0
6198.0,10960.0,1.0
6198.0,7368.0,1.0
6199.0,9409.0,1.0
6218.0,13590.0,1.0
6225.0,7218.0,1.0
6225.0,6235.0,1.0
6228.0,6229.0,1.0
6228.0,13848.0,1.0
6229.0,8133.0,1.0
6229.0,14032.0,1.0
6230.0,10022.0,1.0
6235.0,6236.0,1.0
6235.0,9275.0,1.0
6235.0,20355.0,1.0
6236.0,16901.0,1.0
6237.0,6799.0,1.0
6244.0,14206.0,1.0
6244.0,21080.0,1.0
6253.0,11623.0,1.0
6258.0,10099.0,1.0
6261.0,6262.0,1.0
6261.0,16491.0,1.0
6261.0,20926.0,1.0
6263.0,16892.0,1.0
6280.0,10577.0,1.0
6280.0,10853.0,1.0
6281.0,9536.0,1.0
6281.0,9334.0,1.0
6283.0,6338.0,1.0
6283.0,12451.0,1.0
6284.0,6285.0,1.0
6284.0,15248.0,1.0
6284.0,9735.0,1.0
6284.0,15293.0,1.0
6287.0,6288.0,1.0
6287.0,12805.0,1.0
6287.0,14067.0,1.0
6288.0,14199.0,1.0
6288.0,16913.0,1.0
6290.0,7213.0,1.0
6290.0,10628.0,1.0
6296.0,8952.0,1.0
6297.0,12917.0,1.0
6306.0,6307.0,1.0
6307.0,12799.0,1.0
6308.0,6309.0,1.0
6308.0,13333.0,1.0
6308.0,10910.0,1.0
6310.0,20920.0,1.0
6311.0,6312.0,1.0
6311.0,8711.0,1.0
6312.0,20961.0,1.0
6316.0,6317.0,1.0
6316.0,7557.0,1.0
6316.0,13215.0,1.0
6316.0,12538.0,1.0
6317.0,12635.0,1.0
6317.0,10991.0,1.0
6319.0,8994.0,1.0
6319.0,6787.0,1.0
6322.0,6323.0,1.0
6322.0,6688.0,1.0
6322.0,15255.0,1.0
6323.0,14900.0,1.0
6323.0,16476.0,1.0
6325.0,6326.0,1.0
6325.0,10705.0,1.0
6325.0,6900.0,1.0
6326.0,9879.0,1.0
6326.0,14142.0,1.0
6335.0,10135.0,1.0
6335.0,12375.0,1.0
6338.0,6537.0,1.0
6338.0,10554.0,1.0
6338.0,7193.0,1.0
6341.0,16393.0,1.0
6341.0,16733.0,1.0
6341.0,16251.0,1.0
6345.0,11893.0,1.0
6347.0,11790.0,1.0
6347.0,14188.0,1.0
6347.0,15721.0,1.0
6347.0,15557.0,1.0
6348.0,6349.0,1.0
6348.0,8997.0,1.0
6348.0,10104.0,1.0
6349.0,13132.0,1.0
6351.0,6352.0,1.0
6352.0,8028.0,1.0
6352.0,8089.0,1.0
6364.0,6365.0,1.0
6364.0,16795.0,1.0
6365.0,13633.0,1.0
6366.0,8856.0,1.0
6366.0,12268.0,1.0
6367.0,7931.0,1.0
6368.0,13901.0,1.0
6371.0,12964.0,1.0
6376.0,7761.0,1.0
6380.0,6381.0,1.0
6381.0,8855.0,1.0
6381.0,9329.0,1.0
6381.0,13300.0,1.0
6382.0,6383.0,1.0
6382.0,9516.0,1.0
6383.0,12948.0,1.0
6385.0,6386.0,1.0
6386.0,7614.0,1.0
6394.0,6395.0,1.0
6395.0,9956.0,1.0
6398.0,8271.0,1.0
6398.0,7555.0,1.0
6399.0,6400.0,1.0
6400.0,6899.0,1.0
6401.0,7462.0,1.0
6405.0,17864.0,1.0
6405.0,16546.0,1.0
6405.0,7045.0,1.0
6411.0,10413.0,1.0
6411.0,10735.0,1.0
6411.0,10193.0,1.0
6412.0,15532.0,1.0
6412.0,10294.0,1.0
6416.0,11315.0,1.0
6424.0,6425.0,1.0
6424.0,16994.0,1.0
6425.0,13170.0,1.0
6425.0,15397.0,1.0
6427.0,6428.0,1.0
6431.0,6432.0,1.0
6432.0,10575.0,1.0
6432.0,11603.0,1.0
6442.0,20609.0,1.0
6447.0,13921.0,1.0
6448.0,11627.0,1.0
6456.0,14898.0,1.0
6456.0,12840.0,1.0
6457.0,6458.0,1.0
6457.0,14833.0,1.0
6458.0,12294.0,1.0
6464.0,6465.0,1.0
6464.0,12572.0,1.0
6464.0,9950.0,1.0
6465.0,16808.0,1.0
6466.0,7851.0,1.0
6466.0,9610.0,1.0
6466.0,7246.0,1.0
6467.0,8245.0,1.0
6469.0,16344.0,1.0
6469.0,14355.0,1.0
6473.0,9798.0,1.0
6474.0,6475.0,1.0
6474.0,7899.0,1.0
6474.0,11926.0,1.0
6475.0,10512.0,1.0
6478.0,10675.0,1.0
6480.0,6481.0,1.0
6480.0,10497.0,1.0
6480.0,6652.0,1.0
6481.0,14160.0,1.0
6490.0,8573.0,1.0
6492.0,9861.0,1.0
6492.0,16460.0,1.0
6492.0,12512.0,1.0
6499.0,6529.0,1.0
6500.0,13551.0,1.0
6502.0,16529.0,1.0
6502.0,17190.0,1.0
6502.0,16381.0,1.0
6502.0,14921.0,1.0
6502.0,16382.0,1.0
6503.0,12135.0,1.0
6506.0,6507.0,1.0
6506.0,13502.0,1.0
6507.0,7765.0,1.0
6507.0,13502.0,1.0
6509.0,6510.0,1.0
6509.0,10784.0,1.0
6509.0,12928.0,1.0
6510.0,9822.0,1.0
6510.0,14723.0,1.0
6514.0,9253.0,1.0
6514.0,16931.0,1.0
6514.0,15735.0,1.0
6523.0,6524.0,1.0
6523.0,12447.0,1.0
6524.0,11644.0,1.0
6524.0,14593.0,1.0
6525.0,11542.0,1.0
6526.0,16874.0,1.0
6529.0,8524.0,1.0
6529.0,16689.0,1.0
6532.0,6533.0,1.0
6532.0,9592.0,1.0
6532.0,7242.0,1.0
6533.0,6936.0,1.0
6533.0,8526.0,1.0
6534.0,7829.0,1.0
6534.0,13848.0,1.0
6539.0,9667.0,1.0
6541.0,9267.0,1.0
6542.0,6543.0,1.0
6542.0,14899.0,1.0
6543.0,10431.0,1.0
6543.0,16360.0,1.0
6544.0,6545.0,1.0
6544.0,9258.0,1.0
6548.0,13249.0,1.0
6550.0,6563.0,1.0
6550.0,8919.0,1.0
6550.0,9267.0,1.0
6553.0,16421.0,1.0
6553.0,16442.0,1.0
6556.0,16664.0,1.0
6558.0,6559.0,1.0
6558.0,11583.0,1.0
6558.0,16384.0,1.0
6558.0,16773.0,1.0
6559.0,8424.0,1.0
6559.0,20870.0,1.0
6560.0,11944.0,1.0
6560.0,12497.0,1.0
6563.0,6564.0,1.0
6563.0,14525.0,1.0
6564.0,7714.0,1.0
6568.0,8047.0,1.0
6568.0,9533.0,1.0
6572.0,6573.0,1.0
6572.0,12116.0,1.0
6572.0,9176.0,1.0
6573.0,7275.0,1.0
6574.0,15991.0,1.0
6574.0,19592.0,1.0
6575.0,6576.0,1.0
6575.0,7909.0,1.0
6577.0,12759.0,1.0
6577.0,13993.0,1.0
6579.0,6580.0,1.0
6580.0,9742.0,1.0
6580.0,12423.0,1.0
6581.0,7190.0,1.0
6583.0,11320.0,1.0
6583.0,8069.0,1.0
6587.0,8033.0,1.0
6593.0,6594.0,1.0
6593.0,13724.0,1.0
6600.0,6601.0,1.0
6601.0,7621.0,1.0
6613.0,12907.0,1.0
6617.0,6618.0,1.0
6619.0,9226.0,1.0
6622.0,13887.0,1.0
6623.0,8109.0,1.0
6637.0,17763.0,1.0
6637.0,18118.0,1.0
6644.0,11639.0,1.0
6649.0,16519.0,1.0
6650.0,10431.0,1.0
6651.0,8633.0,1.0
6651.0,14857.0,1.0
6652.0,14565.0,1.0
6654.0,6655.0,1.0
6654.0,11749.0,1.0
6654.0,13553.0,1.0
6655.0,9960.0,1.0
6659.0,6660.0,1.0
6659.0,19285.0,1.0
6659.0,19316.0,1.0
6660.0,20982.0,1.0
6667.0,6668.0,1.0
6668.0,7167.0,1.0
6668.0,9677.0,1.0
6671.0,7248.0,1.0
6671.0,10034.0,1.0
6673.0,9433.0,1.0
6673.0,11776.0,1.0
6681.0,6682.0,1.0
6688.0,16724.0,1.0
6697.0,6698.0,1.0
6697.0,9508.0,1.0
6697.0,13019.0,1.0
6698.0,16752.0,1.0
6698.0,13019.0,1.0
6701.0,6702.0,1.0
6702.0,8811.0,1.0
6704.0,10795.0,1.0
6708.0,16850.0,1.0
6710.0,6711.0,1.0
6710.0,8900.0,1.0
6719.0,10547.0,1.0
6719.0,13040.0,1.0
6719.0,20466.0,1.0
6721.0,8077.0,1.0
6731.0,9221.0,1.0
6731.0,9064.0,1.0
6735.0,7208.0,1.0
6735.0,13128.0,1.0
6735.0,7874.0,1.0
6741.0,6742.0,1.0
6742.0,11296.0,1.0
6746.0,13068.0,1.0
6746.0,7254.0,1.0
6748.0,6781.0,1.0
6748.0,11446.0,1.0
6753.0,6754.0,1.0
6753.0,9295.0,1.0
6754.0,9699.0,1.0
6754.0,9296.0,1.0
6755.0,9934.0,1.0
6761.0,9456.0,1.0
6761.0,8180.0,1.0
6765.0,6766.0,1.0
6765.0,14815.0,1.0
6766.0,12891.0,1.0
6766.0,10144.0,1.0
6769.0,12367.0,1.0
6769.0,13970.0,1.0
6771.0,10806.0,1.0
6771.0,13514.0,1.0
6774.0,12994.0,1.0
6781.0,6782.0,1.0
6781.0,12729.0,1.0
6783.0,10990.0,1.0
6786.0,14510.0,1.0
6787.0,8056.0,1.0
6789.0,11375.0,1.0
6792.0,6793.0,1.0
6793.0,10907.0,1.0
6793.0,11634.0,1.0
6794.0,8955.0,1.0
6794.0,7092.0,1.0
6796.0,6797.0,1.0
6796.0,9550.0,1.0
6796.0,10161.0,1.0
6796.0,17066.0,1.0
6797.0,9977.0,1.0
6799.0,6868.0,1.0
6800.0,6801.0,1.0
6800.0,7776.0,1.0
6800.0,12893.0,1.0
6800.0,12758.0,1.0
6800.0,16008.0,1.0
6801.0,11353.0,1.0
6801.0,16008.0,1.0
6802.0,16967.0,1.0
6802.0,19459.0,1.0
6805.0,12732.0,1.0
6808.0,14024.0,1.0
6808.0,14710.0,1.0
6815.0,10247.0,1.0
6815.0,15019.0,1.0
6817.0,11866.0,1.0
6817.0,11505.0,1.0
6819.0,8527.0,1.0
6819.0,7451.0,1.0
6826.0,10438.0,1.0
6832.0,10021.0,1.0
6832.0,9669.0,1.0
6833.0,6834.0,1.0
6837.0,6838.0,1.0
6837.0,10684.0,1.0
6837.0,6977.0,1.0
6838.0,8180.0,1.0
6838.0,8902.0,1.0
6840.0,13615.0,1.0
6841.0,6842.0,1.0
6841.0,11599.0,1.0
6841.0,12135.0,1.0
6842.0,15128.0,1.0
6846.0,6847.0,1.0
6846.0,9666.0,1.0
6846.0,12213.0,1.0
6865.0,6866.0,1.0
6865.0,10880.0,1.0
6865.0,16789.0,1.0
6866.0,10884.0,1.0
6866.0,18008.0,1.0
6867.0,12599.0,1.0
6868.0,7250.0,1.0
6870.0,8656.0,1.0
6870.0,14947.0,1.0
6872.0,17665.0,1.0
6874.0,12361.0,1.0
6874.0,8738.0,1.0
6877.0,9069.0,1.0
6877.0,9068.0,1.0
6878.0,10582.0,1.0
6878.0,20802.0,1.0
6885.0,13347.0,1.0
6886.0,10952.0,1.0
6888.0,8410.0,1.0
6897.0,6898.0,1.0
6897.0,14978.0,1.0
6897.0,20773.0,1.0
6898.0,20044.0,1.0
6899.0,7756.0,1.0
6899.0,8816.0,1.0
6900.0,9879.0,1.0
6900.0,7594.0,1.0
6901.0,8498.0,1.0
6902.0,7302.0,1.0
6912.0,10200.0,1.0
6916.0,17101.0,1.0
6918.0,7623.0,1.0
6919.0,6920.0,1.0
6919.0,8484.0,1.0
6919.0,8790.0,1.0
6923.0,6924.0,1.0
6923.0,9963.0,1.0
6923.0,17677.0,1.0
6924.0,18208.0,1.0
6929.0,13285.0,1.0
6929.0,20896.0,1.0
6929.0,17552.0,1.0
6930.0,8459.0,1.0
6930.0,16972.0,1.0
6933.0,10122.0,1.0
6933.0,7835.0,1.0
6934.0,11935.0,1.0
6934.0,8463.0,1.0
6936.0,7493.0,1.0
6936.0,9592.0,1.0
6948.0,7322.0,1.0
6948.0,7244.0,1.0
6949.0,6950.0,1.0
6949.0,7865.0,1.0
6949.0,7969.0,1.0
6950.0,8273.0,1.0
6950.0,16486.0,1.0
6951.0,6952.0,1.0
6951.0,7213.0,1.0
6951.0,7316.0,1.0
6957.0,6958.0,1.0
6957.0,12664.0,1.0
6958.0,10279.0,1.0
6961.0,6962.0,1.0
6961.0,17015.0,1.0
6962.0,17015.0,1.0
6962.0,9727.0,1.0
6968.0,6969.0,1.0
6968.0,21187.0,1.0
6969.0,14104.0,1.0
6971.0,15269.0,1.0
6973.0,17648.0,1.0
6977.0,8902.0,1.0
6987.0,6988.0,1.0
6987.0,10570.0,1.0
6988.0,8633.0,1.0
6988.0,10852.0,1.0
6989.0,7252.0,1.0
6990.0,7828.0,1.0
6990.0,12731.0,1.0
6994.0,17662.0,1.0
7011.0,7357.0,1.0
7011.0,11023.0,1.0
7015.0,7016.0,1.0
7015.0,17123.0,1.0
7016.0,14380.0,1.0
7016.0,13058.0,1.0
7022.0,7023.0,1.0
7022.0,11606.0,1.0
7023.0,14507.0,1.0
7024.0,8676.0,1.0
7026.0,7526.0,1.0
7026.0,16608.0,1.0
7026.0,17052.0,1.0
7027.0,7328.0,1.0
7027.0,11773.0,1.0
7027.0,12340.0,1.0
7032.0,7033.0,1.0
7033.0,14648.0,1.0
7033.0,8565.0,1.0
7033.0,18541.0,1.0
7035.0,20923.0,1.0
7035.0,20922.0,1.0
7038.0,7039.0,1.0
7045.0,11000.0,1.0
7046.0,7047.0,1.0
7046.0,7140.0,1.0
7047.0,14731.0,1.0
7049.0,10453.0,1.0
7049.0,16513.0,1.0
7050.0,12237.0,1.0
7050.0,10772.0,1.0
7058.0,7059.0,1.0
7058.0,12479.0,1.0
7065.0,8499.0,1.0
7065.0,12286.0,1.0
7067.0,12909.0,1.0
7068.0,7069.0,1.0
7068.0,7727.0,1.0
7068.0,8664.0,1.0
7068.0,11273.0,1.0
7069.0,8665.0,1.0
7069.0,8507.0,1.0
7069.0,11274.0,1.0
7071.0,11722.0,1.0
7073.0,16369.0,1.0
7073.0,17006.0,1.0
7074.0,16798.0,1.0
7078.0,7079.0,1.0
7078.0,18451.0,1.0
7079.0,18447.0,1.0
7080.0,7081.0,1.0
7080.0,10504.0,1.0
7081.0,10273.0,1.0
7081.0,11911.0,1.0
7083.0,7084.0,1.0
7083.0,7536.0,1.0
7083.0,12670.0,1.0
7084.0,13268.0,1.0
7084.0,13249.0,1.0
7085.0,10655.0,1.0
7085.0,14262.0,1.0
7086.0,10984.0,1.0
7089.0,12432.0,1.0
7092.0,13644.0,1.0
7100.0,13872.0,1.0
7107.0,7108.0,1.0
7107.0,10484.0,1.0
7107.0,11543.0,1.0
7108.0,10483.0,1.0
7108.0,11544.0,1.0
7110.0,7691.0,1.0
7113.0,11644.0,1.0
7113.0,11485.0,1.0
7114.0,7115.0,1.0
7114.0,13781.0,1.0
7115.0,11353.0,1.0
7115.0,16008.0,1.0
7117.0,16781.0,1.0
7117.0,16202.0,1.0
7118.0,7366.0,1.0
7118.0,16766.0,1.0
7119.0,10707.0,1.0
7119.0,14352.0,1.0
7122.0,8052.0,1.0
7123.0,7124.0,1.0
7123.0,16837.0,1.0
7123.0,11322.0,1.0
7123.0,20321.0,1.0
7124.0,10563.0,1.0
7124.0,19228.0,1.0
7124.0,8481.0,1.0
7125.0,14410.0,1.0
7126.0,7127.0,1.0
7127.0,12934.0,1.0
7140.0,8340.0,1.0
7140.0,7866.0,1.0
7143.0,7144.0,1.0
7144.0,12266.0,1.0
7145.0,7146.0,1.0
7145.0,9616.0,1.0
7146.0,12738.0,1.0
7151.0,7152.0,1.0
7151.0,10173.0,1.0
7152.0,10895.0,1.0
7162.0,7715.0,1.0
7164.0,7165.0,1.0
7164.0,10247.0,1.0
7165.0,18233.0,1.0
7166.0,7167.0,1.0
7166.0,12144.0,1.0
7167.0,7722.0,1.0
7168.0,9457.0,1.0
7172.0,12006.0,1.0
7172.0,16957.0,1.0
7175.0,7176.0,1.0
7175.0,18141.0,1.0
7176.0,7602.0,1.0
7185.0,16524.0,1.0
7190.0,8104.0,1.0
7190.0,8552.0,1.0
7193.0,12084.0,1.0
7195.0,8602.0,1.0
7195.0,9034.0,1.0
7199.0,16690.0,1.0
7199.0,13204.0,1.0
7205.0,7206.0,1.0
7205.0,7945.0,1.0
7206.0,7766.0,1.0
7207.0,7833.0,1.0
7208.0,7835.0,1.0
7208.0,7589.0,1.0
7212.0,13114.0,1.0
7213.0,9033.0,1.0
7214.0,7215.0,1.0
7214.0,14895.0,1.0
7215.0,8778.0,1.0
7215.0,11941.0,1.0
7215.0,15313.0,1.0
7218.0,7219.0,1.0
7222.0,7692.0,1.0
7222.0,13523.0,1.0
7223.0,12604.0,1.0
7223.0,11306.0,1.0
7227.0,8334.0,1.0
7227.0,9240.0,1.0
7229.0,8081.0,1.0
7229.0,7504.0,1.0
7233.0,7234.0,1.0
7233.0,11739.0,1.0
7234.0,7438.0,1.0
7234.0,11740.0,1.0
7237.0,10025.0,1.0
7241.0,7242.0,1.0
7241.0,8507.0,1.0
7241.0,9774.0,1.0
7241.0,8665.0,1.0
7242.0,9591.0,1.0
7244.0,8262.0,1.0
7246.0,7247.0,1.0
7246.0,14284.0,1.0
7247.0,7851.0,1.0
7247.0,14565.0,1.0
7249.0,7250.0,1.0
7249.0,11716.0,1.0
7249.0,7854.0,1.0
7254.0,10988.0,1.0
7256.0,16667.0,1.0
7261.0,12935.0,1.0
7261.0,20128.0,1.0
7261.0,15322.0,1.0
7263.0,7264.0,1.0
7264.0,15323.0,1.0
7266.0,7267.0,1.0
7266.0,10643.0,1.0
7267.0,10692.0,1.0
7269.0,13779.0,1.0
7269.0,16496.0,1.0
7273.0,10175.0,1.0
7273.0,14735.0,1.0
7274.0,7760.0,1.0
7275.0,7276.0,1.0
7275.0,12116.0,1.0
7276.0,13881.0,1.0
7276.0,20836.0,1.0
7277.0,11149.0,1.0
7277.0,17763.0,1.0
7277.0,19915.0,1.0
7280.0,13607.0,1.0
7281.0,7282.0,1.0
7281.0,16644.0,1.0
7281.0,20355.0,1.0
7283.0,12579.0,1.0
7283.0,12433.0,1.0
7287.0,7288.0,1.0
7287.0,13195.0,1.0
7288.0,8471.0,1.0
7294.0,8128.0,1.0
7294.0,11386.0,1.0
7296.0,10285.0,1.0
7296.0,16368.0,1.0
7298.0,7299.0,1.0
7298.0,13895.0,1.0
7298.0,13999.0,1.0
7299.0,9259.0,1.0
7299.0,18289.0,1.0
7302.0,10025.0,1.0
7305.0,8571.0,1.0
7305.0,7735.0,1.0
7316.0,12905.0,1.0
7317.0,9498.0,1.0
7318.0,7319.0,1.0
7318.0,9687.0,1.0
7318.0,16492.0,1.0
7318.0,16567.0,1.0
7319.0,11555.0,1.0
7319.0,16850.0,1.0
7320.0,7321.0,1.0
7320.0,9272.0,1.0
7320.0,10495.0,1.0
7320.0,10555.0,1.0
7321.0,18245.0,1.0
7321.0,10496.0,1.0
7322.0,9428.0,1.0
7324.0,11320.0,1.0
7324.0,16500.0,1.0
7327.0,7328.0,1.0
7327.0,11721.0,1.0
7327.0,17001.0,1.0
7328.0,10571.0,1.0
7328.0,9722.0,1.0
7332.0,7333.0,1.0
7332.0,13195.0,1.0
7333.0,8644.0,1.0
7333.0,14009.0,1.0
7335.0,8111.0,1.0
7340.0,20329.0,1.0
7345.0,10191.0,1.0
7346.0,7347.0,1.0
7346.0,9092.0,1.0
7347.0,7745.0,1.0
7348.0,16665.0,1.0
7349.0,13238.0,1.0
7349.0,16893.0,1.0
7351.0,9877.0,1.0
7356.0,13347.0,1.0
7357.0,7358.0,1.0
7357.0,7895.0,1.0
7358.0,9610.0,1.0
7367.0,7368.0,1.0
7367.0,8228.0,1.0
7367.0,11264.0,1.0
7368.0,9510.0,1.0
7369.0,7370.0,1.0
7369.0,12207.0,1.0
7370.0,9170.0,1.0
7370.0,12342.0,1.0
7371.0,11463.0,1.0
7371.0,12699.0,1.0
7372.0,10525.0,1.0
7377.0,10173.0,1.0
7388.0,7939.0,1.0
7393.0,7394.0,1.0
7393.0,9526.0,1.0
7393.0,11513.0,1.0
7394.0,8698.0,1.0
7394.0,11039.0,1.0
7395.0,9266.0,1.0
7395.0,11446.0,1.0
7401.0,7700.0,1.0
7401.0,9782.0,1.0
7406.0,8764.0,1.0
7409.0,10022.0,1.0
7409.0,11470.0,1.0
7410.0,7411.0,1.0
7410.0,13659.0,1.0
7423.0,12809.0,1.0
7423.0,8492.0,1.0
7424.0,10392.0,1.0
7429.0,8364.0,1.0
7432.0,16665.0,1.0
7432.0,9304.0,1.0
7438.0,7439.0,1.0
7449.0,7450.0,1.0
7451.0,7452.0,1.0
7451.0,9488.0,1.0
7452.0,16609.0,1.0
7455.0,7456.0,1.0
7455.0,18131.0,1.0
7455.0,9613.0,1.0
7456.0,9369.0,1.0
7457.0,8818.0,1.0
7457.0,11831.0,1.0
7457.0,7784.0,1.0
7459.0,13221.0,1.0
7462.0,14972.0,1.0
7465.0,7466.0,1.0
7466.0,18359.0,1.0
7466.0,11473.0,1.0
7468.0,7469.0,1.0
7468.0,12688.0,1.0
7476.0,7477.0,1.0
7477.0,11868.0,1.0
7477.0,21189.0,1.0
7480.0,13455.0,1.0
7480.0,10337.0,1.0
7483.0,11081.0,1.0
7483.0,11536.0,1.0
7486.0,7806.0,1.0
7486.0,10027.0,1.0
7487.0,14499.0,1.0
7487.0,12148.0,1.0
7488.0,7564.0,1.0
7488.0,10835.0,1.0
7491.0,13703.0,1.0
7493.0,7494.0,1.0
7493.0,11145.0,1.0
7493.0,8526.0,1.0
7499.0,7500.0,1.0
7499.0,14809.0,1.0
7500.0,9853.0,1.0
7509.0,14273.0,1.0
7515.0,7964.0,1.0
7515.0,14100.0,1.0
7516.0,13167.0,1.0
7517.0,7518.0,1.0
7522.0,11874.0,1.0
7522.0,12825.0,1.0
7526.0,15331.0,1.0
7526.0,16406.0,1.0
7527.0,7528.0,1.0
7527.0,8226.0,1.0
7527.0,8452.0,1.0
7529.0,9516.0,1.0
7529.0,13976.0,1.0
7531.0,13097.0,1.0
7534.0,7535.0,1.0
7534.0,9518.0,1.0
7534.0,16982.0,1.0
7535.0,16982.0,1.0
7536.0,11353.0,1.0
7543.0,7791.0,1.0
7545.0,9207.0,1.0
7554.0,7555.0,1.0
7554.0,16557.0,1.0
7555.0,13832.0,1.0
7557.0,10537.0,1.0
7562.0,7563.0,1.0
7562.0,11690.0,1.0
7562.0,16837.0,1.0
7563.0,8063.0,1.0
7563.0,10563.0,1.0
7564.0,10834.0,1.0
7565.0,7566.0,1.0
7565.0,9214.0,1.0
7566.0,9236.0,1.0
7566.0,10330.0,1.0
7569.0,7570.0,1.0
7569.0,7802.0,1.0
7569.0,13130.0,1.0
7569.0,12030.0,1.0
7570.0,9060.0,1.0
7570.0,7959.0,1.0
7570.0,10101.0,1.0
7573.0,13216.0,1.0
7573.0,18507.0,1.0
7573.0,7667.0,1.0
7580.0,15557.0,1.0
7580.0,15721.0,1.0
7589.0,7590.0,1.0
7589.0,7874.0,1.0
7590.0,16773.0,1.0
7595.0,15271.0,1.0
7595.0,8551.0,1.0
7599.0,7600.0,1.0
7599.0,11583.0,1.0
7600.0,13311.0,1.0
7602.0,19733.0,1.0
7602.0,19734.0,1.0
7602.0,20581.0,1.0
7603.0,14006.0,1.0
7607.0,7608.0,1.0
7607.0,11225.0,1.0
7608.0,16772.0,1.0
7608.0,13719.0,1.0
7609.0,8260.0,1.0
7613.0,12121.0,1.0
7614.0,7615.0,1.0
7614.0,11498.0,1.0
7615.0,11834.0,1.0
7616.0,7617.0,1.0
7616.0,12003.0,1.0
7617.0,8299.0,1.0
7617.0,12004.0,1.0
7617.0,8886.0,1.0
7620.0,10095.0,1.0
7620.0,16857.0,1.0
7623.0,14826.0,1.0
7634.0,10889.0,1.0
7634.0,11974.0,1.0
7634.0,11504.0,1.0
7635.0,9389.0,1.0
7635.0,10332.0,1.0
7636.0,16445.0,1.0
7638.0,11257.0,1.0
7661.0,14258.0,1.0
7663.0,11262.0,1.0
7669.0,10352.0,1.0
7669.0,7690.0,1.0
7671.0,8688.0,1.0
7676.0,14614.0,1.0
7676.0,14062.0,1.0
7678.0,18011.0,1.0
7679.0,9296.0,1.0
7681.0,16368.0,1.0
7681.0,13848.0,1.0
7684.0,7685.0,1.0
7684.0,16427.0,1.0
7684.0,14208.0,1.0
7685.0,8855.0,1.0
7685.0,14209.0,1.0
7688.0,8033.0,1.0
7688.0,9870.0,1.0
7690.0,7691.0,1.0
7690.0,10711.0,1.0
7691.0,9287.0,1.0
7691.0,10645.0,1.0
7692.0,13526.0,1.0
7692.0,10117.0,1.0
7693.0,16695.0,1.0
7694.0,10056.0,1.0
7694.0,10656.0,1.0
7695.0,7696.0,1.0
7701.0,10664.0,1.0
7713.0,10652.0,1.0
7713.0,9291.0,1.0
7713.0,17039.0,1.0
7722.0,11074.0,1.0
7727.0,8081.0,1.0
7727.0,16715.0,1.0
7728.0,7729.0,1.0
7729.0,8349.0,1.0
7729.0,13140.0,1.0
7737.0,7738.0,1.0
7737.0,10048.0,1.0
7738.0,10363.0,1.0
7745.0,12088.0,1.0
7748.0,12212.0,1.0
7748.0,7912.0,1.0
7755.0,13489.0,1.0
7758.0,7759.0,1.0
7758.0,13152.0,1.0
7758.0,19466.0,1.0
7758.0,20192.0,1.0
7759.0,19413.0,1.0
7760.0,15184.0,1.0
7761.0,9744.0,1.0
7762.0,17529.0,1.0
7764.0,14343.0,1.0
7764.0,14790.0,1.0
7765.0,16412.0,1.0
7765.0,13437.0,1.0
7766.0,7767.0,1.0
7766.0,8113.0,1.0
7766.0,16465.0,1.0
7767.0,10422.0,1.0
7773.0,8244.0,1.0
7774.0,19114.0,1.0
7775.0,7776.0,1.0
7775.0,8508.0,1.0
7775.0,8068.0,1.0
7775.0,9376.0,1.0
7776.0,8069.0,1.0
7776.0,13781.0,1.0
7781.0,7782.0,1.0
7781.0,10643.0,1.0
7782.0,8676.0,1.0
7783.0,7784.0,1.0
7784.0,16712.0,1.0
7784.0,11796.0,1.0
7785.0,10488.0,1.0
7791.0,8144.0,1.0
7792.0,10370.0,1.0
7794.0,9360.0,1.0
7794.0,10501.0,1.0
7794.0,13799.0,1.0
7795.0,9046.0,1.0
7797.0,9941.0,1.0
7801.0,7802.0,1.0
7801.0,10400.0,1.0
7801.0,12030.0,1.0
7801.0,12334.0,1.0
7802.0,7959.0,1.0
7802.0,10480.0,1.0
7806.0,10407.0,1.0
7813.0,15964.0,1.0
7813.0,16804.0,1.0
7813.0,20351.0,1.0
7814.0,20351.0,1.0
7821.0,7822.0,1.0
7822.0,10893.0,1.0
7822.0,16164.0,1.0
7825.0,7826.0,1.0
7825.0,11286.0,1.0
7826.0,11506.0,1.0
7828.0,9868.0,1.0
7829.0,16368.0,1.0
7841.0,7842.0,1.0
7841.0,10062.0,1.0
7841.0,14289.0,1.0
7842.0,14373.0,1.0
7842.0,10567.0,1.0
7847.0,11505.0,1.0
7852.0,7853.0,1.0
7852.0,10542.0,1.0
7853.0,16155.0,1.0
7855.0,8207.0,1.0
7857.0,19224.0,1.0
7859.0,12363.0,1.0
7864.0,10576.0,1.0
7866.0,14731.0,1.0
7866.0,11061.0,1.0
7873.0,14010.0,1.0
7878.0,9109.0,1.0
7878.0,12546.0,1.0
7888.0,9288.0,1.0
7888.0,11680.0,1.0
7892.0,12094.0,1.0
7897.0,8029.0,1.0
7897.0,10747.0,1.0
7899.0,8461.0,1.0
7902.0,8194.0,1.0
7903.0,15558.0,1.0
7903.0,11115.0,1.0
7906.0,7907.0,1.0
7906.0,16921.0,1.0
7906.0,16660.0,1.0
7908.0,10988.0,1.0
7909.0,11094.0,1.0
7911.0,7923.0,1.0
7912.0,7913.0,1.0
7912.0,19189.0,1.0
7913.0,14530.0,1.0
7915.0,8940.0,1.0
7923.0,13115.0,1.0
7930.0,12651.0,1.0
7931.0,18975.0,1.0
7931.0,16694.0,1.0
7935.0,10845.0,1.0
7936.0,13404.0,1.0
7938.0,7939.0,1.0
7939.0,10123.0,1.0
7940.0,13703.0,1.0
7941.0,7942.0,1.0
7941.0,9366.0,1.0
7942.0,11257.0,1.0
7942.0,11934.0,1.0
7942.0,14369.0,1.0
7946.0,7947.0,1.0
7946.0,8940.0,1.0
7949.0,10285.0,1.0
7949.0,11982.0,1.0
7949.0,13287.0,1.0
7955.0,13982.0,1.0
7955.0,14513.0,1.0
7956.0,12874.0,1.0
7956.0,16459.0,1.0
7957.0,12379.0,1.0
7957.0,12736.0,1.0
7957.0,14411.0,1.0
7964.0,7965.0,1.0
7964.0,17981.0,1.0
7965.0,16496.0,1.0
7968.0,7969.0,1.0
7968.0,8969.0,1.0
7969.0,16486.0,1.0
7972.0,9882.0,1.0
7973.0,7974.0,1.0
7973.0,10650.0,1.0
7979.0,11017.0,1.0
7979.0,14727.0,1.0
7986.0,15455.0,1.0
8001.0,8002.0,1.0
8001.0,13318.0,1.0
8001.0,20956.0,1.0
8002.0,11481.0,1.0
8004.0,8005.0,1.0
8005.0,17141.0,1.0
8010.0,16470.0,1.0
8016.0,8017.0,1.0
8016.0,13757.0,1.0
8026.0,16731.0,1.0
8026.0,11601.0,1.0
8026.0,18259.0,1.0
8026.0,20465.0,1.0
8028.0,10109.0,1.0
8028.0,17447.0,1.0
8029.0,11470.0,1.0
8032.0,12099.0,1.0
8033.0,11572.0,1.0
8034.0,16635.0,1.0
8034.0,15515.0,1.0
8037.0,13701.0,1.0
8040.0,10134.0,1.0
8042.0,17041.0,1.0
8042.0,15158.0,1.0
8046.0,12680.0,1.0
8048.0,8835.0,1.0
8050.0,8051.0,1.0
8050.0,8979.0,1.0
8050.0,19420.0,1.0
8052.0,8053.0,1.0
8052.0,9285.0,1.0
8053.0,16612.0,1.0
8053.0,13846.0,1.0
8054.0,13115.0,1.0
8054.0,13428.0,1.0
8056.0,8993.0,1.0
8061.0,12362.0,1.0
8061.0,19126.0,1.0
8062.0,12825.0,1.0
8063.0,10564.0,1.0
8064.0,12454.0,1.0
8064.0,17707.0,1.0
8066.0,9388.0,1.0
8066.0,14806.0,1.0
8068.0,8069.0,1.0
8068.0,8700.0,1.0
8069.0,12758.0,1.0
8071.0,11956.0,1.0
8071.0,16501.0,1.0
8071.0,16780.0,1.0
8077.0,9194.0,1.0
8077.0,11314.0,1.0
8079.0,11629.0,1.0
8079.0,10307.0,1.0
8081.0,8664.0,1.0
8087.0,11351.0,1.0
8088.0,11887.0,1.0
8088.0,16364.0,1.0
8089.0,8383.0,1.0
8089.0,10109.0,1.0
8100.0,8101.0,1.0
8100.0,16529.0,1.0
8100.0,17709.0,1.0
8103.0,17992.0,1.0
8104.0,17118.0,1.0
8104.0,12728.0,1.0
8105.0,12680.0,1.0
8108.0,8109.0,1.0
8108.0,12969.0,1.0
8110.0,12964.0,1.0
8111.0,10538.0,1.0
8113.0,10422.0,1.0
8113.0,9595.0,1.0
8114.0,15922.0,1.0
8114.0,18152.0,1.0
8121.0,14675.0,1.0
8124.0,9411.0,1.0
8128.0,11296.0,1.0
8133.0,9136.0,1.0
8134.0,14923.0,1.0
8135.0,10766.0,1.0
8136.0,9236.0,1.0
8136.0,20812.0,1.0
8140.0,12228.0,1.0
8140.0,8236.0,1.0
8141.0,8142.0,1.0
8141.0,13856.0,1.0
8142.0,11149.0,1.0
8144.0,9713.0,1.0
8144.0,13034.0,1.0
8147.0,8148.0,1.0
8147.0,10132.0,1.0
8148.0,9352.0,1.0
8148.0,10132.0,1.0
8152.0,8947.0,1.0
8152.0,13669.0,1.0
8153.0,8154.0,1.0
8153.0,10960.0,1.0
8154.0,9034.0,1.0
8155.0,13251.0,1.0
8158.0,14668.0,1.0
8167.0,13352.0,1.0
8167.0,17069.0,1.0
8168.0,12171.0,1.0
8173.0,11113.0,1.0
8178.0,9954.0,1.0
8178.0,14644.0,1.0
8181.0,10558.0,1.0
8192.0,18141.0,1.0
8194.0,8719.0,1.0
8194.0,13687.0,1.0
8195.0,8196.0,1.0
8195.0,21080.0,1.0
8196.0,20391.0,1.0
8199.0,14933.0,1.0
8199.0,13239.0,1.0
8201.0,10905.0,1.0
8207.0,8208.0,1.0
8207.0,9549.0,1.0
8208.0,17617.0,1.0
8211.0,8778.0,1.0
8211.0,14797.0,1.0
8212.0,8250.0,1.0
8212.0,14426.0,1.0
8214.0,11604.0,1.0
8214.0,20873.0,1.0
8216.0,8255.0,1.0
8224.0,8225.0,1.0
8224.0,9982.0,1.0
8224.0,13506.0,1.0
8225.0,16410.0,1.0
8225.0,9205.0,1.0
8226.0,16676.0,1.0
8228.0,9510.0,1.0
8229.0,8605.0,1.0
8229.0,10413.0,1.0
8230.0,8231.0,1.0
8230.0,20842.0,1.0
8231.0,8538.0,1.0
8231.0,9341.0,1.0
8234.0,9252.0,1.0
8236.0,10085.0,1.0
8242.0,8243.0,1.0
8242.0,9908.0,1.0
8242.0,16985.0,1.0
8243.0,10217.0,1.0
8243.0,11528.0,1.0
8243.0,16919.0,1.0
8245.0,10055.0,1.0
8247.0,8794.0,1.0
8250.0,8251.0,1.0
8251.0,10473.0,1.0
8251.0,13798.0,1.0
8254.0,8255.0,1.0
8256.0,8257.0,1.0
8256.0,9421.0,1.0
8256.0,12366.0,1.0
8257.0,9654.0,1.0
8257.0,11843.0,1.0
8261.0,16717.0,1.0
8262.0,8263.0,1.0
8263.0,11944.0,1.0
8267.0,8633.0,1.0
8267.0,9225.0,1.0
8267.0,10740.0,1.0
8268.0,8269.0,1.0
8268.0,14110.0,1.0
8271.0,8272.0,1.0
8272.0,20443.0,1.0
8273.0,11307.0,1.0
8273.0,18000.0,1.0
8274.0,8275.0,1.0
8275.0,9467.0,1.0
8289.0,8290.0,1.0
8289.0,12243.0,1.0
8290.0,13234.0,1.0
8290.0,10558.0,1.0
8299.0,9633.0,1.0
8299.0,15275.0,1.0
8303.0,8809.0,1.0
8306.0,9225.0,1.0
8312.0,9524.0,1.0
8312.0,12550.0,1.0
8312.0,11939.0,1.0
8313.0,12471.0,1.0
8313.0,15970.0,1.0
8316.0,8317.0,1.0
8316.0,14969.0,1.0
8316.0,12369.0,1.0
8319.0,15715.0,1.0
8334.0,17290.0,1.0
8334.0,20442.0,1.0
8340.0,11061.0,1.0
8346.0,17850.0,1.0
8349.0,14184.0,1.0
8352.0,11165.0,1.0
8353.0,9692.0,1.0
8358.0,13179.0,1.0
8359.0,8360.0,1.0
8359.0,16497.0,1.0
8359.0,8796.0,1.0
8364.0,13718.0,1.0
8370.0,8493.0,1.0
8370.0,16330.0,1.0
8370.0,12213.0,1.0
8370.0,12339.0,1.0
8383.0,16545.0,1.0
8384.0,11542.0,1.0
8385.0,12407.0,1.0
8387.0,10521.0,1.0
8388.0,16976.0,1.0
8394.0,11523.0,1.0
8408.0,9407.0,1.0
8409.0,8410.0,1.0
8409.0,8809.0,1.0
8409.0,11520.0,1.0
8411.0,10665.0,1.0
8412.0,8413.0,1.0
8412.0,8817.0,1.0
8412.0,8748.0,1.0
8413.0,11659.0,1.0
8414.0,8415.0,1.0
8414.0,8974.0,1.0
8414.0,10773.0,1.0
8415.0,11117.0,1.0
8423.0,8881.0,1.0
8424.0,8425.0,1.0
8425.0,8603.0,1.0
8425.0,11925.0,1.0
8427.0,19983.0,1.0
8437.0,12819.0,1.0
8443.0,12864.0,1.0
8452.0,9888.0,1.0
8452.0,16676.0,1.0
8454.0,8455.0,1.0
8454.0,11570.0,1.0
8459.0,10353.0,1.0
8463.0,8464.0,1.0
8463.0,14918.0,1.0
8464.0,15451.0,1.0
8464.0,12426.0,1.0
8464.0,20408.0,1.0
8470.0,9228.0,1.0
8471.0,13195.0,1.0
8477.0,10830.0,1.0
8477.0,9697.0,1.0
8481.0,8482.0,1.0
8481.0,10564.0,1.0
8482.0,20669.0,1.0
8484.0,10989.0,1.0
8484.0,11459.0,1.0
8484.0,12291.0,1.0
8490.0,8491.0,1.0
8490.0,9029.0,1.0
8491.0,15092.0,1.0
8491.0,9030.0,1.0
8492.0,8493.0,1.0
8492.0,18516.0,1.0
8493.0,9666.0,1.0
8497.0,16540.0,1.0
8498.0,8566.0,1.0
8498.0,9586.0,1.0
8498.0,11622.0,1.0
8499.0,11897.0,1.0
8503.0,12480.0,1.0
8506.0,9755.0,1.0
8507.0,12455.0,1.0
8507.0,11027.0,1.0
8508.0,13781.0,1.0
8509.0,10542.0,1.0
8509.0,14410.0,1.0
8509.0,20592.0,1.0
8523.0,8524.0,1.0
8523.0,16689.0,1.0
8523.0,12809.0,1.0
8527.0,11570.0,1.0
8529.0,8530.0,1.0
8529.0,8597.0,1.0
8529.0,9821.0,1.0
8530.0,9550.0,1.0
8530.0,17066.0,1.0
8534.0,8535.0,1.0
8534.0,12064.0,1.0
8534.0,19563.0,1.0
8534.0,9551.0,1.0
8535.0,12065.0,1.0
8535.0,17628.0,1.0
8538.0,11519.0,1.0
8548.0,11656.0,1.0
8551.0,15310.0,1.0
8552.0,9444.0,1.0
8552.0,9223.0,1.0
8553.0,10122.0,1.0
8553.0,11179.0,1.0
8554.0,9339.0,1.0
8557.0,10409.0,1.0
8558.0,16391.0,1.0
8558.0,13780.0,1.0
8564.0,8565.0,1.0
8565.0,18542.0,1.0
8566.0,10338.0,1.0
8566.0,9582.0,1.0
8566.0,21177.0,1.0
8567.0,8568.0,1.0
8567.0,12895.0,1.0
8567.0,15605.0,1.0
8569.0,12415.0,1.0
8569.0,9384.0,1.0
8570.0,8571.0,1.0
8570.0,9622.0,1.0
8571.0,12354.0,1.0
8571.0,19571.0,1.0
8573.0,10799.0,1.0
8574.0,8575.0,1.0
8574.0,10555.0,1.0
8574.0,12072.0,1.0
8574.0,9272.0,1.0
8575.0,11974.0,1.0
8581.0,13119.0,1.0
8582.0,13590.0,1.0
8582.0,14536.0,1.0
8597.0,18071.0,1.0
8599.0,13652.0,1.0
8602.0,8603.0,1.0
8603.0,11924.0,1.0
8605.0,11538.0,1.0
8605.0,9098.0,1.0
8612.0,9896.0,1.0
8612.0,8959.0,1.0
8615.0,10141.0,1.0
8621.0,8622.0,1.0
8621.0,16503.0,1.0
8622.0,12368.0,1.0
8628.0,8629.0,1.0
8628.0,11008.0,1.0
8629.0,12578.0,1.0
8629.0,11009.0,1.0
8633.0,8883.0,1.0
8634.0,8635.0,1.0
8635.0,10407.0,1.0
8639.0,8640.0,1.0
8639.0,13140.0,1.0
8640.0,9368.0,1.0
8644.0,14811.0,1.0
8648.0,11267.0,1.0
8654.0,8655.0,1.0
8654.0,11721.0,1.0
8654.0,17001.0,1.0
8656.0,8657.0,1.0
8656.0,10153.0,1.0
8656.0,10070.0,1.0
8660.0,13620.0,1.0
8664.0,8665.0,1.0
8664.0,17110.0,1.0
8665.0,10804.0,1.0
8668.0,18310.0,1.0
8668.0,9994.0,1.0
8673.0,10224.0,1.0
8676.0,13976.0,1.0
8682.0,9167.0,1.0
8686.0,13895.0,1.0
8686.0,13999.0,1.0
8687.0,10746.0,1.0
8688.0,13433.0,1.0
8694.0,8695.0,1.0
8694.0,12384.0,1.0
8695.0,12128.0,1.0
8695.0,18152.0,1.0
8696.0,12711.0,1.0
8698.0,10565.0,1.0
8699.0,8700.0,1.0
8700.0,10755.0,1.0
8703.0,12469.0,1.0
8703.0,13526.0,1.0
8710.0,8711.0,1.0
8710.0,21053.0,1.0
8710.0,21055.0,1.0
8711.0,9057.0,1.0
8711.0,10091.0,1.0
8729.0,11092.0,1.0
8729.0,11082.0,1.0
8738.0,9541.0,1.0
8738.0,12572.0,1.0
8744.0,18011.0,1.0
8744.0,16767.0,1.0
8746.0,9063.0,1.0
8746.0,13523.0,1.0
8751.0,10017.0,1.0
8753.0,13277.0,1.0
8764.0,13433.0,1.0
8775.0,14463.0,1.0
8775.0,12115.0,1.0
8778.0,13443.0,1.0
8790.0,16302.0,1.0
8793.0,8794.0,1.0
8793.0,13821.0,1.0
8795.0,9516.0,1.0
8799.0,8969.0,1.0
8799.0,12073.0,1.0
8799.0,9836.0,1.0
8809.0,12996.0,1.0
8810.0,8811.0,1.0
8811.0,10967.0,1.0
8811.0,14208.0,1.0
8817.0,10200.0,1.0
8817.0,11659.0,1.0
8818.0,11796.0,1.0
8820.0,11143.0,1.0
8821.0,11085.0,1.0
8821.0,15851.0,1.0
8830.0,13394.0,1.0
8830.0,19198.0,1.0
8832.0,8833.0,1.0
8832.0,13779.0,1.0
8835.0,10938.0,1.0
8837.0,17658.0,1.0
8845.0,8846.0,1.0
8846.0,9913.0,1.0
8846.0,17010.0,1.0
8846.0,20785.0,1.0
8851.0,10238.0,1.0
8855.0,9328.0,1.0
8856.0,10341.0,1.0
8859.0,8860.0,1.0
8859.0,14355.0,1.0
8860.0,12407.0,1.0
8860.0,16344.0,1.0
8860.0,11456.0,1.0
8862.0,13541.0,1.0
8862.0,11302.0,1.0
8871.0,15125.0,1.0
8873.0,13554.0,1.0
8874.0,13348.0,1.0
8874.0,16657.0,1.0
8875.0,8876.0,1.0
8876.0,9936.0,1.0
8877.0,10587.0,1.0
8877.0,8889.0,1.0
8881.0,13961.0,1.0
8886.0,8887.0,1.0
8889.0,15270.0,1.0
8889.0,15290.0,1.0
8891.0,16395.0,1.0
8891.0,16935.0,1.0
8891.0,17554.0,1.0
8891.0,12652.0,1.0
8900.0,8901.0,1.0
8900.0,11161.0,1.0
8901.0,13885.0,1.0
8904.0,14940.0,1.0
8904.0,14969.0,1.0
8905.0,9605.0,1.0
8908.0,8909.0,1.0
8908.0,17988.0,1.0
8911.0,10044.0,1.0
8911.0,10547.0,1.0
8916.0,8917.0,1.0
8916.0,9798.0,1.0
8916.0,12170.0,1.0
8917.0,9342.0,1.0
8936.0,12484.0,1.0
8936.0,10133.0,1.0
8938.0,10650.0,1.0
8939.0,8940.0,1.0
8939.0,13863.0,1.0
8942.0,16063.0,1.0
8942.0,18285.0,1.0
8944.0,14167.0,1.0
8944.0,20805.0,1.0
8945.0,13477.0,1.0
8945.0,10044.0,1.0
8946.0,8947.0,1.0
8952.0,19156.0,1.0
8954.0,8955.0,1.0
8954.0,10589.0,1.0
8955.0,14709.0,1.0
8959.0,11267.0,1.0
8960.0,8961.0,1.0
8960.0,13097.0,1.0
8960.0,20776.0,1.0
8969.0,16486.0,1.0
8974.0,14516.0,1.0
8976.0,13439.0,1.0
8976.0,13718.0,1.0
8979.0,10241.0,1.0
8979.0,11673.0,1.0
8985.0,9595.0,1.0
8993.0,8994.0,1.0
8993.0,16684.0,1.0
8994.0,10615.0,1.0
8994.0,15556.0,1.0
8995.0,10363.0,1.0
8995.0,10497.0,1.0
9000.0,13921.0,1.0
9000.0,13008.0,1.0
9019.0,11762.0,1.0
9020.0,9825.0,1.0
9020.0,9243.0,1.0
9024.0,13420.0,1.0
9024.0,12165.0,1.0
9029.0,9030.0,1.0
9030.0,13703.0,1.0
9033.0,16929.0,1.0
9033.0,10628.0,1.0
9035.0,12969.0,1.0
9035.0,17109.0,1.0
9040.0,14068.0,1.0
9044.0,9045.0,1.0
9045.0,13100.0,1.0
9046.0,9174.0,1.0
9049.0,9050.0,1.0
9049.0,15605.0,1.0
9049.0,15614.0,1.0
9052.0,10735.0,1.0
9055.0,9056.0,1.0
9057.0,20961.0,1.0
9059.0,9060.0,1.0
9059.0,10101.0,1.0
9059.0,19982.0,1.0
9067.0,9334.0,1.0
9068.0,9069.0,1.0
9071.0,9072.0,1.0
9071.0,20303.0,1.0
9072.0,12618.0,1.0
9072.0,13238.0,1.0
9075.0,13107.0,1.0
9075.0,12664.0,1.0
9078.0,9079.0,1.0
9078.0,13473.0,1.0
9079.0,10714.0,1.0
9079.0,11800.0,1.0
9095.0,19996.0,1.0
9096.0,10902.0,1.0
9096.0,13676.0,1.0
9106.0,9107.0,1.0
9106.0,12664.0,1.0
9106.0,10279.0,1.0
9107.0,10923.0,1.0
9109.0,13166.0,1.0
9110.0,9111.0,1.0
9110.0,12434.0,1.0
9111.0,10699.0,1.0
9117.0,13088.0,1.0
9125.0,13564.0,1.0
9127.0,9128.0,1.0
9127.0,16640.0,1.0
9127.0,16602.0,1.0
9128.0,16417.0,1.0
9129.0,9130.0,1.0
9129.0,9696.0,1.0
9135.0,9136.0,1.0
9136.0,20957.0,1.0
9137.0,19987.0,1.0
9155.0,9156.0,1.0
9155.0,10676.0,1.0
9155.0,9607.0,1.0
9156.0,9179.0,1.0
9156.0,13269.0,1.0
9161.0,9378.0,1.0
9161.0,10197.0,1.0
9161.0,17974.0,1.0
9162.0,14292.0,1.0
9163.0,10514.0,1.0
9167.0,12247.0,1.0
9167.0,11305.0,1.0
9174.0,11154.0,1.0
9174.0,16553.0,1.0
9175.0,9176.0,1.0
9175.0,16767.0,1.0
9175.0,20811.0,1.0
9176.0,10782.0,1.0
9178.0,11177.0,1.0
9194.0,12948.0,1.0
9197.0,12729.0,1.0
9201.0,9202.0,1.0
9201.0,16406.0,1.0
9201.0,16638.0,1.0
9202.0,16252.0,1.0
9202.0,19011.0,1.0
9205.0,9206.0,1.0
9205.0,9780.0,1.0
9206.0,9780.0,1.0
9206.0,16568.0,1.0
9207.0,11572.0,1.0
9212.0,13242.0,1.0
9213.0,9214.0,1.0
9213.0,12861.0,1.0
9214.0,9236.0,1.0
9221.0,15048.0,1.0
9222.0,14730.0,1.0
9223.0,9444.0,1.0
9223.0,15228.0,1.0
9225.0,11015.0,1.0
9228.0,10385.0,1.0
9229.0,11638.0,1.0
9233.0,11828.0,1.0
9233.0,12007.0,1.0
9238.0,9267.0,1.0
9249.0,13851.0,1.0
9252.0,10368.0,1.0
9253.0,16326.0,1.0
9258.0,9385.0,1.0
9258.0,12333.0,1.0
9262.0,13619.0,1.0
9266.0,9418.0,1.0
9275.0,13830.0,1.0
9275.0,20996.0,1.0
9280.0,15980.0,1.0
9280.0,13093.0,1.0
9285.0,12741.0,1.0
9287.0,10711.0,1.0
9287.0,13447.0,1.0
9288.0,11425.0,1.0
9289.0,11620.0,1.0
9290.0,9291.0,1.0
9290.0,16934.0,1.0
9290.0,16627.0,1.0
9291.0,11614.0,1.0
9295.0,9296.0,1.0
9296.0,11706.0,1.0
9319.0,11527.0,1.0
9328.0,9329.0,1.0
9328.0,14209.0,1.0
9334.0,16366.0,1.0
9337.0,11605.0,1.0
9337.0,11395.0,1.0
9339.0,10920.0,1.0
9341.0,11519.0,1.0
9342.0,15395.0,1.0
9343.0,13437.0,1.0
9351.0,9352.0,1.0
9351.0,16517.0,1.0
9352.0,11915.0,1.0
9360.0,12267.0,1.0
9361.0,13526.0,1.0
9363.0,17663.0,1.0
9364.0,13987.0,1.0
9366.0,11934.0,1.0
9366.0,14257.0,1.0
9369.0,16549.0,1.0
9369.0,12369.0,1.0
9369.0,9613.0,1.0
9370.0,16370.0,1.0
9370.0,17017.0,1.0
9376.0,11866.0,1.0
9378.0,11298.0,1.0
9383.0,9384.0,1.0
9383.0,14723.0,1.0
9383.0,11519.0,1.0
9384.0,10169.0,1.0
9384.0,11840.0,1.0
9385.0,16972.0,1.0
9387.0,19288.0,1.0
9388.0,12000.0,1.0
9388.0,13304.0,1.0
9389.0,10597.0,1.0
9389.0,13987.0,1.0
9390.0,10537.0,1.0
9390.0,10536.0,1.0
9395.0,16369.0,1.0
9406.0,10247.0,1.0
9407.0,10383.0,1.0
9409.0,10960.0,1.0
9411.0,9412.0,1.0
9412.0,11024.0,1.0
9418.0,11446.0,1.0
9422.0,9423.0,1.0
9423.0,10656.0,1.0
9425.0,9426.0,1.0
9426.0,14826.0,1.0
9428.0,12910.0,1.0
9432.0,9433.0,1.0
9432.0,14906.0,1.0
9433.0,10540.0,1.0
9434.0,9435.0,1.0
9434.0,10552.0,1.0
9435.0,13450.0,1.0
9436.0,11941.0,1.0
9437.0,17008.0,1.0
9440.0,17054.0,1.0
9441.0,16309.0,1.0
9444.0,13882.0,1.0
9445.0,9446.0,1.0
9445.0,10566.0,1.0
9445.0,15415.0,1.0
9445.0,9756.0,1.0
9453.0,12509.0,1.0
9455.0,16549.0,1.0
9456.0,15158.0,1.0
9456.0,10656.0,1.0
9457.0,16559.0,1.0
9457.0,16695.0,1.0
9459.0,16662.0,1.0
9465.0,9466.0,1.0
9465.0,16924.0,1.0
9466.0,13961.0,1.0
9467.0,10521.0,1.0
9470.0,13747.0,1.0
9472.0,10947.0,1.0
9488.0,9489.0,1.0
9489.0,14646.0,1.0
9489.0,16609.0,1.0
9489.0,16780.0,1.0
9490.0,9491.0,1.0
9490.0,17523.0,1.0
9491.0,16583.0,1.0
9491.0,11762.0,1.0
9492.0,11311.0,1.0
9496.0,16346.0,1.0
9508.0,9922.0,1.0
9508.0,10811.0,1.0
9510.0,12857.0,1.0
9511.0,14156.0,1.0
9518.0,16898.0,1.0
9518.0,14036.0,1.0
9518.0,15100.0,1.0
9519.0,17300.0,1.0
9524.0,12912.0,1.0
9525.0,11722.0,1.0
9526.0,12810.0,1.0
9526.0,10588.0,1.0
9529.0,16717.0,1.0
9533.0,16719.0,1.0
9533.0,20850.0,1.0
9535.0,17801.0,1.0
9536.0,16366.0,1.0
9539.0,11307.0,1.0
9541.0,12361.0,1.0
9545.0,17027.0,1.0
9546.0,9547.0,1.0
9546.0,10284.0,1.0
9547.0,9872.0,1.0
9547.0,12289.0,1.0
9547.0,13752.0,1.0
9549.0,19432.0,1.0
9550.0,9977.0,1.0
9551.0,9552.0,1.0
9553.0,9554.0,1.0
9559.0,13028.0,1.0
9562.0,20803.0,1.0
9566.0,13826.0,1.0
9566.0,11662.0,1.0
9569.0,9570.0,1.0
9569.0,16667.0,1.0
9570.0,16484.0,1.0
9570.0,16674.0,1.0
9573.0,9574.0,1.0
9573.0,9621.0,1.0
9574.0,10504.0,1.0
9574.0,11605.0,1.0
9582.0,21176.0,1.0
9585.0,11850.0,1.0
9586.0,9587.0,1.0
9586.0,21177.0,1.0
9589.0,9590.0,1.0
9589.0,10273.0,1.0
9590.0,11470.0,1.0
9590.0,13049.0,1.0
9591.0,9592.0,1.0
9591.0,12455.0,1.0
9592.0,10094.0,1.0
9593.0,13382.0,1.0
9594.0,9595.0,1.0
9594.0,11826.0,1.0
9594.0,13644.0,1.0
9603.0,16787.0,1.0
9614.0,17722.0,1.0
9615.0,14711.0,1.0
9616.0,12738.0,1.0
9621.0,11605.0,1.0
9622.0,11970.0,1.0
9622.0,12304.0,1.0
9632.0,14319.0,1.0
9632.0,9694.0,1.0
9633.0,15272.0,1.0
9651.0,13278.0,1.0
9654.0,12907.0,1.0
9663.0,10000.0,1.0
9669.0,11208.0,1.0
9677.0,13693.0,1.0
9680.0,9681.0,1.0
9680.0,12339.0,1.0
9680.0,9750.0,1.0
9680.0,12213.0,1.0
9681.0,11439.0,1.0
9681.0,16939.0,1.0
9687.0,13932.0,1.0
9688.0,16583.0,1.0
9688.0,21102.0,1.0
9688.0,20989.0,1.0
9693.0,9694.0,1.0
9694.0,11678.0,1.0
9695.0,13780.0,1.0
9695.0,20605.0,1.0
9699.0,16358.0,1.0
9713.0,11952.0,1.0
9714.0,10371.0,1.0
9722.0,9987.0,1.0
9727.0,20308.0,1.0
9727.0,18523.0,1.0
9736.0,10442.0,1.0
9742.0,17273.0,1.0
9742.0,17285.0,1.0
9744.0,10098.0,1.0
9745.0,15044.0,1.0
9750.0,16939.0,1.0
9751.0,9943.0,1.0
9751.0,13126.0,1.0
9756.0,9757.0,1.0
9756.0,11881.0,1.0
9757.0,11882.0,1.0
9757.0,10566.0,1.0
9757.0,20912.0,1.0
9762.0,11037.0,1.0
9763.0,13734.0,1.0
9764.0,12652.0,1.0
9764.0,16660.0,1.0
9772.0,9773.0,1.0
9774.0,10804.0,1.0
9779.0,11045.0,1.0
9780.0,16351.0,1.0
9780.0,16569.0,1.0
9781.0,9782.0,1.0
9781.0,12807.0,1.0
9781.0,14833.0,1.0
9782.0,11225.0,1.0
9789.0,14084.0,1.0
9795.0,13901.0,1.0
9795.0,13629.0,1.0
9797.0,9798.0,1.0
9797.0,12719.0,1.0
9801.0,13057.0,1.0
9812.0,11311.0,1.0
9812.0,14164.0,1.0
9815.0,11491.0,1.0
9816.0,9817.0,1.0
9817.0,14610.0,1.0
9821.0,17066.0,1.0
9821.0,16756.0,1.0
9822.0,10784.0,1.0
9825.0,14461.0,1.0
9838.0,17573.0,1.0
9848.0,12589.0,1.0
9851.0,9852.0,1.0
9851.0,16902.0,1.0
9851.0,17080.0,1.0
9852.0,16354.0,1.0
9852.0,16879.0,1.0
9856.0,9857.0,1.0
9856.0,11008.0,1.0
9857.0,11009.0,1.0
9868.0,12055.0,1.0
9868.0,12731.0,1.0
9870.0,9871.0,1.0
9871.0,13226.0,1.0
9885.0,12732.0,1.0
9885.0,10525.0,1.0
9888.0,10745.0,1.0
9890.0,20352.0,1.0
9890.0,21180.0,1.0
9901.0,13304.0,1.0
9908.0,16499.0,1.0
9910.0,9911.0,1.0
9911.0,13348.0,1.0
9913.0,19165.0,1.0
9913.0,17011.0,1.0
9913.0,18480.0,1.0
9914.0,11391.0,1.0
9917.0,9918.0,1.0
9917.0,11792.0,1.0
9917.0,12480.0,1.0
9919.0,14890.0,1.0
9922.0,16423.0,1.0
9926.0,16560.0,1.0
9926.0,14614.0,1.0
9927.0,9928.0,1.0
9927.0,12054.0,1.0
9928.0,11510.0,1.0
9934.0,13352.0,1.0
9935.0,9936.0,1.0
9936.0,10554.0,1.0
9936.0,15538.0,1.0
9943.0,12396.0,1.0
9943.0,15142.0,1.0
9949.0,13849.0,1.0
9949.0,17883.0,1.0
9950.0,13457.0,1.0
9957.0,13060.0,1.0
9957.0,16576.0,1.0
9957.0,16302.0,1.0
9959.0,13887.0,1.0
9960.0,17049.0,1.0
9963.0,14294.0,1.0
9973.0,9974.0,1.0
9973.0,14233.0,1.0
9973.0,16414.0,1.0
9974.0,13159.0,1.0
9974.0,16921.0,1.0
9976.0,16560.0,1.0
9977.0,11037.0,1.0
9977.0,12997.0,1.0
9978.0,9979.0,1.0
9979.0,11688.0,1.0
9979.0,13404.0,1.0
9980.0,13083.0,1.0
9982.0,9983.0,1.0
9982.0,15716.0,1.0
9985.0,12953.0,1.0
9985.0,17095.0,1.0
9987.0,13286.0,1.0
9987.0,11773.0,1.0
9994.0,16449.0,1.0
9998.0,13346.0,1.0
9998.0,11165.0,1.0
9998.0,13541.0,1.0
9999.0,10713.0,1.0
10000.0,14668.0,1.0
10016.0,11319.0,1.0
10017.0,10018.0,1.0
10017.0,13590.0,1.0
10019.0,10353.0,1.0
10020.0,10021.0,1.0
10020.0,10826.0,1.0
10024.0,10025.0,1.0
10025.0,13261.0,1.0
10030.0,10031.0,1.0
10033.0,10034.0,1.0
10033.0,11647.0,1.0
10033.0,10208.0,1.0
10033.0,16484.0,1.0
10034.0,10924.0,1.0
10035.0,10036.0,1.0
10036.0,10900.0,1.0
10036.0,14911.0,1.0
10037.0,11912.0,1.0
10037.0,20192.0,1.0
10044.0,12385.0,1.0
10045.0,14868.0,1.0
10045.0,18274.0,1.0
10048.0,10363.0,1.0
10049.0,11491.0,1.0
10053.0,10054.0,1.0
10053.0,16596.0,1.0
10055.0,14021.0,1.0
10066.0,19409.0,1.0
10067.0,20819.0,1.0
10067.0,17011.0,1.0
10068.0,10069.0,1.0
10068.0,11293.0,1.0
10068.0,11113.0,1.0
10069.0,10514.0,1.0
10077.0,10078.0,1.0
10077.0,12375.0,1.0
10082.0,11606.0,1.0
10082.0,14775.0,1.0
10084.0,11277.0,1.0
10084.0,10576.0,1.0
10085.0,11836.0,1.0
10085.0,12228.0,1.0
10091.0,14701.0,1.0
10094.0,12455.0,1.0
10095.0,13514.0,1.0
10098.0,16363.0,1.0
10098.0,17046.0,1.0
10101.0,13130.0,1.0
10104.0,12450.0,1.0
10111.0,11888.0,1.0
10111.0,11506.0,1.0
10119.0,10120.0,1.0
10120.0,10663.0,1.0
10120.0,14121.0,1.0
10123.0,13918.0,1.0
10133.0,12484.0,1.0
10134.0,14118.0,1.0
10135.0,13860.0,1.0
10138.0,10139.0,1.0
10138.0,19120.0,1.0
10140.0,16427.0,1.0
10141.0,12285.0,1.0
10141.0,16467.0,1.0
10153.0,16959.0,1.0
10153.0,18158.0,1.0
10156.0,14689.0,1.0
10158.0,10651.0,1.0
10159.0,11409.0,1.0
10161.0,20717.0,1.0
10167.0,17293.0,1.0
10169.0,12415.0,1.0
10169.0,11519.0,1.0
10172.0,10173.0,1.0
10172.0,11284.0,1.0
10173.0,11592.0,1.0
10174.0,14167.0,1.0
10174.0,11118.0,1.0
10175.0,16443.0,1.0
10175.0,19442.0,1.0
10180.0,11723.0,1.0
10184.0,10185.0,1.0
10184.0,15984.0,1.0
10184.0,19458.0,1.0
10185.0,16495.0,1.0
10185.0,19458.0,1.0
10190.0,13413.0,1.0
10196.0,10197.0,1.0
10196.0,13689.0,1.0
10196.0,19080.0,1.0
10197.0,19080.0,1.0
10201.0,15250.0,1.0
10208.0,10924.0,1.0
10216.0,10217.0,1.0
10216.0,13967.0,1.0
10216.0,16942.0,1.0
10224.0,14834.0,1.0
10225.0,10226.0,1.0
10225.0,12919.0,1.0
10229.0,14828.0,1.0
10232.0,10233.0,1.0
10232.0,16623.0,1.0
10233.0,16623.0,1.0
10233.0,13368.0,1.0
10238.0,10425.0,1.0
10241.0,11673.0,1.0
10241.0,19419.0,1.0
10246.0,10322.0,1.0
10246.0,14484.0,1.0
10259.0,17521.0,1.0
10270.0,10489.0,1.0
10273.0,11269.0,1.0
10273.0,13049.0,1.0
10274.0,13918.0,1.0
10279.0,10923.0,1.0
10284.0,13752.0,1.0
10287.0,16450.0,1.0
10290.0,10291.0,1.0
10290.0,17225.0,1.0
10290.0,18288.0,1.0
10292.0,10585.0,1.0
10292.0,10651.0,1.0
10292.0,16314.0,1.0
10294.0,13119.0,1.0
10294.0,15532.0,1.0
10295.0,10296.0,1.0
10295.0,16706.0,1.0
10295.0,13405.0,1.0
10297.0,11473.0,1.0
10302.0,13580.0,1.0
10307.0,10308.0,1.0
10307.0,11558.0,1.0
10308.0,11629.0,1.0
10309.0,10310.0,1.0
10310.0,13887.0,1.0
10313.0,10482.0,1.0
10314.0,16801.0,1.0
10317.0,10318.0,1.0
10317.0,12624.0,1.0
10320.0,21012.0,1.0
10322.0,16772.0,1.0
10336.0,10337.0,1.0
10336.0,11502.0,1.0
10338.0,11622.0,1.0
10346.0,17034.0,1.0
10346.0,20056.0,1.0
10347.0,16526.0,1.0
10352.0,10353.0,1.0
10367.0,16937.0,1.0
10367.0,11912.0,1.0
10368.0,11011.0,1.0
10370.0,15065.0,1.0
10380.0,10381.0,1.0
10380.0,14428.0,1.0
10380.0,11639.0,1.0
10381.0,16957.0,1.0
10383.0,14257.0,1.0
10383.0,10450.0,1.0
10391.0,12183.0,1.0
10400.0,13780.0,1.0
10410.0,10411.0,1.0
10410.0,15944.0,1.0
10411.0,12886.0,1.0
10413.0,13582.0,1.0
10414.0,12136.0,1.0
10414.0,14675.0,1.0
10421.0,10422.0,1.0
10422.0,13731.0,1.0
10423.0,10424.0,1.0
10425.0,19498.0,1.0
10426.0,13082.0,1.0
10427.0,14868.0,1.0
10427.0,11591.0,1.0
10429.0,10430.0,1.0
10429.0,19012.0,1.0
10429.0,19011.0,1.0
10430.0,14183.0,1.0
10430.0,15493.0,1.0
10431.0,15532.0,1.0
10435.0,11074.0,1.0
10435.0,10843.0,1.0
10438.0,10439.0,1.0
10440.0,13270.0,1.0
10440.0,13457.0,1.0
10441.0,13656.0,1.0
10451.0,10452.0,1.0
10451.0,14997.0,1.0
10451.0,21126.0,1.0
10451.0,14184.0,1.0
10452.0,21126.0,1.0
10452.0,17982.0,1.0
10453.0,16513.0,1.0
10466.0,12711.0,1.0
10466.0,17799.0,1.0
10467.0,11789.0,1.0
10473.0,10474.0,1.0
10473.0,11835.0,1.0
10479.0,13873.0,1.0
10480.0,12334.0,1.0
10483.0,10484.0,1.0
10484.0,16487.0,1.0
10485.0,10486.0,1.0
10485.0,13923.0,1.0
10485.0,10527.0,1.0
10486.0,13243.0,1.0
10489.0,11427.0,1.0
10492.0,13670.0,1.0
10495.0,10496.0,1.0
10495.0,10675.0,1.0
10496.0,12235.0,1.0
10497.0,14565.0,1.0
10497.0,14284.0,1.0
10501.0,12267.0,1.0
10501.0,16075.0,1.0
10510.0,10976.0,1.0
10510.0,13180.0,1.0
10512.0,10592.0,1.0
10512.0,16504.0,1.0
10514.0,11373.0,1.0
10515.0,10516.0,1.0
10515.0,17905.0,1.0
10515.0,18305.0,1.0
10516.0,14810.0,1.0
10519.0,13140.0,1.0
10520.0,10521.0,1.0
10525.0,13393.0,1.0
10526.0,10527.0,1.0
10526.0,13279.0,1.0
10527.0,13243.0,1.0
10536.0,10537.0,1.0
10536.0,14908.0,1.0
10538.0,10539.0,1.0
10538.0,11544.0,1.0
10539.0,16240.0,1.0
10540.0,10541.0,1.0
10542.0,20592.0,1.0
10552.0,10553.0,1.0
10553.0,13180.0,1.0
10555.0,11974.0,1.0
10555.0,13248.0,1.0
10556.0,11122.0,1.0
10557.0,10558.0,1.0
10557.0,13234.0,1.0
10563.0,10564.0,1.0
10563.0,16837.0,1.0
10565.0,12939.0,1.0
10566.0,20912.0,1.0
10571.0,12340.0,1.0
10571.0,17001.0,1.0
10577.0,14006.0,1.0
10582.0,20802.0,1.0
10585.0,16314.0,1.0
10586.0,16630.0,1.0
10586.0,13413.0,1.0
10587.0,15290.0,1.0
10587.0,14409.0,1.0
10588.0,11513.0,1.0
10588.0,16638.0,1.0
10593.0,10990.0,1.0
10602.0,10603.0,1.0
10602.0,11293.0,1.0
10602.0,17588.0,1.0
10603.0,11113.0,1.0
10603.0,13735.0,1.0
10609.0,11074.0,1.0
10610.0,10611.0,1.0
10611.0,17062.0,1.0
10611.0,17767.0,1.0
10615.0,11886.0,1.0
10615.0,16684.0,1.0
10615.0,12641.0,1.0
10619.0,11242.0,1.0
10619.0,14409.0,1.0
10619.0,11654.0,1.0
10625.0,16990.0,1.0
10625.0,17090.0,1.0
10625.0,16612.0,1.0
10625.0,20745.0,1.0
10631.0,10632.0,1.0
10631.0,12853.0,1.0
10631.0,15810.0,1.0
10632.0,12853.0,1.0
10632.0,16862.0,1.0
10645.0,13447.0,1.0
10651.0,10652.0,1.0
10651.0,14772.0,1.0
10652.0,11614.0,1.0
10668.0,13220.0,1.0
10672.0,10673.0,1.0
10672.0,10967.0,1.0
10673.0,13018.0,1.0
10675.0,12235.0,1.0
10676.0,17433.0,1.0
10676.0,13710.0,1.0
10682.0,12209.0,1.0
10697.0,16412.0,1.0
10699.0,10700.0,1.0
10700.0,11373.0,1.0
10705.0,10706.0,1.0
10706.0,11217.0,1.0
10707.0,14792.0,1.0
10709.0,10710.0,1.0
10709.0,14841.0,1.0
10709.0,16597.0,1.0
10710.0,16597.0,1.0
10713.0,10889.0,1.0
10724.0,11776.0,1.0
10724.0,12913.0,1.0
10730.0,16471.0,1.0
10730.0,17619.0,1.0
10731.0,12096.0,1.0
10732.0,13047.0,1.0
10732.0,13652.0,1.0
10735.0,12737.0,1.0
10736.0,14211.0,1.0
10740.0,11015.0,1.0
10741.0,11084.0,1.0
10745.0,16859.0,1.0
10746.0,12488.0,1.0
10746.0,13607.0,1.0
10747.0,10748.0,1.0
10747.0,13347.0,1.0
10755.0,11866.0,1.0
10756.0,10757.0,1.0
10756.0,13615.0,1.0
10756.0,13008.0,1.0
10757.0,13677.0,1.0
10760.0,10761.0,1.0
10760.0,11536.0,1.0
10764.0,10765.0,1.0
10764.0,12773.0,1.0
10765.0,17699.0,1.0
10772.0,11646.0,1.0
10772.0,12237.0,1.0
10779.0,16289.0,1.0
10779.0,16622.0,1.0
10780.0,13345.0,1.0
10780.0,15132.0,1.0
10782.0,19583.0,1.0
10782.0,20811.0,1.0
10784.0,12937.0,1.0
10787.0,18028.0,1.0
10795.0,16422.0,1.0
10799.0,13239.0,1.0
10804.0,17110.0,1.0
10806.0,21188.0,1.0
10807.0,11640.0,1.0
10811.0,15124.0,1.0
10811.0,16423.0,1.0
10813.0,10814.0,1.0
10813.0,13574.0,1.0
10813.0,13553.0,1.0
10814.0,14782.0,1.0
10814.0,16543.0,1.0
10818.0,10819.0,1.0
10818.0,13898.0,1.0
10819.0,12379.0,1.0
10820.0,16396.0,1.0
10826.0,12748.0,1.0
10827.0,12561.0,1.0
10832.0,13244.0,1.0
10832.0,12986.0,1.0
10834.0,10835.0,1.0
10834.0,14866.0,1.0
10843.0,10844.0,1.0
10859.0,14878.0,1.0
10859.0,16520.0,1.0
10861.0,16562.0,1.0
10861.0,12994.0,1.0
10862.0,10863.0,1.0
10862.0,11080.0,1.0
10862.0,20350.0,1.0
10863.0,18514.0,1.0
10875.0,10997.0,1.0
10880.0,12862.0,1.0
10880.0,18008.0,1.0
10882.0,12550.0,1.0
10883.0,13057.0,1.0
10884.0,14245.0,1.0
10887.0,14586.0,1.0
10895.0,10896.0,1.0
10895.0,15197.0,1.0
10896.0,15197.0,1.0
10896.0,11351.0,1.0
10902.0,11208.0,1.0
10902.0,13362.0,1.0
10910.0,13747.0,1.0
10910.0,18523.0,1.0
10910.0,15815.0,1.0
10919.0,12055.0,1.0
10919.0,11126.0,1.0
10920.0,12360.0,1.0
10920.0,12713.0,1.0
10923.0,16497.0,1.0
10926.0,16951.0,1.0
10939.0,14999.0,1.0
10946.0,11819.0,1.0
10946.0,17790.0,1.0
10946.0,17080.0,1.0
10952.0,13433.0,1.0
10965.0,10966.0,1.0
10965.0,12650.0,1.0
10966.0,14292.0,1.0
10966.0,12186.0,1.0
10967.0,13018.0,1.0
10968.0,12660.0,1.0
10976.0,10977.0,1.0
10976.0,11660.0,1.0
10979.0,11296.0,1.0
10979.0,16375.0,1.0
10984.0,20329.0,1.0
10988.0,11635.0,1.0
10988.0,13068.0,1.0
10989.0,12163.0,1.0
10991.0,12538.0,1.0
11000.0,16546.0,1.0
11007.0,11425.0,1.0
11008.0,11009.0,1.0
11013.0,11014.0,1.0
11013.0,13093.0,1.0
11022.0,13712.0,1.0
11022.0,16982.0,1.0
11027.0,11028.0,1.0
11027.0,11274.0,1.0
11031.0,11887.0,1.0
11039.0,11513.0,1.0
11043.0,12826.0,1.0
11049.0,11050.0,1.0
11050.0,12917.0,1.0
11058.0,11188.0,1.0
11059.0,11084.0,1.0
11065.0,11066.0,1.0
11065.0,12061.0,1.0
11065.0,12067.0,1.0
11065.0,14896.0,1.0
11066.0,12067.0,1.0
11067.0,13445.0,1.0
11080.0,11646.0,1.0
11082.0,11083.0,1.0
11082.0,12118.0,1.0
11083.0,12784.0,1.0
11083.0,16481.0,1.0
11085.0,11908.0,1.0
11092.0,14051.0,1.0
11094.0,15301.0,1.0
11095.0,17023.0,1.0
11103.0,16893.0,1.0
11108.0,16396.0,1.0
11109.0,11603.0,1.0
11111.0,11112.0,1.0
11111.0,13084.0,1.0
11111.0,11266.0,1.0
11114.0,15887.0,1.0
11114.0,14801.0,1.0
11122.0,12299.0,1.0
11125.0,11863.0,1.0
11125.0,16433.0,1.0
11144.0,14867.0,1.0
11149.0,11150.0,1.0
11149.0,14589.0,1.0
11154.0,11759.0,1.0
11154.0,16344.0,1.0
11156.0,11157.0,1.0
11161.0,12293.0,1.0
11166.0,11167.0,1.0
11166.0,16494.0,1.0
11166.0,16315.0,1.0
11167.0,14259.0,1.0
11169.0,16365.0,1.0
11171.0,15704.0,1.0
11171.0,15730.0,1.0
11177.0,16640.0,1.0
11178.0,13455.0,1.0
11178.0,20401.0,1.0
11182.0,14413.0,1.0
11182.0,20928.0,1.0
11184.0,11704.0,1.0
11187.0,11188.0,1.0
11187.0,11601.0,1.0
11188.0,11602.0,1.0
11188.0,18970.0,1.0
11203.0,16338.0,1.0
11203.0,20870.0,1.0
11217.0,13779.0,1.0
11225.0,12294.0,1.0
11228.0,11229.0,1.0
11228.0,13344.0,1.0
11228.0,15175.0,1.0
11229.0,16044.0,1.0
11229.0,16890.0,1.0
11230.0,16119.0,1.0
11242.0,14117.0,1.0
11253.0,12399.0,1.0
11257.0,14120.0,1.0
11262.0,16610.0,1.0
11262.0,12946.0,1.0
11265.0,11266.0,1.0
11265.0,13942.0,1.0
11265.0,13084.0,1.0
11269.0,11342.0,1.0
11269.0,11911.0,1.0
11271.0,12474.0,1.0
11273.0,11274.0,1.0
11273.0,13984.0,1.0
11273.0,16353.0,1.0
11274.0,14259.0,1.0
11277.0,14062.0,1.0
11280.0,13239.0,1.0
11280.0,16478.0,1.0
11288.0,13834.0,1.0
11293.0,11373.0,1.0
11296.0,11386.0,1.0
11298.0,16951.0,1.0
11303.0,11304.0,1.0
11304.0,19306.0,1.0
11305.0,11306.0,1.0
11311.0,13737.0,1.0
11315.0,11316.0,1.0
11316.0,19433.0,1.0
11317.0,16701.0,1.0
11319.0,12000.0,1.0
11320.0,12758.0,1.0
11321.0,11322.0,1.0
11322.0,14672.0,1.0
11322.0,16461.0,1.0
11336.0,16388.0,1.0
11339.0,13308.0,1.0
11339.0,16688.0,1.0
11348.0,17447.0,1.0
11352.0,20957.0,1.0
11353.0,16011.0,1.0
11357.0,17042.0,1.0
11363.0,11683.0,1.0
11363.0,15813.0,1.0
11372.0,13292.0,1.0
11372.0,17661.0,1.0
11375.0,18528.0,1.0
11384.0,11385.0,1.0
11384.0,15974.0,1.0
11384.0,16907.0,1.0
11392.0,15030.0,1.0
11395.0,12303.0,1.0
11395.0,20367.0,1.0
11417.0,13514.0,1.0
11425.0,18310.0,1.0
11427.0,16551.0,1.0
11436.0,11437.0,1.0
11437.0,19400.0,1.0
11439.0,12213.0,1.0
11439.0,12232.0,1.0
11446.0,14363.0,1.0
11449.0,14897.0,1.0
11450.0,12434.0,1.0
11459.0,12291.0,1.0
11459.0,12163.0,1.0
11463.0,12997.0,1.0
11465.0,12093.0,1.0
11466.0,11467.0,1.0
11467.0,15468.0,1.0
11467.0,16255.0,1.0
11473.0,18344.0,1.0
11481.0,18283.0,1.0
11493.0,14923.0,1.0
11504.0,11975.0,1.0
11505.0,13761.0,1.0
11510.0,18109.0,1.0
11520.0,13458.0,1.0
11523.0,11524.0,1.0
11523.0,13751.0,1.0
11523.0,14700.0,1.0
11528.0,16942.0,1.0
11537.0,13305.0,1.0
11538.0,11965.0,1.0
11539.0,16942.0,1.0
11542.0,16592.0,1.0
11543.0,11544.0,1.0
11543.0,16235.0,1.0
11544.0,16235.0,1.0
11555.0,16492.0,1.0
11555.0,11742.0,1.0
11558.0,15043.0,1.0
11569.0,11570.0,1.0
11579.0,12686.0,1.0
11579.0,15652.0,1.0
11582.0,11980.0,1.0
11582.0,15937.0,1.0
11588.0,12630.0,1.0
11588.0,14071.0,1.0
11591.0,17949.0,1.0
11599.0,14214.0,1.0
11601.0,11602.0,1.0
11602.0,16668.0,1.0
11602.0,17855.0,1.0
11604.0,12852.0,1.0
11604.0,20872.0,1.0
11606.0,14507.0,1.0
11614.0,14772.0,1.0
11614.0,16934.0,1.0
11623.0,12314.0,1.0
11626.0,16309.0,1.0
11627.0,12412.0,1.0
11627.0,16251.0,1.0
11629.0,15124.0,1.0
11634.0,12741.0,1.0
11638.0,13274.0,1.0
11640.0,16450.0,1.0
11643.0,12052.0,1.0
11646.0,12316.0,1.0
11646.0,18507.0,1.0
11653.0,11654.0,1.0
11654.0,20993.0,1.0
11656.0,16524.0,1.0
11659.0,17722.0,1.0
11660.0,19409.0,1.0
11661.0,11662.0,1.0
11661.0,13825.0,1.0
11661.0,16806.0,1.0
11661.0,19524.0,1.0
11673.0,14217.0,1.0
11675.0,14084.0,1.0
11677.0,11678.0,1.0
11677.0,15668.0,1.0
11678.0,15830.0,1.0
11688.0,13404.0,1.0
11689.0,17394.0,1.0
11702.0,12273.0,1.0
11706.0,13554.0,1.0
11716.0,13128.0,1.0
11729.0,17468.0,1.0
11737.0,11738.0,1.0
11737.0,15298.0,1.0
11738.0,13756.0,1.0
11739.0,11740.0,1.0
11741.0,12912.0,1.0
11742.0,13300.0,1.0
11742.0,11819.0,1.0
11749.0,13574.0,1.0
11758.0,12497.0,1.0
11759.0,12407.0,1.0
11760.0,13371.0,1.0
11761.0,11762.0,1.0
11761.0,16583.0,1.0
11774.0,12050.0,1.0
11776.0,11965.0,1.0
11778.0,12604.0,1.0
11778.0,14769.0,1.0
11789.0,20805.0,1.0
11789.0,20806.0,1.0
11790.0,13377.0,1.0
11793.0,12638.0,1.0
11798.0,16454.0,1.0
11798.0,16481.0,1.0
11800.0,14210.0,1.0
11800.0,19413.0,1.0
11803.0,13664.0,1.0
11819.0,16970.0,1.0
11821.0,11822.0,1.0
11821.0,16381.0,1.0
11821.0,14693.0,1.0
11823.0,11824.0,1.0
11824.0,12659.0,1.0
11825.0,12116.0,1.0
11825.0,20819.0,1.0
11826.0,11827.0,1.0
11826.0,13244.0,1.0
11827.0,13644.0,1.0
11828.0,16494.0,1.0
11831.0,17632.0,1.0
11832.0,12315.0,1.0
11832.0,15533.0,1.0
11834.0,11915.0,1.0
11835.0,15720.0,1.0
11835.0,13377.0,1.0
11836.0,13115.0,1.0
11840.0,14723.0,1.0
11845.0,12871.0,1.0
11845.0,13846.0,1.0
11857.0,11882.0,1.0
11857.0,19188.0,1.0
11858.0,12121.0,1.0
11862.0,12561.0,1.0
11863.0,15440.0,1.0
11881.0,11882.0,1.0
11882.0,19188.0,1.0
11882.0,12786.0,1.0
11885.0,16309.0,1.0
11885.0,15991.0,1.0
11890.0,15623.0,1.0
11890.0,12338.0,1.0
11890.0,12574.0,1.0
11895.0,15459.0,1.0
11895.0,15643.0,1.0
11897.0,13487.0,1.0
11912.0,20192.0,1.0
11919.0,16473.0,1.0
11924.0,11925.0,1.0
11924.0,16331.0,1.0
11925.0,18136.0,1.0
11926.0,16504.0,1.0
11927.0,11928.0,1.0
11927.0,17700.0,1.0
11935.0,20436.0,1.0
11941.0,11942.0,1.0
11942.0,12935.0,1.0
11942.0,19181.0,1.0
11953.0,11954.0,1.0
11956.0,14646.0,1.0
11965.0,13434.0,1.0
11970.0,12414.0,1.0
11970.0,21130.0,1.0
11970.0,20367.0,1.0
11974.0,11975.0,1.0
11975.0,18240.0,1.0
11979.0,13701.0,1.0
11981.0,16980.0,1.0
11987.0,11988.0,1.0
11987.0,15048.0,1.0
11995.0,11996.0,1.0
11996.0,12338.0,1.0
12003.0,12004.0,1.0
12007.0,12860.0,1.0
12029.0,14801.0,1.0
12030.0,16783.0,1.0
12049.0,12050.0,1.0
12049.0,12706.0,1.0
12050.0,12707.0,1.0
12051.0,14068.0,1.0
12052.0,16473.0,1.0
12055.0,12209.0,1.0
12058.0,12293.0,1.0
12059.0,12354.0,1.0
12059.0,17685.0,1.0
12061.0,15547.0,1.0
12064.0,12065.0,1.0
12065.0,16578.0,1.0
12065.0,17562.0,1.0
12066.0,16795.0,1.0
12067.0,14037.0,1.0
12071.0,16488.0,1.0
12072.0,20337.0,1.0
12073.0,16976.0,1.0
12081.0,12292.0,1.0
12081.0,12164.0,1.0
12083.0,14092.0,1.0
12083.0,13763.0,1.0
12089.0,16623.0,1.0
12090.0,12091.0,1.0
12090.0,14264.0,1.0
12090.0,16457.0,1.0
12090.0,17170.0,1.0
12091.0,15944.0,1.0
12093.0,12094.0,1.0
12096.0,15171.0,1.0
12096.0,17552.0,1.0
12099.0,14530.0,1.0
12100.0,12101.0,1.0
12100.0,14811.0,1.0
12101.0,12988.0,1.0
12104.0,16396.0,1.0
12114.0,12115.0,1.0
12116.0,13881.0,1.0
12118.0,12784.0,1.0
12128.0,12129.0,1.0
12135.0,14214.0,1.0
12138.0,12139.0,1.0
12144.0,14025.0,1.0
12150.0,12197.0,1.0
12151.0,20443.0,1.0
12164.0,12490.0,1.0
12167.0,12168.0,1.0
12167.0,13503.0,1.0
12168.0,13975.0,1.0
12169.0,14134.0,1.0
12186.0,12187.0,1.0
12206.0,12207.0,1.0
12206.0,14530.0,1.0
12211.0,12907.0,1.0
12235.0,16701.0,1.0
12237.0,12316.0,1.0
12240.0,12241.0,1.0
12241.0,12710.0,1.0
12247.0,14515.0,1.0
12273.0,13851.0,1.0
12286.0,16893.0,1.0
12287.0,20392.0,1.0
12287.0,17778.0,1.0
12287.0,14550.0,1.0
12288.0,12289.0,1.0
12292.0,20289.0,1.0
12292.0,20985.0,1.0
12303.0,12304.0,1.0
12303.0,17231.0,1.0
12304.0,16888.0,1.0
12314.0,14427.0,1.0
12314.0,16768.0,1.0
12316.0,18509.0,1.0
12333.0,16972.0,1.0
12334.0,13780.0,1.0
12338.0,16835.0,1.0
12339.0,16330.0,1.0
12340.0,12341.0,1.0
12343.0,12868.0,1.0
12357.0,13278.0,1.0
12360.0,12713.0,1.0
12360.0,21187.0,1.0
12362.0,12561.0,1.0
12362.0,18166.0,1.0
12367.0,15897.0,1.0
12367.0,16723.0,1.0
12368.0,16503.0,1.0
12375.0,20435.0,1.0
12379.0,18515.0,1.0
12384.0,18153.0,1.0
12385.0,17770.0,1.0
12399.0,12400.0,1.0
12404.0,13901.0,1.0
12415.0,14010.0,1.0
12415.0,17706.0,1.0
12422.0,12423.0,1.0
12423.0,17273.0,1.0
12426.0,13531.0,1.0
12426.0,16529.0,1.0
12428.0,12705.0,1.0
12432.0,12433.0,1.0
12432.0,12579.0,1.0
12433.0,13912.0,1.0
12434.0,16356.0,1.0
12447.0,17664.0,1.0
12450.0,13015.0,1.0
12450.0,16897.0,1.0
12450.0,20391.0,1.0
12459.0,12460.0,1.0
12460.0,13314.0,1.0
12461.0,13564.0,1.0
12461.0,17766.0,1.0
12463.0,14232.0,1.0
12463.0,14644.0,1.0
12470.0,12471.0,1.0
12471.0,16651.0,1.0
12472.0,16473.0,1.0
12474.0,12475.0,1.0
12474.0,16547.0,1.0
12474.0,12679.0,1.0
12478.0,12479.0,1.0
12479.0,17378.0,1.0
12480.0,13099.0,1.0
12481.0,17010.0,1.0
12481.0,20658.0,1.0
12484.0,15734.0,1.0
12484.0,15759.0,1.0
12486.0,13734.0,1.0
12486.0,15717.0,1.0
12488.0,17735.0,1.0
12493.0,12494.0,1.0
12493.0,14771.0,1.0
12494.0,13292.0,1.0
12494.0,16678.0,1.0
12507.0,16653.0,1.0
12509.0,20802.0,1.0
12511.0,16500.0,1.0
12522.0,12523.0,1.0
12522.0,20591.0,1.0
12522.0,15008.0,1.0
12523.0,17754.0,1.0
12527.0,12528.0,1.0
12527.0,20333.0,1.0
12527.0,16902.0,1.0
12528.0,13467.0,1.0
12529.0,17674.0,1.0
12536.0,17276.0,1.0
12546.0,12743.0,1.0
12546.0,20686.0,1.0
12550.0,12912.0,1.0
12552.0,12553.0,1.0
12553.0,16989.0,1.0
12553.0,16056.0,1.0
12571.0,13999.0,1.0
12574.0,12575.0,1.0
12579.0,14179.0,1.0
12580.0,13012.0,1.0
12580.0,16670.0,1.0
12589.0,17439.0,1.0
12591.0,17062.0,1.0
12599.0,15885.0,1.0
12613.0,13523.0,1.0
12613.0,12615.0,1.0
12615.0,12616.0,1.0
12615.0,13536.0,1.0
12616.0,13537.0,1.0
12617.0,16939.0,1.0
12617.0,16519.0,1.0
12618.0,20303.0,1.0
12624.0,12625.0,1.0
12624.0,14628.0,1.0
12625.0,15581.0,1.0
12641.0,12642.0,1.0
12642.0,15556.0,1.0
12650.0,14093.0,1.0
12650.0,13778.0,1.0
12651.0,14718.0,1.0
12652.0,16660.0,1.0
12652.0,18307.0,1.0
12659.0,13409.0,1.0
12670.0,12671.0,1.0
12670.0,16011.0,1.0
12671.0,13249.0,1.0
12672.0,12934.0,1.0
12679.0,17206.0,1.0
12688.0,12689.0,1.0
12699.0,13413.0,1.0
12705.0,14901.0,1.0
12706.0,12707.0,1.0
12706.0,17485.0,1.0
12707.0,15125.0,1.0
12709.0,17214.0,1.0
12710.0,15127.0,1.0
12711.0,13042.0,1.0
12712.0,12713.0,1.0
12714.0,13105.0,1.0
12718.0,14030.0,1.0
12719.0,12720.0,1.0
12719.0,16686.0,1.0
12725.0,14329.0,1.0
12725.0,18202.0,1.0
12725.0,19161.0,1.0
12728.0,12868.0,1.0
12728.0,13882.0,1.0
12731.0,17513.0,1.0
12732.0,16751.0,1.0
12738.0,14603.0,1.0
12741.0,12941.0,1.0
12743.0,16795.0,1.0
12743.0,13633.0,1.0
12748.0,13478.0,1.0
12749.0,13107.0,1.0
12749.0,14273.0,1.0
12771.0,13842.0,1.0
12773.0,15535.0,1.0
12782.0,15302.0,1.0
12782.0,15293.0,1.0
12799.0,13887.0,1.0
12805.0,12806.0,1.0
12806.0,14890.0,1.0
12808.0,15494.0,1.0
12809.0,13085.0,1.0
12812.0,13916.0,1.0
12812.0,14213.0,1.0
12825.0,17034.0,1.0
12839.0,12840.0,1.0
12839.0,17017.0,1.0
12840.0,16370.0,1.0
12840.0,16351.0,1.0
12852.0,17278.0,1.0
12853.0,12854.0,1.0
12853.0,16940.0,1.0
12854.0,14539.0,1.0
12854.0,16940.0,1.0
12855.0,15976.0,1.0
12855.0,17969.0,1.0
12856.0,15339.0,1.0
12856.0,14485.0,1.0
12860.0,13146.0,1.0
12864.0,16560.0,1.0
12868.0,13882.0,1.0
12871.0,12872.0,1.0
12872.0,13846.0,1.0
12874.0,14428.0,1.0
12878.0,20858.0,1.0
12878.0,20859.0,1.0
12879.0,15454.0,1.0
12883.0,16509.0,1.0
12883.0,16965.0,1.0
12884.0,13015.0,1.0
12884.0,19830.0,1.0
12886.0,15944.0,1.0
12886.0,16703.0,1.0
12891.0,14815.0,1.0
12895.0,15614.0,1.0
12898.0,15420.0,1.0
12908.0,12909.0,1.0
12909.0,16443.0,1.0
12912.0,14615.0,1.0
12913.0,13434.0,1.0
12914.0,12915.0,1.0
12915.0,18143.0,1.0
12917.0,13799.0,1.0
12918.0,18256.0,1.0
12924.0,21052.0,1.0
12926.0,12927.0,1.0
12927.0,16886.0,1.0
12928.0,14723.0,1.0
12930.0,17027.0,1.0
12937.0,13215.0,1.0
12939.0,15130.0,1.0
12953.0,12954.0,1.0
12953.0,16517.0,1.0
12963.0,16705.0,1.0
12969.0,12980.0,1.0
12977.0,16417.0,1.0
12977.0,14845.0,1.0
12980.0,17109.0,1.0
12986.0,14699.0,1.0
12996.0,14231.0,1.0
12997.0,13021.0,1.0
13015.0,13016.0,1.0
13018.0,14208.0,1.0
13019.0,16635.0,1.0
13021.0,15087.0,1.0
13034.0,13937.0,1.0
13037.0,14011.0,1.0
13040.0,20759.0,1.0
13042.0,17855.0,1.0
13042.0,18970.0,1.0
13046.0,13482.0,1.0
13047.0,13652.0,1.0
13047.0,17051.0,1.0
13047.0,17119.0,1.0
13051.0,14593.0,1.0
13058.0,17123.0,1.0
13072.0,13073.0,1.0
13072.0,16288.0,1.0
13072.0,16075.0,1.0
13075.0,13076.0,1.0
13075.0,17777.0,1.0
13076.0,15643.0,1.0
13084.0,13607.0,1.0
13084.0,17675.0,1.0
13086.0,14240.0,1.0
13088.0,13089.0,1.0
13088.0,16854.0,1.0
13089.0,14199.0,1.0
13093.0,17475.0,1.0
13096.0,16119.0,1.0
13097.0,20776.0,1.0
13097.0,20773.0,1.0
13099.0,13405.0,1.0
13100.0,14710.0,1.0
13128.0,13592.0,1.0
13129.0,16443.0,1.0
13130.0,16783.0,1.0
13132.0,19621.0,1.0
13132.0,14875.0,1.0
13146.0,13619.0,1.0
13150.0,13165.0,1.0
13159.0,13459.0,1.0
13159.0,16578.0,1.0
13164.0,14710.0,1.0
13164.0,17767.0,1.0
13165.0,16495.0,1.0
13166.0,13167.0,1.0
13166.0,13606.0,1.0
13166.0,16400.0,1.0
13167.0,16400.0,1.0
13168.0,17489.0,1.0
13168.0,20928.0,1.0
13169.0,17003.0,1.0
13173.0,13174.0,1.0
13173.0,15444.0,1.0
13173.0,15440.0,1.0
13174.0,18414.0,1.0
13191.0,21177.0,1.0
13193.0,14832.0,1.0
13195.0,14009.0,1.0
13204.0,15954.0,1.0
13204.0,16470.0,1.0
13211.0,13212.0,1.0
13213.0,13903.0,1.0
13213.0,18989.0,1.0
13216.0,18509.0,1.0
13221.0,14179.0,1.0
13230.0,13885.0,1.0
13236.0,15461.0,1.0
13236.0,15460.0,1.0
13243.0,14810.0,1.0
13244.0,14613.0,1.0
13248.0,16748.0,1.0
13261.0,20199.0,1.0
13266.0,16916.0,1.0
13270.0,17975.0,1.0
13270.0,16612.0,1.0
13272.0,16906.0,1.0
13277.0,13687.0,1.0
13278.0,13279.0,1.0
13285.0,20895.0,1.0
13285.0,17552.0,1.0
13292.0,14771.0,1.0
13295.0,13428.0,1.0
13304.0,14806.0,1.0
13305.0,16674.0,1.0
13311.0,13312.0,1.0
13311.0,16384.0,1.0
13312.0,16338.0,1.0
13312.0,16384.0,1.0
13314.0,13315.0,1.0
13314.0,18113.0,1.0
13335.0,13336.0,1.0
13335.0,14273.0,1.0
13336.0,14165.0,1.0
13336.0,13368.0,1.0
13344.0,19402.0,1.0
13348.0,14246.0,1.0
13352.0,13353.0,1.0
13352.0,14005.0,1.0
13359.0,13851.0,1.0
13362.0,16561.0,1.0
13367.0,16810.0,1.0
13373.0,13374.0,1.0
13374.0,16831.0,1.0
13374.0,17217.0,1.0
13374.0,18512.0,1.0
13377.0,15720.0,1.0
13380.0,13381.0,1.0
13380.0,14573.0,1.0
13380.0,15552.0,1.0
13382.0,17940.0,1.0
13387.0,16487.0,1.0
13387.0,15907.0,1.0
13390.0,13391.0,1.0
13391.0,16576.0,1.0
13392.0,16370.0,1.0
13393.0,15668.0,1.0
13394.0,20721.0,1.0
13404.0,17060.0,1.0
13416.0,13923.0,1.0
13416.0,14232.0,1.0
13435.0,14160.0,1.0
13437.0,13502.0,1.0
13438.0,20315.0,1.0
13439.0,14231.0,1.0
13455.0,13456.0,1.0
13455.0,14934.0,1.0
13456.0,14677.0,1.0
13456.0,17226.0,1.0
13456.0,19522.0,1.0
13458.0,14751.0,1.0
13459.0,13460.0,1.0
13459.0,14775.0,1.0
13460.0,17561.0,1.0
13487.0,13903.0,1.0
13489.0,16391.0,1.0
13496.0,13497.0,1.0
13497.0,17145.0,1.0
13497.0,15718.0,1.0
13503.0,20577.0,1.0
13506.0,13509.0,1.0
13506.0,15716.0,1.0
13506.0,20084.0,1.0
13509.0,16351.0,1.0
13536.0,13537.0,1.0
13551.0,13552.0,1.0
13551.0,14828.0,1.0
13552.0,15557.0,1.0
13552.0,14337.0,1.0
13553.0,13574.0,1.0
13564.0,14735.0,1.0
13615.0,13677.0,1.0
13619.0,16526.0,1.0
13629.0,16809.0,1.0
13633.0,20686.0,1.0
13652.0,16849.0,1.0
13656.0,16473.0,1.0
13659.0,13825.0,1.0
13664.0,17075.0,1.0
13670.0,20837.0,1.0
13676.0,16421.0,1.0
13677.0,14092.0,1.0
13686.0,13946.0,1.0
13712.0,17068.0,1.0
13715.0,13716.0,1.0
13725.0,19181.0,1.0
13725.0,19272.0,1.0
13727.0,20760.0,1.0
13727.0,18525.0,1.0
13731.0,18578.0,1.0
13735.0,17588.0,1.0
13747.0,14029.0,1.0
13757.0,16382.0,1.0
13764.0,16551.0,1.0
13765.0,15410.0,1.0
13765.0,17200.0,1.0
13775.0,14404.0,1.0
13775.0,16748.0,1.0
13778.0,14873.0,1.0
13779.0,18576.0,1.0
13781.0,16008.0,1.0
13787.0,14355.0,1.0
13794.0,13898.0,1.0
13798.0,15720.0,1.0
13809.0,13810.0,1.0
13809.0,15010.0,1.0
13810.0,16944.0,1.0
13824.0,16859.0,1.0
13825.0,13826.0,1.0
13829.0,13830.0,1.0
13829.0,17168.0,1.0
13829.0,20438.0,1.0
13830.0,15920.0,1.0
13842.0,17705.0,1.0
13856.0,14589.0,1.0
13860.0,14552.0,1.0
13865.0,16460.0,1.0
13872.0,13911.0,1.0
13873.0,16697.0,1.0
13881.0,20819.0,1.0
13883.0,17123.0,1.0
13885.0,16467.0,1.0
13903.0,18990.0,1.0
13916.0,14084.0,1.0
13923.0,14232.0,1.0
13929.0,14933.0,1.0
13931.0,18011.0,1.0
13932.0,16785.0,1.0
13932.0,16841.0,1.0
13937.0,15541.0,1.0
13962.0,16708.0,1.0
13962.0,17050.0,1.0
13965.0,15217.0,1.0
13965.0,15354.0,1.0
13970.0,13971.0,1.0
13970.0,17518.0,1.0
13982.0,16365.0,1.0
13984.0,16353.0,1.0
13984.0,16715.0,1.0
13993.0,16813.0,1.0
14007.0,17075.0,1.0
14009.0,14811.0,1.0
14017.0,16886.0,1.0
14025.0,16119.0,1.0
14036.0,14037.0,1.0
14036.0,16324.0,1.0
14037.0,14406.0,1.0
14056.0,16801.0,1.0
14060.0,14927.0,1.0
14060.0,17017.0,1.0
14061.0,16450.0,1.0
14067.0,16671.0,1.0
14067.0,16913.0,1.0
14077.0,16641.0,1.0
14083.0,17426.0,1.0
14100.0,17027.0,1.0
14110.0,14210.0,1.0
14117.0,17560.0,1.0
14117.0,18012.0,1.0
14118.0,17060.0,1.0
14120.0,14369.0,1.0
14120.0,15762.0,1.0
14125.0,14832.0,1.0
14152.0,16886.0,1.0
14160.0,16340.0,1.0
14164.0,19693.0,1.0
14164.0,19694.0,1.0
14167.0,20807.0,1.0
14183.0,15493.0,1.0
14183.0,16262.0,1.0
14183.0,15460.0,1.0
14188.0,15721.0,1.0
14199.0,14890.0,1.0
14199.0,16854.0,1.0
14206.0,14842.0,1.0
14206.0,17940.0,1.0
14208.0,14209.0,1.0
14210.0,16601.0,1.0
14233.0,16414.0,1.0
14240.0,19452.0,1.0
14245.0,16789.0,1.0
14258.0,16445.0,1.0
14258.0,16787.0,1.0
14259.0,16315.0,1.0
14261.0,14262.0,1.0
14264.0,17026.0,1.0
14289.0,14373.0,1.0
14329.0,14330.0,1.0
14335.0,14336.0,1.0
14335.0,19630.0,1.0
14336.0,16943.0,1.0
14336.0,19650.0,1.0
14343.0,16119.0,1.0
14347.0,14348.0,1.0
14347.0,15981.0,1.0
14348.0,14796.0,1.0
14348.0,19234.0,1.0
14363.0,14818.0,1.0
14369.0,15761.0,1.0
14369.0,16853.0,1.0
14404.0,16248.0,1.0
14409.0,16161.0,1.0
14410.0,20996.0,1.0
14439.0,14440.0,1.0
14440.0,14586.0,1.0
14440.0,20923.0,1.0
14449.0,15477.0,1.0
14449.0,16681.0,1.0
14450.0,16379.0,1.0
14463.0,15919.0,1.0
14463.0,16420.0,1.0
14463.0,16470.0,1.0
14484.0,16772.0,1.0
14485.0,14486.0,1.0
14486.0,20738.0,1.0
14510.0,14511.0,1.0
14510.0,15047.0,1.0
14535.0,20408.0,1.0
14536.0,16096.0,1.0
14539.0,17835.0,1.0
14550.0,14551.0,1.0
14551.0,14853.0,1.0
14551.0,18154.0,1.0
14552.0,16757.0,1.0
14573.0,14898.0,1.0
14586.0,15410.0,1.0
14587.0,14588.0,1.0
14587.0,17152.0,1.0
14589.0,17763.0,1.0
14593.0,14594.0,1.0
14593.0,16967.0,1.0
14595.0,15493.0,1.0
14595.0,15461.0,1.0
14597.0,16340.0,1.0
14603.0,16551.0,1.0
14610.0,14611.0,1.0
14611.0,21006.0,1.0
14611.0,17284.0,1.0
14645.0,14646.0,1.0
14648.0,20267.0,1.0
14672.0,16837.0,1.0
14672.0,17006.0,1.0
14677.0,18188.0,1.0
14677.0,20104.0,1.0
14700.0,14761.0,1.0
14701.0,18521.0,1.0
14701.0,21053.0,1.0
14730.0,16702.0,1.0
14748.0,17512.0,1.0
14748.0,17535.0,1.0
14750.0,16954.0,1.0
14751.0,16940.0,1.0
14753.0,14754.0,1.0
14753.0,20351.0,1.0
14761.0,16664.0,1.0
14761.0,18520.0,1.0
14761.0,19566.0,1.0
14772.0,16933.0,1.0
14782.0,14783.0,1.0
14790.0,15600.0,1.0
14796.0,14801.0,1.0
14796.0,15981.0,1.0
14797.0,15065.0,1.0
14806.0,16540.0,1.0
14810.0,18305.0,1.0
14841.0,15503.0,1.0
14842.0,20837.0,1.0
14845.0,16640.0,1.0
14853.0,16287.0,1.0
14878.0,16521.0,1.0
14878.0,15759.0,1.0
14890.0,16633.0,1.0
14899.0,16336.0,1.0
14899.0,19224.0,1.0
14901.0,16894.0,1.0
14911.0,20380.0,1.0
14913.0,14936.0,1.0
14921.0,14922.0,1.0
14921.0,17808.0,1.0
14923.0,20329.0,1.0
14930.0,15420.0,1.0
14930.0,16989.0,1.0
14930.0,19548.0,1.0
14931.0,14932.0,1.0
14931.0,15154.0,1.0
14931.0,15157.0,1.0
14932.0,14938.0,1.0
14933.0,16999.0,1.0
14934.0,14935.0,1.0
14934.0,20918.0,1.0
14935.0,18188.0,1.0
14935.0,20918.0,1.0
14936.0,16781.0,1.0
14938.0,14939.0,1.0
14938.0,15150.0,1.0
14938.0,15157.0,1.0
14939.0,19080.0,1.0
14939.0,17122.0,1.0
14940.0,14953.0,1.0
14940.0,16549.0,1.0
14942.0,14943.0,1.0
14942.0,14950.0,1.0
14947.0,16761.0,1.0
14947.0,16959.0,1.0
14951.0,14952.0,1.0
14952.0,14987.0,1.0
14952.0,15815.0,1.0
14953.0,17949.0,1.0
14953.0,14955.0,1.0
14955.0,17216.0,1.0
14968.0,14969.0,1.0
14972.0,16364.0,1.0
14972.0,16808.0,1.0
14973.0,14974.0,1.0
14973.0,14978.0,1.0
14974.0,14982.0,1.0
14974.0,14976.0,1.0
14976.0,14977.0,1.0
14976.0,14981.0,1.0
14977.0,16683.0,1.0
14977.0,14978.0,1.0
14981.0,14983.0,1.0
14981.0,16682.0,1.0
14982.0,14983.0,1.0
14983.0,15289.0,1.0
14987.0,20668.0,1.0
14987.0,17113.0,1.0
15008.0,19232.0,1.0
15008.0,16180.0,1.0
15009.0,15010.0,1.0
15009.0,16386.0,1.0
15009.0,16235.0,1.0
15010.0,15011.0,1.0
15010.0,16236.0,1.0
15017.0,15130.0,1.0
15044.0,16189.0,1.0
15047.0,16620.0,1.0
15100.0,15101.0,1.0
15100.0,19014.0,1.0
15101.0,19014.0,1.0
15106.0,16559.0,1.0
15124.0,15194.0,1.0
15128.0,15129.0,1.0
15130.0,21118.0,1.0
15130.0,20542.0,1.0
15132.0,15561.0,1.0
15141.0,15142.0,1.0
15141.0,15207.0,1.0
15141.0,15465.0,1.0
15141.0,20288.0,1.0
15142.0,17428.0,1.0
15150.0,17121.0,1.0
15150.0,17126.0,1.0
15153.0,16326.0,1.0
15153.0,15171.0,1.0
15153.0,17100.0,1.0
15154.0,19229.0,1.0
15171.0,16182.0,1.0
15171.0,17829.0,1.0
15181.0,15229.0,1.0
15181.0,15227.0,1.0
15188.0,20118.0,1.0
15188.0,16843.0,1.0
15188.0,17550.0,1.0
15204.0,15651.0,1.0
15204.0,15467.0,1.0
15204.0,20197.0,1.0
15207.0,17426.0,1.0
15207.0,17428.0,1.0
15229.0,18075.0,1.0
15229.0,20118.0,1.0
15235.0,17427.0,1.0
15235.0,16405.0,1.0
15235.0,16252.0,1.0
15243.0,15244.0,1.0
15243.0,15326.0,1.0
15243.0,15298.0,1.0
15243.0,15302.0,1.0
15246.0,15247.0,1.0
15246.0,17426.0,1.0
15248.0,15292.0,1.0
15250.0,15269.0,1.0
15250.0,15267.0,1.0
15252.0,15271.0,1.0
15255.0,16724.0,1.0
15255.0,15504.0,1.0
15255.0,16476.0,1.0
15256.0,15257.0,1.0
15256.0,15599.0,1.0
15256.0,16950.0,1.0
15256.0,15268.0,1.0
15257.0,16062.0,1.0
15258.0,17057.0,1.0
15266.0,15270.0,1.0
15266.0,16620.0,1.0
15267.0,16195.0,1.0
15268.0,15279.0,1.0
15269.0,15276.0,1.0
15270.0,15290.0,1.0
15271.0,15310.0,1.0
15272.0,15280.0,1.0
15272.0,15275.0,1.0
15276.0,19214.0,1.0
15280.0,15359.0,1.0
15286.0,16616.0,1.0
15289.0,16682.0,1.0
15290.0,15366.0,1.0
15290.0,16161.0,1.0
15292.0,15293.0,1.0
15292.0,15302.0,1.0
15298.0,15323.0,1.0
15300.0,15305.0,1.0
15301.0,15537.0,1.0
15301.0,15359.0,1.0
15302.0,15527.0,1.0
15305.0,15729.0,1.0
15307.0,15897.0,1.0
15307.0,19261.0,1.0
15310.0,15366.0,1.0
15313.0,15314.0,1.0
15314.0,15329.0,1.0
15314.0,19200.0,1.0
15319.0,15320.0,1.0
15320.0,15326.0,1.0
15320.0,15526.0,1.0
15320.0,19202.0,1.0
15322.0,16839.0,1.0
15322.0,19509.0,1.0
15323.0,15329.0,1.0
15323.0,17052.0,1.0
15326.0,15527.0,1.0
15326.0,15329.0,1.0
15329.0,17517.0,1.0
15331.0,17052.0,1.0
15331.0,16405.0,1.0
15331.0,19509.0,1.0
15339.0,15340.0,1.0
15339.0,16616.0,1.0
15340.0,16616.0,1.0
15340.0,15729.0,1.0
15344.0,15345.0,1.0
15344.0,17663.0,1.0
15344.0,19547.0,1.0
15345.0,19547.0,1.0
15354.0,15355.0,1.0
15354.0,15536.0,1.0
15355.0,15359.0,1.0
15355.0,15712.0,1.0
15355.0,15537.0,1.0
15366.0,16621.0,1.0
15376.0,17079.0,1.0
15391.0,18254.0,1.0
15391.0,19589.0,1.0
15393.0,15394.0,1.0
15394.0,15398.0,1.0
15394.0,17037.0,1.0
15395.0,15396.0,1.0
15395.0,16955.0,1.0
15395.0,18255.0,1.0
15395.0,19576.0,1.0
15396.0,19576.0,1.0
15397.0,15398.0,1.0
15410.0,15411.0,1.0
15411.0,17270.0,1.0
15424.0,15467.0,1.0
15424.0,20197.0,1.0
15424.0,17809.0,1.0
15435.0,17934.0,1.0
15440.0,15449.0,1.0
15441.0,15606.0,1.0
15444.0,15449.0,1.0
15451.0,15452.0,1.0
15452.0,16529.0,1.0
15453.0,15454.0,1.0
15453.0,15735.0,1.0
15453.0,16931.0,1.0
15455.0,16289.0,1.0
15455.0,17115.0,1.0
15458.0,15459.0,1.0
15458.0,15643.0,1.0
15458.0,19161.0,1.0
15459.0,15533.0,1.0
15460.0,15461.0,1.0
15465.0,20288.0,1.0
15466.0,15467.0,1.0
15466.0,18417.0,1.0
15469.0,15470.0,1.0
15469.0,16597.0,1.0
15493.0,21118.0,1.0
15494.0,16954.0,1.0
15495.0,20505.0,1.0
15503.0,15536.0,1.0
15503.0,16790.0,1.0
15504.0,17526.0,1.0
15504.0,15705.0,1.0
15515.0,17928.0,1.0
15515.0,16423.0,1.0
15520.0,15521.0,1.0
15520.0,19021.0,1.0
15520.0,17527.0,1.0
15521.0,17427.0,1.0
15521.0,19022.0,1.0
15526.0,15527.0,1.0
15527.0,15705.0,1.0
15532.0,16336.0,1.0
15533.0,17808.0,1.0
15536.0,15537.0,1.0
15552.0,15553.0,1.0
15558.0,15560.0,1.0
15560.0,16354.0,1.0
15569.0,15697.0,1.0
15569.0,16536.0,1.0
15569.0,18078.0,1.0
15571.0,15580.0,1.0
15571.0,19079.0,1.0
15571.0,19619.0,1.0
15571.0,17696.0,1.0
15571.0,17928.0,1.0
15575.0,17809.0,1.0
15575.0,20196.0,1.0
15575.0,15576.0,1.0
15576.0,15577.0,1.0
15576.0,17509.0,1.0
15577.0,17509.0,1.0
15577.0,16606.0,1.0
15580.0,19583.0,1.0
15580.0,19619.0,1.0
15605.0,15606.0,1.0
15606.0,19649.0,1.0
15614.0,17067.0,1.0
15616.0,19558.0,1.0
15616.0,17297.0,1.0
15617.0,15618.0,1.0
15617.0,15671.0,1.0
15618.0,17297.0,1.0
15618.0,19574.0,1.0
15619.0,17297.0,1.0
15619.0,15886.0,1.0
15620.0,15885.0,1.0
15623.0,15668.0,1.0
15623.0,18322.0,1.0
15624.0,15846.0,1.0
15624.0,19631.0,1.0
15624.0,19625.0,1.0
15625.0,15863.0,1.0
15628.0,19319.0,1.0
15634.0,15886.0,1.0
15634.0,15673.0,1.0
15635.0,17934.0,1.0
15641.0,17546.0,1.0
15651.0,16290.0,1.0
15655.0,15656.0,1.0
15655.0,19564.0,1.0
15656.0,16867.0,1.0
15656.0,20730.0,1.0
15664.0,15843.0,1.0
15664.0,15859.0,1.0
15669.0,15670.0,1.0
15670.0,17296.0,1.0
15671.0,17557.0,1.0
15672.0,15673.0,1.0
15672.0,15861.0,1.0
15672.0,19592.0,1.0
15673.0,19547.0,1.0
15677.0,15678.0,1.0
15677.0,18323.0,1.0
15677.0,18322.0,1.0
15677.0,16835.0,1.0
15678.0,15849.0,1.0
15678.0,19513.0,1.0
15697.0,20106.0,1.0
15702.0,15746.0,1.0
15702.0,17834.0,1.0
15704.0,15745.0,1.0
15710.0,16187.0,1.0
15712.0,16482.0,1.0
15712.0,16621.0,1.0
15719.0,15722.0,1.0
15719.0,17285.0,1.0
15729.0,17758.0,1.0
15731.0,15732.0,1.0
15731.0,20499.0,1.0
15731.0,18545.0,1.0
15731.0,19215.0,1.0
15732.0,15776.0,1.0
15732.0,15737.0,1.0
15734.0,15759.0,1.0
15737.0,15738.0,1.0
15737.0,17291.0,1.0
15746.0,16176.0,1.0
15746.0,18077.0,1.0
15752.0,15753.0,1.0
15752.0,16187.0,1.0
15752.0,15818.0,1.0
15753.0,17838.0,1.0
15759.0,15772.0,1.0
15761.0,15762.0,1.0
15761.0,16913.0,1.0
15761.0,19414.0,1.0
15762.0,16671.0,1.0
15810.0,16862.0,1.0
15813.0,15814.0,1.0
15818.0,20197.0,1.0
15832.0,20806.0,1.0
15834.0,15835.0,1.0
15834.0,15883.0,1.0
15834.0,19545.0,1.0
15835.0,17801.0,1.0
15842.0,19589.0,1.0
15843.0,19217.0,1.0
15843.0,19447.0,1.0
15846.0,16508.0,1.0
15848.0,15858.0,1.0
15848.0,21162.0,1.0
15849.0,15850.0,1.0
15857.0,15858.0,1.0
15857.0,19595.0,1.0
15858.0,19080.0,1.0
15859.0,19559.0,1.0
15859.0,19595.0,1.0
15861.0,17296.0,1.0
15862.0,15863.0,1.0
15862.0,19080.0,1.0
15862.0,21163.0,1.0
15863.0,19563.0,1.0
15882.0,15883.0,1.0
15882.0,17484.0,1.0
15882.0,19516.0,1.0
15885.0,19513.0,1.0
15886.0,19559.0,1.0
15886.0,21162.0,1.0
15887.0,15888.0,1.0
15892.0,15893.0,1.0
15892.0,19558.0,1.0
15893.0,17557.0,1.0
15894.0,18190.0,1.0
15897.0,16753.0,1.0
15897.0,15910.0,1.0
15899.0,15978.0,1.0
15899.0,16662.0,1.0
15919.0,17074.0,1.0
15937.0,15938.0,1.0
15938.0,16651.0,1.0
15938.0,15971.0,1.0
15944.0,17170.0,1.0
15949.0,17168.0,1.0
15949.0,15976.0,1.0
15950.0,19498.0,1.0
15954.0,16705.0,1.0
15954.0,17074.0,1.0
15963.0,15964.0,1.0
15963.0,16804.0,1.0
15964.0,16420.0,1.0
15965.0,16622.0,1.0
15965.0,16986.0,1.0
15968.0,16753.0,1.0
15968.0,19272.0,1.0
15969.0,15970.0,1.0
15970.0,16255.0,1.0
15971.0,17611.0,1.0
15974.0,16329.0,1.0
15974.0,17425.0,1.0
15977.0,15978.0,1.0
15978.0,16455.0,1.0
15980.0,16021.0,1.0
15981.0,18285.0,1.0
15981.0,16064.0,1.0
15983.0,15984.0,1.0
15984.0,16801.0,1.0
15984.0,17025.0,1.0
16038.0,16039.0,1.0
16044.0,20263.0,1.0
16056.0,16834.0,1.0
16060.0,16065.0,1.0
16060.0,16063.0,1.0
16062.0,16063.0,1.0
16062.0,16950.0,1.0
16064.0,17077.0,1.0
16065.0,16950.0,1.0
16065.0,17096.0,1.0
16163.0,16195.0,1.0
16173.0,16174.0,1.0
16173.0,17842.0,1.0
16174.0,18077.0,1.0
16174.0,17528.0,1.0
16176.0,18077.0,1.0
16180.0,16781.0,1.0
16182.0,16326.0,1.0
16183.0,16184.0,1.0
16183.0,16185.0,1.0
16183.0,17505.0,1.0
16183.0,16989.0,1.0
16185.0,16196.0,1.0
16185.0,16834.0,1.0
16185.0,17505.0,1.0
16186.0,16377.0,1.0
16186.0,19985.0,1.0
16192.0,16362.0,1.0
16196.0,19107.0,1.0
16235.0,16236.0,1.0
16252.0,16406.0,1.0
16252.0,16266.0,1.0
16253.0,16257.0,1.0
16253.0,17519.0,1.0
16277.0,18457.0,1.0
16277.0,16931.0,1.0
16287.0,17519.0,1.0
16288.0,17798.0,1.0
16288.0,20357.0,1.0
16305.0,16307.0,1.0
16314.0,16933.0,1.0
16315.0,16353.0,1.0
16319.0,16933.0,1.0
16322.0,17040.0,1.0
16322.0,18189.0,1.0
16322.0,20901.0,1.0
16329.0,16670.0,1.0
16330.0,16489.0,1.0
16330.0,18516.0,1.0
16336.0,16582.0,1.0
16344.0,16553.0,1.0
16346.0,16795.0,1.0
16351.0,16410.0,1.0
16357.0,17054.0,1.0
16357.0,18990.0,1.0
16358.0,16359.0,1.0
16359.0,17682.0,1.0
16361.0,16421.0,1.0
16361.0,16442.0,1.0
16362.0,16482.0,1.0
16362.0,17570.0,1.0
16363.0,20379.0,1.0
16366.0,16686.0,1.0
16369.0,16461.0,1.0
16369.0,20327.0,1.0
16374.0,16719.0,1.0
16376.0,16377.0,1.0
16376.0,17079.0,1.0
16379.0,16593.0,1.0
16379.0,16417.0,1.0
16380.0,16796.0,1.0
16381.0,16382.0,1.0
16388.0,17942.0,1.0
16388.0,17661.0,1.0
16393.0,16394.0,1.0
16393.0,16662.0,1.0
16394.0,20943.0,1.0
16400.0,16653.0,1.0
16405.0,16406.0,1.0
16405.0,17527.0,1.0
16414.0,16921.0,1.0
16420.0,16997.0,1.0
16444.0,16445.0,1.0
16449.0,17850.0,1.0
16457.0,17170.0,1.0
16457.0,20379.0,1.0
16458.0,16459.0,1.0
16461.0,17006.0,1.0
16461.0,20328.0,1.0
16465.0,19435.0,1.0
16467.0,16924.0,1.0
16470.0,17074.0,1.0
16475.0,20969.0,1.0
16480.0,21089.0,1.0
16482.0,16830.0,1.0
16488.0,16489.0,1.0
16490.0,19557.0,1.0
16491.0,16513.0,1.0
16491.0,20925.0,1.0
16492.0,16675.0,1.0
16499.0,16985.0,1.0
16508.0,17009.0,1.0
16519.0,20697.0,1.0
16520.0,16521.0,1.0
16520.0,17492.0,1.0
16531.0,16986.0,1.0
16536.0,20106.0,1.0
16537.0,17101.0,1.0
16538.0,16539.0,1.0
16539.0,16559.0,1.0
16539.0,20063.0,1.0
16543.0,19211.0,1.0
16544.0,17216.0,1.0
16545.0,16633.0,1.0
16545.0,17042.0,1.0
16557.0,16583.0,1.0
16557.0,20443.0,1.0
16559.0,20807.0,1.0
16567.0,16850.0,1.0
16568.0,16569.0,1.0
16576.0,16754.0,1.0
16578.0,17561.0,1.0
16583.0,17468.0,1.0
16583.0,20301.0,1.0
16589.0,17942.0,1.0
16598.0,16599.0,1.0
16601.0,17064.0,1.0
16601.0,19521.0,1.0
16605.0,16606.0,1.0
16605.0,17803.0,1.0
16605.0,20196.0,1.0
16605.0,17033.0,1.0
16606.0,17033.0,1.0
16606.0,17528.0,1.0
16606.0,20196.0,1.0
16606.0,21186.0,1.0
16609.0,16780.0,1.0
16620.0,16621.0,1.0
16620.0,16906.0,1.0
16622.0,16733.0,1.0
16624.0,16625.0,1.0
16625.0,16639.0,1.0
16627.0,16881.0,1.0
16627.0,16969.0,1.0
16630.0,16999.0,1.0
16633.0,20762.0,1.0
16638.0,20542.0,1.0
16641.0,16642.0,1.0
16642.0,19725.0,1.0
16654.0,17037.0,1.0
16657.0,16782.0,1.0
16660.0,16935.0,1.0
16667.0,18279.0,1.0
16668.0,18259.0,1.0
16668.0,16806.0,1.0
16671.0,19418.0,1.0
16674.0,16728.0,1.0
16674.0,18279.0,1.0
16678.0,19301.0,1.0
16680.0,17042.0,1.0
16682.0,16683.0,1.0
16690.0,16705.0,1.0
16694.0,18975.0,1.0
16703.0,16761.0,1.0
16703.0,20318.0,1.0
16705.0,16782.0,1.0
16708.0,16709.0,1.0
16708.0,20290.0,1.0
16709.0,16936.0,1.0
16709.0,18988.0,1.0
16709.0,20990.0,1.0
16712.0,16713.0,1.0
16720.0,20408.0,1.0
16723.0,17164.0,1.0
16723.0,16753.0,1.0
16724.0,16790.0,1.0
16728.0,18279.0,1.0
16731.0,17770.0,1.0
16731.0,19524.0,1.0
16731.0,20465.0,1.0
16732.0,17926.0,1.0
16751.0,16979.0,1.0
16756.0,17808.0,1.0
16756.0,18166.0,1.0
16756.0,18071.0,1.0
16757.0,17107.0,1.0
16757.0,16928.0,1.0
16758.0,16982.0,1.0
16768.0,19397.0,1.0
16785.0,19002.0,1.0
16785.0,16874.0,1.0
16787.0,16788.0,1.0
16788.0,16841.0,1.0
16790.0,17526.0,1.0
16799.0,16859.0,1.0
16799.0,17282.0,1.0
16804.0,17818.0,1.0
16806.0,16807.0,1.0
16806.0,18259.0,1.0
16809.0,20107.0,1.0
16830.0,20473.0,1.0
16834.0,17097.0,1.0
16839.0,17527.0,1.0
16840.0,17084.0,1.0
16840.0,19225.0,1.0
16849.0,17119.0,1.0
16850.0,16851.0,1.0
16851.0,17080.0,1.0
16853.0,16854.0,1.0
16854.0,16913.0,1.0
16862.0,17445.0,1.0
16862.0,18018.0,1.0
16867.0,16868.0,1.0
16867.0,17076.0,1.0
16867.0,19126.0,1.0
16867.0,19564.0,1.0
16874.0,19002.0,1.0
16876.0,17274.0,1.0
16876.0,17768.0,1.0
16879.0,16902.0,1.0
16881.0,17031.0,1.0
16887.0,17064.0,1.0
16887.0,19466.0,1.0
16888.0,16889.0,1.0
16888.0,18028.0,1.0
16889.0,18028.0,1.0
16898.0,17823.0,1.0
16901.0,20354.0,1.0
16902.0,20333.0,1.0
16906.0,17865.0,1.0
16907.0,16986.0,1.0
16908.0,17342.0,1.0
16916.0,16920.0,1.0
16916.0,17285.0,1.0
16920.0,17109.0,1.0
16927.0,19092.0,1.0
16927.0,19107.0,1.0
16928.0,17107.0,1.0
16931.0,20676.0,1.0
16933.0,16934.0,1.0
16936.0,20974.0,1.0
16937.0,20194.0,1.0
16943.0,19651.0,1.0
16944.0,18489.0,1.0
16946.0,18157.0,1.0
16946.0,18189.0,1.0
16948.0,16989.0,1.0
16951.0,18018.0,1.0
16952.0,19274.0,1.0
16954.0,17634.0,1.0
16955.0,17926.0,1.0
16955.0,19576.0,1.0
16959.0,18158.0,1.0
16969.0,16970.0,1.0
16970.0,17790.0,1.0
16970.0,17031.0,1.0
16976.0,18000.0,1.0
16984.0,20336.0,1.0
16990.0,17022.0,1.0
16993.0,17526.0,1.0
17008.0,17009.0,1.0
17010.0,17011.0,1.0
17011.0,18459.0,1.0
17014.0,17042.0,1.0
17014.0,20762.0,1.0
17018.0,19193.0,1.0
17018.0,17039.0,1.0
17026.0,20122.0,1.0
17037.0,19320.0,1.0
17040.0,17153.0,1.0
17040.0,20902.0,1.0
17047.0,18254.0,1.0
17049.0,17050.0,1.0
17050.0,20291.0,1.0
17051.0,17206.0,1.0
17052.0,17517.0,1.0
17054.0,18989.0,1.0
17059.0,17918.0,1.0
17064.0,19413.0,1.0
17066.0,20717.0,1.0
17070.0,20056.0,1.0
17076.0,18320.0,1.0
17077.0,17096.0,1.0
17080.0,20333.0,1.0
17084.0,19225.0,1.0
17090.0,18526.0,1.0
17090.0,17975.0,1.0
17091.0,18443.0,1.0
17091.0,18489.0,1.0
17091.0,19548.0,1.0
17094.0,17095.0,1.0
17094.0,20823.0,1.0
17097.0,19092.0,1.0
17097.0,19103.0,1.0
17100.0,20896.0,1.0
17106.0,20056.0,1.0
17107.0,18098.0,1.0
17113.0,17216.0,1.0
17115.0,17117.0,1.0
17118.0,17935.0,1.0
17119.0,17206.0,1.0
17121.0,17122.0,1.0
17122.0,19244.0,1.0
17125.0,17132.0,1.0
17131.0,21012.0,1.0
17160.0,17161.0,1.0
17161.0,17818.0,1.0
17170.0,20379.0,1.0
17194.0,17195.0,1.0
17195.0,17200.0,1.0
17195.0,20083.0,1.0
17226.0,17228.0,1.0
17231.0,18028.0,1.0
17272.0,17768.0,1.0
17272.0,17274.0,1.0
17272.0,17290.0,1.0
17274.0,17275.0,1.0
17275.0,17284.0,1.0
17278.0,17289.0,1.0
17279.0,17280.0,1.0
17279.0,18344.0,1.0
17284.0,21006.0,1.0
17289.0,20834.0,1.0
17290.0,17769.0,1.0
17291.0,21006.0,1.0
17300.0,17301.0,1.0
17300.0,20732.0,1.0
17301.0,19593.0,1.0
17303.0,20732.0,1.0
17378.0,18469.0,1.0
17378.0,18339.0,1.0
17394.0,17617.0,1.0
17425.0,20714.0,1.0
17426.0,20878.0,1.0
17426.0,19022.0,1.0
17428.0,19660.0,1.0
17431.0,18545.0,1.0
17445.0,18019.0,1.0
17445.0,19447.0,1.0
17483.0,17484.0,1.0
17486.0,18070.0,1.0
17489.0,17490.0,1.0
17505.0,19107.0,1.0
17509.0,17550.0,1.0
17512.0,17520.0,1.0
17512.0,17535.0,1.0
17512.0,17513.0,1.0
17520.0,17525.0,1.0
17523.0,17529.0,1.0
17524.0,17546.0,1.0
17524.0,17758.0,1.0
17525.0,19419.0,1.0
17527.0,19509.0,1.0
17528.0,17550.0,1.0
17535.0,20850.0,1.0
17552.0,20895.0,1.0
17552.0,20896.0,1.0
17561.0,17562.0,1.0
17562.0,20716.0,1.0
17577.0,17582.0,1.0
17577.0,20714.0,1.0
17582.0,20735.0,1.0
17596.0,18414.0,1.0
17596.0,20527.0,1.0
17611.0,17612.0,1.0
17634.0,20600.0,1.0
17648.0,19276.0,1.0
17661.0,20761.0,1.0
17696.0,19079.0,1.0
17735.0,19400.0,1.0
17754.0,17755.0,1.0
17754.0,19108.0,1.0
17766.0,18256.0,1.0
17768.0,17769.0,1.0
17770.0,19524.0,1.0
17781.0,18465.0,1.0
17781.0,18998.0,1.0
17783.0,18997.0,1.0
17783.0,20722.0,1.0
17785.0,17786.0,1.0
17786.0,20839.0,1.0
17786.0,18993.0,1.0
17788.0,17789.0,1.0
17788.0,20301.0,1.0
17789.0,18436.0,1.0
17789.0,19285.0,1.0
17790.0,20333.0,1.0
17796.0,17797.0,1.0
17796.0,18363.0,1.0
17799.0,18970.0,1.0
17803.0,17809.0,1.0
17818.0,20354.0,1.0
17834.0,20197.0,1.0
17852.0,19234.0,1.0
17906.0,19438.0,1.0
17918.0,17919.0,1.0
17928.0,20580.0,1.0
17934.0,19630.0,1.0
17982.0,21127.0,1.0
17982.0,21128.0,1.0
18007.0,19435.0,1.0
18007.0,19436.0,1.0
18018.0,18103.0,1.0
18028.0,20367.0,1.0
18030.0,18048.0,1.0
18030.0,18176.0,1.0
18038.0,18051.0,1.0
18038.0,20885.0,1.0
18047.0,18048.0,1.0
18047.0,18184.0,1.0
18048.0,18049.0,1.0
18049.0,18130.0,1.0
18051.0,20919.0,1.0
18051.0,20884.0,1.0
18058.0,18059.0,1.0
18058.0,20902.0,1.0
18059.0,18308.0,1.0
18064.0,19528.0,1.0
18077.0,19096.0,1.0
18077.0,20019.0,1.0
18098.0,20302.0,1.0
18112.0,18113.0,1.0
18112.0,20858.0,1.0
18112.0,20860.0,1.0
18112.0,18529.0,1.0
18130.0,18308.0,1.0
18130.0,20085.0,1.0
18136.0,18137.0,1.0
18152.0,18183.0,1.0
18157.0,18164.0,1.0
18157.0,20908.0,1.0
18163.0,20298.0,1.0
18164.0,20833.0,1.0
18164.0,20908.0,1.0
18166.0,19126.0,1.0
18172.0,18173.0,1.0
18172.0,18191.0,1.0
18172.0,18175.0,1.0
18173.0,18185.0,1.0
18173.0,20926.0,1.0
18175.0,20942.0,1.0
18176.0,18177.0,1.0
18177.0,20907.0,1.0
18184.0,18193.0,1.0
18185.0,20938.0,1.0
18187.0,18188.0,1.0
18187.0,18192.0,1.0
18187.0,20106.0,1.0
18188.0,20106.0,1.0
18189.0,18190.0,1.0
18189.0,19528.0,1.0
18193.0,20919.0,1.0
18223.0,19015.0,1.0
18243.0,20739.0,1.0
18246.0,18324.0,1.0
18254.0,18255.0,1.0
18255.0,19589.0,1.0
18259.0,19524.0,1.0
18268.0,18269.0,1.0
18268.0,18270.0,1.0
18270.0,18283.0,1.0
18310.0,18467.0,1.0
18320.0,20703.0,1.0
18321.0,19513.0,1.0
18323.0,21121.0,1.0
18324.0,19515.0,1.0
18329.0,18469.0,1.0
18339.0,18397.0,1.0
18341.0,18558.0,1.0
18341.0,19215.0,1.0
18342.0,20986.0,1.0
18344.0,18345.0,1.0
18361.0,18362.0,1.0
18361.0,18364.0,1.0
18361.0,19772.0,1.0
18362.0,18558.0,1.0
18362.0,20986.0,1.0
18362.0,18422.0,1.0
18373.0,18500.0,1.0
18373.0,18556.0,1.0
18373.0,18397.0,1.0
18373.0,18377.0,1.0
18375.0,18418.0,1.0
18376.0,18377.0,1.0
18376.0,18500.0,1.0
18377.0,18559.0,1.0
18379.0,18398.0,1.0
18379.0,18413.0,1.0
18381.0,18383.0,1.0
18381.0,18426.0,1.0
18387.0,18388.0,1.0
18387.0,18399.0,1.0
18387.0,18404.0,1.0
18388.0,18389.0,1.0
18388.0,18408.0,1.0
18388.0,18414.0,1.0
18390.0,18398.0,1.0
18390.0,18410.0,1.0
18398.0,18404.0,1.0
18398.0,18399.0,1.0
18399.0,18405.0,1.0
18399.0,18410.0,1.0
18405.0,20761.0,1.0
18410.0,20761.0,1.0
18417.0,20653.0,1.0
18418.0,18500.0,1.0
18422.0,18423.0,1.0
18422.0,20295.0,1.0
18423.0,18553.0,1.0
18423.0,18554.0,1.0
18423.0,19772.0,1.0
18426.0,18543.0,1.0
18436.0,18437.0,1.0
18436.0,20821.0,1.0
18437.0,19198.0,1.0
18441.0,18451.0,1.0
18447.0,18451.0,1.0
18459.0,20839.0,1.0
18465.0,19165.0,1.0
18469.0,18502.0,1.0
18469.0,20267.0,1.0
18480.0,18481.0,1.0
18481.0,18482.0,1.0
18482.0,20020.0,1.0
18500.0,18543.0,1.0
18507.0,18509.0,1.0
18512.0,18521.0,1.0
18515.0,20106.0,1.0
18521.0,21053.0,1.0
18526.0,20744.0,1.0
18528.0,18529.0,1.0
18541.0,20267.0,1.0
18542.0,18554.0,1.0
18544.0,18545.0,1.0
18544.0,20298.0,1.0
18553.0,18554.0,1.0
18558.0,18559.0,1.0
18559.0,19775.0,1.0
18989.0,18990.0,1.0
18993.0,18997.0,1.0
18993.0,19007.0,1.0
18998.0,18999.0,1.0
18998.0,20827.0,1.0
18999.0,19029.0,1.0
18999.0,19046.0,1.0
19002.0,20722.0,1.0
19002.0,20836.0,1.0
19011.0,20815.0,1.0
19014.0,19996.0,1.0
19021.0,19022.0,1.0
19021.0,20556.0,1.0
19045.0,19165.0,1.0
19077.0,19516.0,1.0
19079.0,20811.0,1.0
19092.0,19093.0,1.0
19106.0,19107.0,1.0
19120.0,19125.0,1.0
19161.0,19320.0,1.0
19188.0,19244.0,1.0
19200.0,19259.0,1.0
19202.0,19259.0,1.0
19211.0,19212.0,1.0
19211.0,20974.0,1.0
19217.0,19447.0,1.0
19228.0,19229.0,1.0
19228.0,19637.0,1.0
19234.0,19239.0,1.0
19259.0,19260.0,1.0
19271.0,19272.0,1.0
19285.0,20989.0,1.0
19299.0,19304.0,1.0
19299.0,19316.0,1.0
19303.0,19304.0,1.0
19319.0,19320.0,1.0
19397.0,20419.0,1.0
19400.0,20419.0,1.0
19402.0,20262.0,1.0
19413.0,19466.0,1.0
19419.0,19420.0,1.0
19432.0,19543.0,1.0
19433.0,21188.0,1.0
19435.0,19436.0,1.0
19438.0,19444.0,1.0
19442.0,19444.0,1.0
19461.0,20262.0,1.0
19461.0,20265.0,1.0
19514.0,19515.0,1.0
19514.0,19545.0,1.0
19514.0,19521.0,1.0
19516.0,19520.0,1.0
19520.0,19527.0,1.0
19527.0,20653.0,1.0
19528.0,20319.0,1.0
19544.0,19545.0,1.0
19544.0,20194.0,1.0
19559.0,21163.0,1.0
19571.0,19572.0,1.0
19583.0,20658.0,1.0
19593.0,19594.0,1.0
19594.0,19595.0,1.0
19621.0,19622.0,1.0
19625.0,20878.0,1.0
19628.0,19649.0,1.0
19628.0,19650.0,1.0
19631.0,20442.0,1.0
19637.0,20328.0,1.0
19650.0,19651.0,1.0
19772.0,19859.0,1.0
19830.0,21089.0,1.0
19830.0,21093.0,1.0
19859.0,20681.0,1.0
19859.0,20685.0,1.0
19982.0,19987.0,1.0
19983.0,19997.0,1.0
19985.0,19986.0,1.0
20028.0,20029.0,1.0
20029.0,20829.0,1.0
20029.0,20830.0,1.0
20030.0,20031.0,1.0
20030.0,20830.0,1.0
20104.0,20106.0,1.0
20107.0,20112.0,1.0
20200.0,21189.0,1.0
20301.0,20832.0,1.0
20315.0,20316.0,1.0
20318.0,20325.0,1.0
20319.0,20321.0,1.0
20325.0,20379.0,1.0
20327.0,20328.0,1.0
20351.0,20354.0,1.0
20367.0,20767.0,1.0
20443.0,20767.0,1.0
20465.0,20466.0,1.0
20466.0,20785.0,1.0
20505.0,20751.0,1.0
20564.0,20565.0,1.0
20592.0,20996.0,1.0
20604.0,20731.0,1.0
20657.0,20658.0,1.0
20657.0,20792.0,1.0
20657.0,20798.0,1.0
20658.0,20659.0,1.0
20667.0,20668.0,1.0
20667.0,20671.0,1.0
20668.0,20671.0,1.0
20693.0,20695.0,1.0
20717.0,20724.0,1.0
20721.0,20722.0,1.0
20730.0,20731.0,1.0
20731.0,20732.0,1.0
20744.0,20747.0,1.0
20744.0,20745.0,1.0
20745.0,20746.0,1.0
20773.0,20776.0,1.0
20782.0,20798.0,1.0
20784.0,20785.0,1.0
20785.0,20798.0,1.0
20805.0,20807.0,1.0
20822.0,20823.0,1.0
20827.0,20828.0,1.0
20827.0,20830.0,1.0
20835.0,20840.0,1.0
20835.0,20836.0,1.0
20836.0,20839.0,1.0
20858.0,20859.0,1.0
20872.0,20873.0,1.0
20873.0,20887.0,1.0
20884.0,20885.0,1.0
20884.0,20963.0,1.0
20884.0,20919.0,1.0
20885.0,20887.0,1.0
20890.0,21002.0,1.0
20890.0,21003.0,1.0
20896.0,21002.0,1.0
20901.0,20902.0,1.0
20901.0,20907.0,1.0
20902.0,20907.0,1.0
20912.0,20913.0,1.0
20922.0,20924.0,1.0
20923.0,20924.0,1.0
20925.0,20942.0,1.0
20943.0,20946.0,1.0
20951.0,20957.0,1.0
20961.0,20962.0,1.0
20973.0,20974.0,1.0
20980.0,20982.0,1.0
20982.0,20989.0,1.0
21002.0,21003.0,1.0
21052.0,21055.0,1.0
21053.0,21055.0,1.0
21088.0,21093.0,1.0
21088.0,21090.0,1.0
21089.0,21090.0,1.0
21090.0,21091.0,1.0
21091.0,21094.0,1.0
21091.0,21099.0,1.0
21092.0,21093.0,1.0
21126.0,21127.0,1.0
21127.0,21128.0,1.0
21128.0,21129.0,1.0
21162.0,21163.0,1.0
21176.0,21177.0,1.0
