Node ID,Longitude,Latitude,Degree Centrality,Betweenness Centrality,Log Betweenness Centrality
3.0,1272804.96216413,229595.832927153,4.0,73627.9102861346,11.206779448677032
6.0,1276842.76677626,227487.097628996,3.0,26244.15301748242,10.175198501017897
7.0,1258877.97200587,249895.359603941,4.0,1098858.2180182778,13.909782215070786
12.0,1280456.64569198,212688.49274984,3.0,401795.4918110754,12.903698511317636
14.0,1271933.94097924,224815.773914248,4.0,51987.52635697723,10.858759091037857
15.0,1271778.12037109,225078.95580253,4.0,210291.86011054105,12.25625165485772
16.0,1278954.31929043,265172.014723584,3.0,408248.02380128927,12.919630170162794
17.0,1278959.35634644,265833.102980256,5.0,608252.7120118963,13.31834571934836
18.0,1277381.21746482,215035.505424246,4.0,67816.15362124126,11.124555699551118
19.0,1277630.20780107,215030.022160232,3.0,89646.48435802857,11.403629263072247
20.0,1283574.34284717,261045.015423357,1.0,0.0,
21.0,1283809.09996741,261058.46521537,4.0,78039.88413772012,11.26497531008346
24.0,1267581.43787079,255034.246649206,4.0,356581.0613360891,12.784316874016238
26.0,1284988.93945661,243227.259757102,3.0,98497.93054597812,11.497790817253973
27.0,1285233.68665686,243221.913645104,3.0,28322.488114843087,10.25141140111098
34.0,1258800.58698179,246142.062000096,4.0,975447.6365021789,13.790651758980442
35.0,1258809.9760378,246596.084016562,4.0,627119.5844431502,13.34889252621911
38.0,1274815.57855019,214267.166415453,4.0,350037.1310984977,12.765794516691424
39.0,1275137.33906253,214259.534863442,4.0,496421.8447897694,13.115181337770139
40.0,1278606.39973807,260543.99148684705,3.0,20259.763233512083,9.916392091333208
41.0,1278505.30936997,261207.579775527,3.0,6230.39130575923,8.737194419722238
46.0,1279509.896635,249937.870963976,4.0,198073.21001401937,12.196391988882446
47.0,1279510.548475,250601.042228654,4.0,249369.79424594212,12.426692191204133
48.0,1259622.40195863,247186.093681157,3.0,28605.312758124244,10.261347740330123
49.0,1259624.42359065,247281.280817255,3.0,5087.42583085861,8.53452725094357
50.0,1270588.07550587,248855.032242864,4.0,116616.22944162498,11.666643732248868
51.0,1270458.83204973,249104.497331128,4.0,176411.9313772546,12.080577058460522
52.0,1263328.80791444,257652.461179882,4.0,91822.98614910296,11.42761793904637
53.0,1263339.08772244,258310.205628559,4.0,168529.1500290518,12.034864011017318
54.0,1269852.56356911,286351.478297263,1.0,0.0,
55.0,1270761.20017804,281362.060756162,3.0,64324.64592594947,11.071698132680066
56.0,1271109.72933041,281358.539796159,3.0,177316.12377404253,12.085689428559387
59.0,1293112.80640893,186888.097779423,4.0,10138.662468728866,9.22411136200776
60.0,1292817.51437663,186607.558003128,4.0,94815.14943175064,11.459684479608184
71.0,1282213.24518177,271972.505034536,3.0,530420.5859202005,13.181425529167363
72.0,1282284.28767784,272235.421834812,3.0,109703.68023922046,11.605538193915912
75.0,1281281.27494082,226056.509979531,4.0,202835.79596227832,12.220152043813075
76.0,1281551.9082851,226047.25077951,4.0,130696.23598291472,11.780631100291073
77.0,1287215.17222689,201158.116866022,3.0,268884.99150413147,12.502039026285482
78.0,1287404.61177908,201153.593538031,3.0,184193.32483740585,12.123741163478986
79.0,1270277.30814555,258143.212860376,4.0,398837.0173962308,12.896308134718575
80.0,1270642.56068993,258133.419196367,3.0,580991.964609264,13.272492205461756
81.0,1280294.88581981,228275.444509804,4.0,125539.00874714988,11.74037181592789
82.0,1280580.68646009,228267.878237784,4.0,617486.1929098892,13.33341198757419
83.0,1278378.23845784,237799.906727552,5.0,459617.3597808544,13.038149595742226
84.0,1278804.12933828,237789.334567547,3.0,47965.89629471496,10.778245543509543
85.0,1272824.73246816,230863.305760443,4.0,280971.6087059962,12.546008906577873
86.0,1273064.5368204,230856.854368433,4.0,298114.1211910755,12.60523164919525
87.0,1281381.10514891,275680.326734334,4.0,153006.34784418307,11.938234688691587
88.0,1281742.18412529,275669.226702332,3.0,20468.97378855236,9.92666554493908
91.0,1275345.34392674,282544.803797364,3.0,117079.35758747609,11.670607253837199
92.0,1275752.38968715,282779.186837614,3.0,78672.59437027427,11.273050144665309
97.0,1277398.53695284,278181.299088895,4.0,302460.72370742296,12.619706709039496
98.0,1278429.63762589,278182.661904901,4.0,210113.1362557411,12.255401408704076
99.0,1273761.84018111,281094.578707889,3.0,134697.04440220466,11.81078342008055
100.0,1273941.6010133,281087.15937987,1.0,0.0,
101.0,1266971.44593416,229144.100254685,3.0,69050.35602151386,11.142591314820002
102.0,1267074.50084627,229257.475998804,3.0,396.2007952682044,5.98192114150172
105.0,1284175.52505578,256967.10431517696,3.0,670624.3253098138,13.415964386304806
106.0,1284180.06182379,257310.038331524,3.0,686706.65030167,13.4396624789971
111.0,1274047.4515094,210438.22855553,1.0,0.0,
112.0,1274103.81880547,210438.612683535,4.0,216581.10493126375,12.285720374892803
113.0,1276913.66789635,256953.11122717,4.0,303706.73673156626,12.623817832979345
114.0,1277566.93592902,256933.55941914,3.0,203942.80354597236,12.225594858739353
115.0,1257852.12694882,251724.168245807,4.0,45171.76981279309,10.71822760903657
116.0,1257580.66192454,251728.783733815,4.0,108979.80213470652,11.59891784252438
117.0,1277229.24108067,265328.371011734,1.0,0.0,
129.0,1293365.06900118,187098.91166763,4.0,9672.8748689488,9.177080841982757
132.0,1286124.69273777,250469.927988529,4.0,290747.6631561032,12.58021103305232
133.0,1286452.71635412,250462.30827651903,3.0,75306.04159280783,11.229315644205665
136.0,1281508.38476504,224727.104474157,3.0,42547.61408008333,10.658379059105812
141.0,1271812.62360312,224388.446681812,4.0,870759.3895286116,13.677120971435812
142.0,1272089.89438741,224552.525785983,4.0,762246.4745137074,13.544025239734797
143.0,1277243.86668068,218532.477459818,3.0,78154.80086739195,11.266446765407343
144.0,1277236.76600868,218106.060627386,4.0,481001.1417247084,13.083624922733124
149.0,1266148.59358132,250294.497588351,3.0,225549.5614359305,12.326295198414037
150.0,1266156.64676532,250609.36146067097,3.0,313110.87992124807,12.65431265574062
156.0,1275724.35563913,273498.561420113,3.0,92716.60764770808,11.437302890283354
157.0,1275724.35755913,273624.971596241,3.0,143457.59081545906,11.873794736115874
161.0,1280407.09036392,275046.280397683,4.0,383166.9927902471,12.856226185644124
162.0,1280729.71046025,275034.756493673,4.0,89396.78985910518,11.400840052900639
163.0,1264958.1405881,256952.308411166,4.0,210458.01637031545,12.257041465040443
164.0,1265288.06122844,256943.776891157,4.0,102201.26749299724,11.534699358758958
169.0,1268605.79934384,230121.900767684,4.0,169440.18131912115,12.040255230942789
170.0,1268928.17694417,230113.763999686,4.0,184684.73670582063,12.126405524471682
173.0,1266453.41284563,227664.082845166,4.0,111509.25609058209,11.621862880702126
174.0,1266226.6938694,227870.505373389,4.0,156979.22343408663,11.963868740758686
178.0,1268902.42276815,254477.183736622,5.0,646623.842571007,13.379520017350233
181.0,1276301.07627971,265258.702851668,4.0,295111.48721672164,12.595108486695683
182.0,1276632.77048805,265247.812803656,3.0,223405.7780543189,12.31674502944713
185.0,1276780.9621042,267851.166214317,3.0,38318.19372460336,10.553680094350746
186.0,1277212.38085665,267460.401541919,3.0,104339.59794147949,11.555406223219137
187.0,1264704.14833184,249662.072947696,4.0,187530.6840556264,12.141697759300355
188.0,1264455.25706759,249709.06501174,4.0,166613.56240000503,12.023432412364327
189.0,1284829.67468844,196327.831229076,4.0,156092.36119719085,11.95820316999027
190.0,1284825.84198445,195963.298812702,1.0,0.0,
194.0,1267571.34635077,254506.137080655,4.0,443660.4607275118,13.002814820769487
204.0,1272234.48792355,239077.257832855,4.0,107687.31303490292,11.586987057086798
205.0,1272900.20837224,240350.108970165,4.0,141082.1386232357,11.857097543174955
206.0,1257046.966116,252397.156406492,4.0,101780.27409516343,11.530571593155148
207.0,1257058.92675601,253057.077687174,4.0,217757.5882921647,12.291137742751244
208.0,1272767.9543561,247459.440881446,4.0,92479.25226839732,11.434739598540444
209.0,1273438.45598878,247439.566897422,3.0,85412.4006035915,11.35524657536632
210.0,1284244.68831985,199447.878464282,3.0,64949.75312674759,11.081369221117658
211.0,1284241.75916785,199241.687296063,4.0,956586.38484338,13.771126377264176
212.0,1262725.32292181,260986.9804793,3.0,253764.5198951487,12.44416202896273
213.0,1262584.74640967,260990.464383304,3.0,199830.80235586743,12.205226299259525
215.0,1280020.90937153,269028.75603953,4.0,786327.8456700324,13.575129090897052
216.0,1280024.75449152,269440.160391957,1.0,0.0,
219.0,1275560.70565496,255996.255546182,4.0,273807.6214315158,12.52018102721064
220.0,1275569.99435897,256328.123322517,4.0,124501.81768956422,11.7320755946965
221.0,1278684.01669815,228317.968989834,4.0,87494.08051443091,11.379326418793609
222.0,1278720.35884219,228743.301854283,4.0,57611.35170123558,10.961474905413088
225.0,1283124.8408307,210839.53613995,3.0,26984.213788349145,10.203007299492088
226.0,1283111.4881267,210512.143755615,3.0,69861.52093800703,11.154270289352105
227.0,1275486.36498289,225729.493211195,4.0,348837.5904504152,12.762361735996848
228.0,1275808.3183912,225721.644507185,4.0,319532.61487522867,12.674614628576448
231.0,1271726.48536304,250747.195124805,3.0,43864.46883439737,10.68885990539074
232.0,1271871.00305918,250735.363508791,4.0,144035.0442348151,11.877811911692001
237.0,1269589.64907284,256172.180026367,4.0,749772.9664973312,13.527525728349277
238.0,1269597.61067285,256834.457595035,4.0,520447.5158937224,13.162444327935244
239.0,1268658.77854389,218394.933075681,1.0,0.0,
240.0,1269023.34968026,218229.76315550497,3.0,242953.48962980468,12.400625303302842
241.0,1260984.10000803,249850.284211889,4.0,584161.6955419651,13.27793309941532
242.0,1260335.19971937,249864.353715912,4.0,800661.0228851117,13.593192944076213
243.0,1277566.23020101,234443.87869212,3.0,49337.859331286665,10.80644700307175
244.0,1277708.74668115,234439.286820114,3.0,15150.54509360583,9.625791790066222
245.0,1279089.24946657,219611.869652927,3.0,257574.5376773813,12.459064423906801
248.0,1263796.44413891,211697.102668822,4.0,57172.3718796618,10.953826051584599
249.0,1263551.36618666,211703.440908834,3.0,76202.93925610215,11.241155313845548
251.0,1272502.11633983,230448.031328022,4.0,662192.4354176623,13.40331148061968
252.0,1285134.09536076,248468.497586474,3.0,789.399550328995,6.671272593592145
253.0,1285043.06464067,248891.980338901,5.0,138187.29729180556,11.836365270691847
254.0,1276985.20280841,204502.511045456,4.0,190020.88893925052,12.154889286884996
255.0,1276982.64344841,204269.200517222,3.0,224786.37069770627,12.322905766594765
256.0,1277623.74751307,263231.847681597,3.0,12702.433950009843,9.449548903691317
257.0,1277624.75800908,263892.966786265,4.0,159770.73741674676,11.981495175500399
258.0,1281207.18585274,265771.55027619,4.0,179152.94862373252,12.095995181563506
259.0,1281413.78290895,267032.68256548,3.0,237036.80612926756,12.375970708182944
264.0,1274266.19845363,251901.893941984,3.0,18040.36046665722,9.800366774939006
273.0,1279899.67865141,219094.483860403,4.0,451493.8274574408,13.020316980555119
274.0,1280150.64466766,219085.027476385,4.0,311415.9608168653,12.64888479210022
281.0,1291730.76915951,187872.753652424,4.0,123846.84033279876,11.726800922543612
282.0,1291412.60768719,187395.802803934,3.0,279913.83811467735,12.54223711377655
284.0,1266093.37226926,250037.735284075,3.0,17902.757913084413,9.792710053317437
285.0,1266208.31396538,250034.761524081,3.0,6732.233406499136,8.814662225906803
286.0,1274176.87346154,250599.453620657,3.0,65316.45830767678,11.086999324972597
287.0,1274844.53752622,250577.064244628,4.0,66452.49990969487,11.104242684347135
290.0,1266928.21111812,255582.142521754,4.0,139600.98515032203,11.846543526236239
291.0,1266931.30103812,255846.406394035,3.0,21643.33051380392,9.982452626561994
299.0,1282238.40102179,258789.689213037,3.0,888077.5082594916,13.696814302241277
306.0,1273568.74546091,283458.316054299,1.0,0.0,
307.0,1273772.30635713,283448.097302288,3.0,283335.9367703718,12.554388528357487
308.0,1277231.12396067,229510.68969506,4.0,174432.1248315323,12.069290975509574
309.0,1277402.08255285,229506.704799056,1.0,0.0,
314.0,1284279.37100789,201862.135426745,4.0,256861.60947107297,12.45629273429413
315.0,1284274.73350388,201536.872002423,4.0,80184.13206916128,11.292080919779586
320.0,1271622.29528293,225342.298778787,4.0,406743.0467074355,12.915936930177788
321.0,1271466.34283477,225605.664411068,4.0,965997.9484620544,13.780916989447114
322.0,1256233.67869116,251223.321525291,3.0,22170.95280743917,10.00653827901835
323.0,1255563.68105848,251229.0350613,4.0,124244.1484206186,11.730003847643571
324.0,1277295.27832873,263903.880770281,4.0,211009.8592874673,12.259660137847444
329.0,1259633.64829464,247734.430513725,4.0,70082.29878158883,11.15742552732099
330.0,1259639.46717465,248017.00805001,4.0,1014765.106884082,13.830167721886788
331.0,1285362.333057,258416.643388659,4.0,277331.3992936792,12.532968457410243
332.0,1285257.01568088,244540.88273444804,3.0,229031.5178961311,12.341614905800057
333.0,1285262.80768089,245200.360111132,3.0,70149.25681476142,11.15838049124443
346.0,1271883.53291519,231297.731424898,3.0,62370.80911075757,11.040852642191476
347.0,1271888.02238719,231603.05334520305,3.0,147752.48026318592,11.903293722018722
352.0,1271075.48568237,248046.229746044,4.0,230760.6313014122,12.349136224115966
353.0,1271438.86974673,248035.366578028,4.0,33292.28703495671,10.413081028568477
355.0,1274270.37854964,259683.771133959,4.0,139395.9164606987,11.845073483197273
358.0,1276039.51608744,220853.143062204,3.0,148785.92238907146,11.91026378930522
359.0,1276350.46463177,220846.391766191,4.0,144966.90890861265,11.884260780934476
360.0,1277615.54636106,232783.297378406,4.0,500908.39074343647,13.124178510539878
361.0,1277912.32402536,232775.428962409,4.0,326337.30159419705,12.695686792916254
362.0,1283070.97311865,252521.099382624,3.0,166502.8087546578,12.022767457657693
363.0,1283068.69196665,253181.110583305,3.0,124707.48351671944,11.733726142030417
364.0,1263313.31057042,248469.24856247,4.0,389619.0152662142,12.87292465671096
365.0,1263325.08906643,249002.108083025,4.0,373563.14815993846,12.830842340642738
373.0,1277756.7232572,236154.740069866,4.0,41319.23190834171,10.629083334201693
374.0,1277866.49567331,236306.955302015,4.0,26059.08577411836,10.168121768487039
375.0,1270694.24363397,244460.160814375,4.0,162682.24312696702,11.999554148510848
376.0,1270708.24920198,244857.596718773,4.0,225557.19170326376,12.326329027512276
379.0,1280908.49094044,263513.984897882,3.0,5762.40278161778,8.659109816293658
380.0,1253983.31184086,251334.928885415,4.0,544665.8357105849,13.20792774010965
381.0,1253990.96144088,251776.016885862,4.0,85202.44563804832,11.352785417077364
392.0,1275739.63743114,280954.946387738,4.0,241571.9114765288,12.394922477839197
393.0,1276002.51154341,280942.463507727,1.0,0.0,
394.0,1282048.3383656,208297.749513343,3.0,286945.6326393445,12.567048043484613
398.0,1270897.60376218,241414.757099256,4.0,935362.4365873314,13.748689365874396
402.0,1265401.32804455,246789.716208756,3.0,59111.53638969536,10.987181385524197
403.0,1265406.24369256,246954.268656924,3.0,15986.336922384142,9.679489694054455
406.0,1273664.10021302,253277.453879401,3.0,50004.41903208444,10.819866661146634
407.0,1273862.04011722,253270.108727396,4.0,11516.744649796545,9.351557311832991
411.0,1286481.12710615,208148.872841194,3.0,409079.5200715023,12.921664841729426
412.0,1286477.38925013,207788.435912818,4.0,96030.6401268956,11.472422587515203
413.0,1266440.14225362,249498.323635533,4.0,99679.17807503184,11.509712088351568
414.0,1266446.57591763,249758.489139795,4.0,283858.275797367,12.55623036370448
422.0,1275575.59346297,229124.335198671,4.0,778249.390842099,13.56480230557576
423.0,1275895.8339753,229116.870942652,4.0,737488.6906958211,13.511006032428801
425.0,1295065.35764293,181879.040238291,3.0,43182.67265972753,10.67319459793211
426.0,1295063.01409093,181766.504046172,1.0,0.0,
432.0,1263685.2563628,283615.557910472,1.0,0.0,
433.0,1263371.67690648,283624.339670479,3.0,215466.9956229068,12.28056302423497
438.0,1253499.28067237,251003.048949078,1.0,0.0,
439.0,1253507.26819238,251316.269493386,3.0,254290.0,12.446230627003512
440.0,1256231.22889917,251077.274869144,3.0,10111.449847949982,9.22142370904721
441.0,1286958.33875462,249158.007027179,1.0,0.0,
442.0,1282987.72793457,263045.627265409,4.0,127054.28649353144,11.752369726813818
443.0,1283218.8071668,263036.516033396,4.0,105656.7801036236,11.567951196125849
444.0,1274158.20485352,235984.13379769,4.0,118330.61448292936,11.681237803324889
445.0,1274418.14136578,235977.720421687,4.0,129135.2790305226,11.76861580852387
446.0,1272906.37829223,218975.758996278,4.0,1115101.247876025,13.924455764023785
447.0,1272709.35442004,218127.068819404,4.0,938399.517887722,13.751931062561384
454.0,1275109.38770249,283198.371414036,5.0,636351.8414066911,13.3635068991171
455.0,1275121.70687051,284223.727639094,3.0,680239.1054632568,13.430199641027727
456.0,1295074.32839493,182562.836142987,4.0,361947.5576710025,12.799254612001333
459.0,1294962.68756282,186508.085107028,3.0,14680.593854392237,9.594281754646769
460.0,1295243.67943512,186494.57726702103,3.0,82175.7401933332,11.316615406016442
465.0,1277195.70501663,228634.615006164,5.0,940615.9235558194,13.75429017749695
466.0,1277218.07704866,229086.050782621,4.0,458462.5012177629,13.035633781549421
469.0,1279712.86405921,248610.75947462,4.0,974005.083024192,13.789171801321723
470.0,1279723.95423523,249274.821811303,4.0,561086.9460801164,13.237631156596068
471.0,1276853.71000828,213253.478798419,4.0,142918.0748521719,11.870026841938675
472.0,1277089.34405652,213248.951246411,4.0,107126.411941507,11.581764836130674
479.0,1276708.12888813,277501.008464202,3.0,61841.06137614026,11.03232284637631
480.0,1277408.12946485,277475.041616172,4.0,160739.98574257872,11.987543343068054
496.0,1277763.52018522,216685.932561934,6.0,531923.4178424316,13.18425480653778
497.0,1278078.37554553,216665.651089907,4.0,92677.27759779934,11.436878603900373
498.0,1274853.81765424,251630.758645713,4.0,100636.85625621896,11.519273833928668
499.0,1275298.70815068,251615.483125702,3.0,66170.17735109432,11.099985147236673
500.0,1284269.33331187,241482.847531319,3.0,247344.59805230403,12.418537777130146
501.0,1284051.12569565,242379.337196246,4.0,668520.9425935434,13.412823002772464
502.0,1268590.53822382,227026.243932515,4.0,804549.9154317843,13.598038288774848
503.0,1268807.25924805,227264.457372755,4.0,105520.96450180144,11.566664927813804
506.0,1272508.91057983,238184.070375949,4.0,182565.25636983235,12.114862957241836
507.0,1272819.20523615,238177.726503938,4.0,247287.18637788357,12.418305638086576
508.0,1264923.37527606,247206.99652917695,3.0,3712.991225959227,8.21959309111456
509.0,1264679.54801181,247127.6282731,3.0,42784.974921257,10.663942266694615
512.0,1274868.03320625,228805.854878336,4.0,122369.97173688257,11.714804290015255
513.0,1275190.17823058,228803.149150342,4.0,126468.68507336202,11.747750007677265
516.0,1295062.20506693,181712.482798114,1.0,0.0,
517.0,1295054.80647492,181218.71972560897,3.0,677667.8014671272,13.426412478511253
525.0,1280968.0271965,214838.453968033,3.0,144751.78651839175,11.882775737455049
526.0,1280956.54495649,214363.134031549,4.0,305164.4694229746,12.628606154259497
536.0,1285607.83520125,246509.837808475,3.0,21057.13157894737,9.954994574082402
537.0,1285970.26195362,246502.319792464,3.0,21194.14824561404,9.961480396407593
538.0,1288464.67296417,252078.093430176,3.0,489520.9190439202,13.101182475573621
539.0,1288604.73702832,252080.305974171,3.0,324145.4264833481,12.688947541243534
542.0,1281239.68511677,224737.516826168,4.0,102599.10627861018,11.538584500946074
543.0,1281252.54111679,225156.256474599,4.0,91464.34160973049,11.423704466123981
548.0,1260213.23050325,245141.546607062,3.0,103914.19844477825,11.551320822657319
564.0,1295737.66010761,183058.505711496,4.0,142181.95168497434,11.8648628662494
565.0,1283693.21369529,208113.068489149,1.0,0.0,
566.0,1283687.82195129,207822.11533685,4.0,1115625.6027972675,13.924925884272476
567.0,1273769.83000512,282929.763349757,3.0,61916.1997905815,11.03353713348909
568.0,1273945.9195413,282922.421141759,1.0,0.0,
571.0,1265938.5218371,255606.07551378,3.0,94385.21468925566,11.455139715812269
572.0,1265947.02020511,256271.109626472,4.0,111739.32947687994,11.623924022251265
575.0,1275564.32376696,272602.294475183,1.0,0.0,
576.0,1275724.57311113,272602.293195188,3.0,373653.7218614796,12.831084770131735
577.0,1271248.29765055,257452.468795672,3.0,403526.05506364646,12.90799633725586
578.0,1271593.77329889,257442.08101967,3.0,855141.5052654821,13.65902223745923
581.0,1273747.03346109,209867.885194942,1.0,0.0,
582.0,1273421.71026076,209504.543050572,3.0,84777.99999999997,11.347791354158918
587.0,1274224.5728536,282910.743701741,1.0,0.0,
588.0,1274439.15640581,282901.700757742,4.0,56784.36844809083,10.94701636345516
591.0,1293110.88090493,183277.548271716,4.0,256823.0328609423,12.456142538601972
592.0,1293416.52692124,183261.452527702,4.0,49227.58306542867,10.804209376796473
594.0,1286718.44781038,206202.124807194,4.0,44299.30424869255,10.698724250462774
595.0,1277872.35327333,214629.34971182,1.0,0.0,
596.0,1277868.27717732,214424.606735617,4.0,474617.6322124326,13.070264774026588
600.0,1273759.12856512,280611.230547383,4.0,240944.4713429899,12.392321776559289
601.0,1274205.56997357,280596.070483372,3.0,55824.42787191371,10.929966828055997
602.0,1295262.18989913,187128.893939659,4.0,479424.2129888085,13.080341106567252
603.0,1295523.9551474,186911.623987436,3.0,154577.12593323723,11.948448447741457
608.0,1271852.78296316,235852.82077355697,3.0,7794.268516171421,8.961143936956663
609.0,1272160.22853148,235846.950693548,4.0,44701.10503097184,10.707753501346923
610.0,1272871.12837221,253435.45522356,4.0,173003.5844478242,12.061067592616858
611.0,1273010.55627635,253430.246199563,1.0,0.0,
612.0,1272711.20581204,221514.629910871,4.0,60345.89685071122,11.007848234996596
613.0,1272873.47448421,221510.667030871,3.0,11339.021097067129,9.336005250545744
614.0,1275377.21362276,260313.907006606,3.0,131124.4394008746,11.78390207038631
615.0,1275375.74904677,260645.291198939,3.0,93692.08322296278,11.447768973973547
616.0,1273548.29074089,254859.931705013,3.0,30379.71867344394,10.321530515851586
617.0,1274211.72152558,254840.366072997,4.0,137639.89091719582,11.832396067388549
618.0,1278199.49733765,246301.03870426104,3.0,43596.16262340141,10.682724412238997
619.0,1278522.01701799,246290.46782425,3.0,121806.13688141391,11.710186017893534
624.0,1284750.94880037,244032.86801393295,3.0,37944.60030852665,10.543882488340097
625.0,1285410.53702505,244018.709613919,3.0,4291.951523410808,8.364496809048129
626.0,1281762.71129331,192427.918073088,4.0,376844.4276340939,12.83958772246757
627.0,1282047.6392296,192421.466681078,4.0,557105.8997596065,13.230510626079571
628.0,1287188.88192287,205128.448134094,4.0,84197.93123643211,11.340925630290005
629.0,1287655.83469135,205118.82970207895,3.0,271810.6679053695,12.512861029028915
630.0,1285231.73651285,207374.550280392,4.0,160641.98404985163,11.98693346631717
631.0,1285541.55155317,207371.084424391,4.0,178220.40042483585,12.090776267964971
632.0,1269706.14161696,247540.63825751803,3.0,69322.81112530794,11.146529295882484
633.0,1270104.52600136,247532.551345512,4.0,133217.64787236662,11.799739519846481
634.0,1289169.1262769,187102.230259642,1.0,0.0,
635.0,1289324.94458105,187212.033203751,3.0,42391.0,10.654691354537883
640.0,1263453.81521057,246582.64606455,4.0,312667.7101095041,12.652896276551903
641.0,1263458.97233057,246848.643568814,4.0,449674.0752762664,13.01627832216723
649.0,1266618.9636938,285402.500824302,3.0,225682.46908194173,12.326884286248525
650.0,1266619.0808778,285702.220376596,3.0,304533.27132356894,12.626535625593496
653.0,1294412.38221826,182568.591662988,3.0,486912.6373699001,13.095839996588339
654.0,1294400.34388225,181885.98641429804,3.0,527786.835256696,13.17644776006635
655.0,1267516.23684672,285693.206616595,1.0,0.0,
656.0,1267824.36548704,285716.033368617,4.0,432850.88005678233,12.978148559809885
657.0,1275640.79410304,218148.40174742,4.0,582800.4645928812,13.275600150476652
658.0,1277567.35423301,277137.206671834,4.0,217997.12127839995,12.292237136539082
663.0,1285346.42560098,200220.971073076,4.0,494310.0268013448,13.110918183939296
664.0,1285429.78764907,200221.019649073,1.0,0.0,
665.0,1282369.93516593,270131.936584651,3.0,58191.782817364045,10.97149943504638
666.0,1282554.85113412,270128.281416655,3.0,87358.54242468109,11.377776106140377
667.0,1271340.65803464,210534.727691635,4.0,551701.0480748047,13.220761598977415
668.0,1271758.32158707,210225.575755313,4.0,415011.2660169707,12.936060945873207
671.0,1294500.11367436,187810.114996359,3.0,86974.05964998293,11.373365188233992
672.0,1294392.89306624,187654.499828205,3.0,42660.6541990524,10.661032327094173
683.0,1265526.31562868,284858.609559745,3.0,45861.16146794336,10.733373882474602
684.0,1265638.1766208,284892.044503778,1.0,0.0,
685.0,1274864.40197425,228379.504669905,4.0,293905.9959897483,12.591015253661128
686.0,1275186.57451858,228376.773341894,4.0,251380.90593344325,12.434724621312908
687.0,1262189.41943327,248760.33822678,4.0,88772.2458238151,11.39382933309815
688.0,1261658.51172072,248771.853938788,4.0,126227.56761974467,11.745841649130407
691.0,1268781.77105601,225717.459099174,5.0,583455.4447777737,13.276723369229057
692.0,1268564.77937579,226084.088987559,4.0,174646.28101161658,12.070517956058168
693.0,1262383.60080947,260330.550974622,3.0,98668.96452771324,11.499525733499128
694.0,1262396.96036148,260995.117567301,3.0,79106.30000354451,11.278547796646675
697.0,1286471.49587414,207360.689096376,4.0,102321.37603617224,11.535873884522072
698.0,1267610.81278282,256887.418747097,4.0,177789.11070494817,12.088353355557324
699.0,1267610.24683082,257151.780411363,4.0,92595.80767344208,11.43599914610445
700.0,1261883.11658496,255703.289913878,4.0,291476.9797676701,12.582716310016766
701.0,1261893.34391296,256223.160890415,3.0,16167.985674465835,9.690788373040625
702.0,1272121.95237143,238904.490152687,1.0,0.0,
706.0,1284064.60076767,277876.476496592,3.0,497989.81430837634,13.118334902601589
707.0,1284061.02035166,278787.269009516,3.0,396578.3659528385,12.890628944797438
712.0,1287354.54592304,190180.636150792,3.0,46076.27638689672,10.738053484528638
717.0,1280478.114492,216851.229458094,4.0,188773.11328542227,12.148301114106635
718.0,1280467.64236398,216296.429713532,4.0,140235.347849817,11.85107734626834
719.0,1264561.5062197,285323.584664211,1.0,0.0,
722.0,1291578.08211936,187021.86001955,4.0,507468.22355334,13.137189374249761
723.0,1268957.1260642,258837.487357095,4.0,592678.01039012,13.292406546345516
724.0,1268960.7963362,259167.991613433,3.0,129724.33683735156,11.773166992157748
725.0,1293093.07648891,182622.429807052,3.0,326214.22553363675,12.695309578069907
726.0,1294065.27757791,182582.45585501203,3.0,1563.5182452794938,7.354693846340197
727.0,1294056.67130589,182148.865838557,3.0,20792.682310916123,9.942356391813872
730.0,1270240.6051055,204402.853125349,3.0,901843.8110588598,13.712196625579772
733.0,1266009.84746918,227632.347037137,4.0,180711.0307301638,12.104654519156385
736.0,1277818.68344927,281510.510932311,3.0,276617.68840985605,12.530391645589145
737.0,1278327.1089218,281279.943444073,1.0,0.0,
738.0,1275854.69560726,282178.645396993,3.0,16587.06978731692,9.71637874234734
739.0,1268997.22865623,244890.673710808,4.0,125512.32584196524,11.74015924661151
740.0,1269004.50059225,245160.535087094,4.0,159491.85330299343,11.979748123432328
741.0,1266619.2927818,285111.763543993,3.0,150552.2993900166,11.92206580705805
743.0,1292277.00621608,184760.061681241,4.0,359768.8535020198,12.79321703060926
751.0,1264870.80286001,248798.705970809,3.0,568454.0980747887,13.250675846740148
752.0,1265451.7127486,248771.317874789,4.0,640181.1915795067,13.36950652711024
755.0,1272898.62667623,227157.112092659,4.0,47754.56785070636,10.773830003128475
756.0,1273230.71627657,227150.744284645,4.0,146233.73347444143,11.89296153480186
757.0,1279697.2616912,216987.514962241,4.0,160000.95460698655,11.982935060491831
758.0,1279958.06796347,216979.977554232,3.0,38104.39227457532,10.548084837267494
759.0,1282494.03699006,276781.163087472,4.0,127163.99999999996,11.753232870962837
760.0,1282629.7023982,276703.634703383,4.0,667057.0736032338,13.410630888858101
764.0,1274693.72216608,279596.341842353,3.0,95967.862698968,11.47176865085173
765.0,1274695.86162207,279863.370194629,1.0,0.0,
766.0,1282299.23980586,274260.703564882,3.0,137185.01118378798,11.829085740374358
768.0,1280716.89746824,253227.928695351,4.0,197685.85142982457,12.194434440739503
769.0,1280714.74822024,253891.970040023,3.0,272603.3312661328,12.515773018515217
772.0,1269903.3023211698,230515.122784093,4.0,309410.8984340275,12.642425440915824
774.0,1274799.88242218,279553.565010309,3.0,45650.69165695189,10.728774037210677
779.0,1286714.43334638,205942.156486928,3.0,48322.54953038899,10.785653594676791
780.0,1286710.41369838,205681.860102668,4.0,387004.646507726,12.866191978419753
783.0,1285218.04691285,248371.357682377,3.0,50656.793803853165,10.83282863303832
784.0,1285202.62668884,248447.66795446,3.0,9660.697207536292,9.175821099295293
786.0,1276748.51007217,224593.919386029,4.0,889989.771537482,13.698965248987767
787.0,1277070.10226451,224588.892506018,4.0,204384.08662044772,12.2277562801735
790.0,1271510.85944282,249880.248371914,4.0,138195.22844648996,11.836422663283258
791.0,1271519.25086682,250160.051956207,3.0,18652.40322375642,9.83373027595298
794.0,1292824.15572064,183118.202799559,3.0,62975.29139671765,11.050497728391013
798.0,1265067.05015621,243130.16874900495,3.0,38840.31866885872,10.56721412702811
799.0,1265312.59722847,243125.89738901,3.0,8562.785204937269,9.055180790621574
800.0,1287209.74502689,247684.124529675,3.0,2116.6085144887697,7.657570329371352
801.0,1282209.94662176,256466.796602666,4.0,111106.03749494231,11.61824031703997
802.0,1282219.40364577,256730.659898937,4.0,57057.07242811079,10.951807316548177
804.0,1275707.4380071,221142.690070495,3.0,48077.84218732198,10.780576688570562
805.0,1277925.41650538,236746.605350465,5.0,129832.8374411749,11.774003036165738
806.0,1277932.01394539,237012.517926738,4.0,140034.1610162122,11.84964167908517
807.0,1281644.54687719,243837.773613736,4.0,71373.86310117322,11.17568701830148
808.0,1281654.06194919,244087.396781996,4.0,66815.54570622617,11.10969105260269
809.0,1277887.51730534,278840.425041571,3.0,57619.29901913986,10.96161284298208
810.0,1278029.64069748,279093.778577834,1.0,0.0,
813.0,1274530.8061979,252146.087030247,3.0,110259.16274091412,11.610588898616877
814.0,1286689.02169836,196379.124413133,1.0,0.0,
815.0,1286689.02035436,196076.562684819,3.0,44319.86404708866,10.699188253886872
818.0,1270448.58628972,281366.092564166,4.0,927517.0832597574,13.740266491903009
825.0,1278504.65420197,207178.265864193,3.0,229406.86528140333,12.343252410349928
826.0,1278492.06629796,206736.903879747,4.0,159152.39166706585,11.977617460351428
835.0,1293838.11303367,185779.690226287,4.0,73067.87136728714,11.199144032942941
836.0,1294494.82298635,185746.343858242,3.0,71578.20777836342,11.178545945984256
837.0,1295429.4267633,182554.277102977,3.0,344192.1564057778,12.74895537460271
838.0,1295729.04135561,182541.39620696,4.0,412785.1690694345,12.930682564862202
841.0,1272955.57278828,224353.273881778,4.0,710692.2530096486,13.473994778248539
843.0,1270549.05329783,223996.000921413,4.0,398773.6094794151,12.89614914005423
844.0,1270826.14923412,224160.04623358,4.0,533363.8514420347,13.18695911835863
847.0,1275940.43915935,213966.94721514,4.0,334000.93259404576,12.718899064152682
848.0,1276132.80754355,213962.439951137,4.0,238329.8265701595,12.38141081920815
851.0,1272803.71051614,243927.62218982,4.0,121315.81571917146,11.706152471586664
852.0,1273067.6309644,243919.856109813,4.0,96528.47650039676,11.477593337063983
853.0,1289223.68883695,187355.14936389,3.0,149160.10673604155,11.912775549873365
854.0,1289469.5810612,187527.238900065,4.0,159765.0337322199,11.981459475681834
855.0,1275881.38648729,250013.627060056,4.0,54393.688652427336,10.904003408694878
856.0,1275885.30968729,250277.505460322,3.0,19131.133109613267,9.859072292756116
859.0,1271791.2407551,241815.48727566,4.0,70847.6984571155,11.168287759864517
860.0,1271803.53963511,242245.374252096,4.0,44739.72642790628,10.708617120316134
861.0,1274209.36946158,254578.205560729,4.0,64730.01732866591,11.077980319246393
862.0,1277322.03711276,233501.659427151,4.0,825871.8573871406,13.624194904133049
863.0,1277338.44063278,234117.568611786,3.0,809821.9409847844,13.604569676538647
864.0,1274756.06751013,275250.635021895,4.0,454051.2705128535,13.025965401292352
865.0,1274755.21778214,276577.030991256,3.0,536517.5386648788,13.192854531413017
872.0,1260506.50122355,252369.943862468,4.0,131047.06813991614,11.783311836428926
873.0,1260518.55728756,253032.286071151,3.0,25451.376972653823,10.144525125530912
874.0,1270290.9661935605,230496.06704007095,5.0,111436.64892972136,11.621211537378095
875.0,1266640.67729382,241275.201323107,4.0,200380.49133646497,12.207973294833728
876.0,1266805.473518,241235.02685907495,3.0,48289.13731327858,10.78496191400059
877.0,1276782.3498802,216387.164433628,4.0,117375.0010980066,11.673129225865253
878.0,1277104.04120854,216379.337681621,4.0,307253.48161161755,12.635428358890907
879.0,1274222.12011759,255700.761657879,4.0,28340.058934854955,10.252031592806905
880.0,1274886.81464627,255682.602937862,3.0,37831.73033032401,10.54090345621425
885.0,1266021.87140518,244953.755950883,3.0,52588.87438842887,10.870259862825693
886.0,1266028.8323652,245223.755439147,4.0,186670.32142947763,12.137099352938042
887.0,1286787.35616246,207784.488456815,3.0,22114.620100312648,10.003994211783304
888.0,1271486.83749078,250623.743924677,3.0,11297.499051918436,9.332336657365842
889.0,1268844.42846408,240101.564201906,3.0,145213.2865474249,11.885958882334046
890.0,1269369.78763261,239738.56496954,3.0,5060.170072762208,8.529155372934495
891.0,1272118.23653144,248015.108082011,4.0,31806.305285716404,10.367419828538544
892.0,1272126.28472345,248284.857202291,4.0,71079.2088265804,11.171550151460726
893.0,1276390.5747758,222964.136216357,4.0,726193.196089838,13.495571368722445
894.0,1276383.8742958,222657.993112043,3.0,481797.20737174805,13.085278572906484
895.0,1272929.40254827,228822.95324635497,3.0,41217.233389944224,10.626611734044042
896.0,1272930.22174826,228895.097758427,3.0,36418.54568033165,10.502833420587859
899.0,1278703.22796218,249952.372595996,3.0,302680.29917009186,12.620432409211867
900.0,1278708.14917818,250625.829556689,4.0,251865.7095381895,12.436651325794628
901.0,1282885.17497446,257507.21215573,3.0,34903.14835545223,10.460332314879716
902.0,1282891.64019047,257769.252284005,4.0,906922.00135361,13.717811729096855
919.0,1280148.67679566,247938.044913933,1.0,0.0,
920.0,1280294.39634781,247934.995057926,4.0,155216.30411594058,11.952574933507082
923.0,1260258.56995928,253036.461879149,4.0,578273.2808683614,13.267801840188316
926.0,1267638.48331085,242269.915820122,4.0,358893.2938888147,12.790780391780896
927.0,1267960.12772718,242262.349932119,4.0,318324.98553736106,12.670828107008072
928.0,1276607.16556002,230828.37571241,4.0,240987.5697022793,12.39250063314376
929.0,1276619.54348004,231258.776480854,4.0,317717.2836576254,12.66891722122552
930.0,1276467.92267989,216704.788177952,4.0,93806.28716742006,11.448987160119298
931.0,1276460.17733587,216394.97678563,4.0,73386.45889010547,11.203494713797351
932.0,1275859.40191126,227509.58876501,4.0,139699.84455742477,11.847251432555993
933.0,1275867.55839127,227850.608093366,3.0,71188.44521720138,11.173085797954963
934.0,1254160.14480105,248164.371890157,4.0,70897.184547288,11.168986001538348
935.0,1254169.42102505,248484.428338498,4.0,399404.8116373447,12.897730747055393
936.0,1256220.58787516,250442.887348503,4.0,337888.228824656,12.73047043582644
937.0,1256224.95856316,250703.43870876695,3.0,60580.68366662314,11.011731369869532
940.0,1293495.07661732,184953.272305429,3.0,1587.2362249282385,7.369749559435637
941.0,1267064.25745426,245731.366255671,4.0,84301.81387019216,11.342158660605344
942.0,1267371.65252657,245724.52145566,4.0,425341.996452733,12.96064882184692
943.0,1272148.23352346,249016.966963038,4.0,48391.92989881289,10.787088341174627
944.0,1272817.71806815,248993.044787019,3.0,33887.68039251883,10.430806817068852
947.0,1277588.85548103,259914.532478198,4.0,151501.11816669168,11.928348284542553
948.0,1278249.77119371,259893.569918171,4.0,78990.03449368109,11.27707697784252
951.0,1285525.88492917,206518.684551522,5.0,183547.09641074904,12.120226569735564
952.0,1285741.67648138,206516.327879518,3.0,31673.98906381899,10.363251088778485
953.0,1269388.25182463,245683.26763162,4.0,89630.06916638663,11.403446136039012
954.0,1269394.75672065,245943.249071896,4.0,106610.07092131209,11.57693326018501
958.0,1272245.37374756,228392.39964591,4.0,362994.2464860687,12.80214226322074
959.0,1272403.74942772,228390.714909911,4.0,400884.4997033825,12.901428634135026
960.0,1260933.56695198,253690.89631182,4.0,543949.8168648289,13.206612273172693
961.0,1260600.00528763,253695.732215822,4.0,620921.1057697046,13.338959308995756
962.0,1288859.49997258,189174.885557756,4.0,793015.277156009,13.5835977654453
963.0,1288846.83693257,188626.018869191,4.0,40701.26688067112,10.61401449823546
964.0,1290153.31232589,186903.120755434,3.0,242764.12385364712,12.399845567174296
965.0,1267645.02238286,227886.307485402,4.0,290282.5271195681,12.578609959153985
966.0,1267329.92324653,228173.007709697,4.0,237960.92765709615,12.379861769668324
967.0,1280437.59519595,254932.723513097,3.0,167928.47710470646,12.0312934362164
968.0,1280437.43807594,255192.750905365,3.0,489924.8267641403,13.1020072435505
972.0,1278859.29554634,220678.624726012,3.0,120329.2805893051,11.697987268766493
973.0,1281483.07442902,192236.043832898,3.0,84778.00000000001,11.347791354158918
974.0,1281479.44518101,192104.943352759,1.0,0.0,
975.0,1272886.75070822,225735.291739196,4.0,575604.1565898763,13.263175475285948
976.0,1273440.37886879,226062.98729153,4.0,503643.96046891087,13.129624869774876
977.0,1266955.07755014,257879.702524111,3.0,20288.601439320777,9.917814501874476
978.0,1266959.11134215,258224.718268469,4.0,64090.8101376767,11.0680562650437
983.0,1259830.98122285,260338.592638627,3.0,965943.098059488,13.780860206759382
984.0,1272348.71569967,241839.521067694,1.0,0.0,
985.0,1272345.75512366,242010.374699861,4.0,121228.87833573663,11.705435594332377
986.0,1273244.67224458,228819.869278356,4.0,396505.3145331416,12.890444723581693
987.0,1272680.45458001,216577.198865816,3.0,84778.0,11.347791354158918
988.0,1273198.43320453,216566.881937802,3.0,154444.6860382601,11.947591292045935
989.0,1282584.35929415,209151.440778211,4.0,32637.13494117817,10.393206027687937
990.0,1282581.12403014,208679.532873735,4.0,24791.683563097307,10.118263535716286
993.0,1276907.93330434,260810.255103111,4.0,714799.6514350967,13.479757574627527
994.0,1277340.09618478,261179.26054349504,3.0,415151.5344946525,12.93639887592483
997.0,1266291.24951747,241331.728427172,5.0,415499.88743091474,12.93723762235321
1004.0,1271848.43621115,215073.248464271,3.0,75326.3874806624,11.229585783751359
1007.0,1264862.34519601,248350.868274361,3.0,185854.74627280683,12.132720713590356
1009.0,1275451.30987884,213928.956751108,4.0,876567.3737628835,13.683768847203794
1010.0,1275443.51954284,213608.822606772,4.0,668569.8095534301,13.412896097227467
1011.0,1280719.01260424,252567.885430679,3.0,130991.21160441272,11.78288551294364
1020.0,1288266.68128397,188702.694901273,1.0,0.0,
1021.0,1288452.77536416,188498.908917069,4.0,107313.03955553228,11.583505445517998
1029.0,1264279.18263541,255363.197433531,4.0,585877.8921408798,13.280866671659812
1030.0,1267750.25444695,243925.594925821,4.0,95977.6151222568,11.471870267450443
1031.0,1267759.40369497,244255.778990164,4.0,94545.30835801177,11.456834452104653
1036.0,1278751.51161022,229208.70966275,4.0,59673.62894334176,10.996645475548736
1037.0,1279073.36005856,229200.171614751,4.0,131193.75928114494,11.784430587906119
1038.0,1277766.02245721,217553.646354824,3.0,26850.33720581484,10.198033658733934
1039.0,1277834.47052129,217551.892754823,4.0,405588.0045359881,12.91309315620636
1044.0,1279678.11807518,220274.20789361,4.0,170771.7560591434,12.048083184011311
1045.0,1279937.87410744,220264.137685597,5.0,177336.82663365503,12.085806178523612
1054.0,1277012.03743245,221899.164951265,3.0,243134.1791380893,12.401368747451775
1055.0,1277008.40031244,221726.93199108503,3.0,98675.31627994748,11.499590105795203
1056.0,1279390.77740288,198383.339263186,3.0,120400.82002777966,11.69858162269562
1057.0,1279191.71282667,196789.604221553,1.0,0.0,
1058.0,1290691.64064646,185503.082225993,3.0,539253.4963310196,13.197941047922585
1059.0,1290570.92499833,185372.543729872,3.0,613662.5805614272,13.327200513015585
1060.0,1285078.9313927,197223.244798005,3.0,216729.0645451929,12.286403301951072
1061.0,1285069.83033669,196324.407037079,4.0,108881.67619819644,11.598017032120481
1062.0,1282826.54611039,255131.832697302,4.0,411341.80019538046,12.927179778510903
1063.0,1282833.0792944,255395.673081562,4.0,1074731.3255259546,13.887581258562959
1064.0,1285468.6143371,250485.063476533,4.0,297493.825758092,12.603148749998146
1065.0,1285470.4092811,251147.305909216,4.0,201678.46073721265,12.214429929629247
1068.0,1276855.52229628,236031.41616573895,3.0,203398.75545999827,12.22292364389547
1069.0,1277058.58885649,236174.732837886,4.0,264643.9227727274,12.486140513760533
1074.0,1270649.61412993,280700.017491475,3.0,132039.55881425116,11.790856844657783
1075.0,1270890.89745818,280696.455123469,3.0,49182.8083092006,10.803299416807652
1076.0,1278420.90828189,228751.501598284,3.0,76108.9565401826,11.23992123127628
1077.0,1278429.48338589,229217.252318755,4.0,139656.39798748016,11.846940384770562
1080.0,1282556.31475012,273910.26004453,3.0,151107.48365978774,11.925746674895304
1081.0,1282570.04633413,274247.396812871,3.0,59747.24483394753,10.997878357164854
1084.0,1281637.60857318,210553.06983564803,3.0,1002516.8989448224,13.818024294823603
1085.0,1279997.2296275,248606.309682623,4.0,704608.4537144826,13.465397542708986
1089.0,1287694.99405138,202686.31885159,3.0,257390.9875867616,12.45835156027074
1090.0,1288001.2828197,202575.266883478,3.0,11706.283186219398,9.367881001103012
1091.0,1267576.39358278,254770.295352921,4.0,151847.72639303052,11.930633497645507
1092.0,1268242.51921546,254757.32524091,4.0,129327.23202955438,11.770101153795306
1093.0,1276859.13356028,227912.961629421,4.0,45140.15444876814,10.717527471915698
1094.0,1277169.81797661,227910.942237422,4.0,809497.2640712268,13.604168672317991
1095.0,1284831.94240046,262116.41849644497,3.0,90087.7613602629,11.408539600410815
1096.0,1284634.23411225,262775.164865121,4.0,142405.81172140248,11.866436089777498
1099.0,1271828.62917113,243120.059820995,4.0,108167.3844898674,11.591435162706112
1100.0,1271841.92209914,243578.124525473,4.0,52323.520119826055,10.86520126444556
1109.0,1272167.91851549,205691.741638675,3.0,43981.0045689189,10.69151310534218
1110.0,1272361.91121969,205416.638534397,4.0,459273.74962024734,13.03740171566567
1111.0,1280673.6691802,213573.513294742,4.0,55329.839801750735,10.921067640564464
1112.0,1280657.82905218,213317.819854483,3.0,43922.40205162517,10.690179766209406
1113.0,1282321.62815788,210534.078731626,4.0,628075.4694924926,13.35041561258108
1114.0,1282322.77548589,209902.733194977,4.0,92128.41788563936,11.430938729325975
1115.0,1286390.69715405,251126.952949196,3.0,2760.1169235206225,7.923028321408313
1116.0,1286396.13017805,252138.452854231,3.0,15710.979460166986,9.662115075593105
1117.0,1279984.76050749,231725.85264132905,3.0,240402.54901287,12.39007008480191
1118.0,1279994.4947155,231998.426849604,3.0,95621.85789433992,11.4681567119677
1119.0,1274369.53054973,238150.230503902,3.0,155205.15730804906,11.952503116256784
1120.0,1274379.32779774,238620.574056387,4.0,261005.36292539217,12.472296233700598
1121.0,1285038.93542467,261426.178367749,4.0,234074.84032447723,12.363396173651468
1123.0,1273390.51845273,245449.53220738503,3.0,65403.98692054556,11.08833849767503
1124.0,1278948.95052242,264510.9366429,4.0,244468.96119441168,12.406843631758358
1129.0,1283319.2997749,276721.724559411,3.0,84777.99999999999,11.347791354158918
1130.0,1283207.24121478,277305.986832008,1.0,0.0,
1133.0,1292722.44992854,188390.52133294896,6.0,117585.51578146564,11.674921141737626
1134.0,1293776.68365762,187818.393844366,3.0,32349.114651806907,10.384341931758774
1135.0,1273113.53240445,284402.810583279,4.0,87122.46695578948,11.375070073962007
1136.0,1273115.95269245,284584.235735461,3.0,728396.0247710607,13.498600169340001
1139.0,1276287.04415171,283151.567701995,1.0,0.0,
1140.0,1276687.22706412,283135.66613397,4.0,156108.9043190399,11.958309147279229
1143.0,1266940.57367814,256639.310330838,3.0,3888.7910676306014,8.265853608781118
1144.0,1266943.66123013,256903.430523112,4.0,156602.0155880782,11.961462933388821
1145.0,1287412.38867509,201398.035970271,1.0,0.0,
1146.0,1266650.29438183,228791.152094319,4.0,89715.27270649919,11.404396297840071
1147.0,1266424.0107336,228996.977822542,4.0,64871.15403023227,11.080158335939911
1148.0,1279534.87423503,256265.78284245697,3.0,109187.8014191093,11.600824627436854
1149.0,1280225.95359573,256246.346554443,4.0,59145.3451658505,10.987753170888931
1152.0,1283878.97087948,259453.375549719,3.0,70857.84329666656,11.168430941838107
1153.0,1284051.79564765,260215.40422250296,3.0,186072.59405576243,12.133892167174144
1156.0,1275160.92466255,217633.8187709,3.0,47313.53292628585,10.764551641936963
1157.0,1275362.68965475,217628.571410894,3.0,3608.663985668411,8.191092895755343
1164.0,1271703.57432301,246551.706800506,3.0,587591.729048708,13.283787647363713
1165.0,1272007.12849931,246683.24792064697,5.0,598073.7358570349,13.301469329440197
1166.0,1282036.54348558,247899.243825898,4.0,126804.35909936724,11.750400698149623
1167.0,1282310.47564587,247893.783857882,4.0,419325.7315725223,12.946403299204663
1168.0,1270929.08536221,230892.159712479,4.0,161909.8052273403,11.99479470131139
1169.0,1271245.62213054,230887.318880469,4.0,154511.76369995292,11.94802551287417
1174.0,1256771.70915572,251732.598069817,4.0,93874.03970790777,11.449709159537766
1175.0,1256507.73987545,251734.890677825,4.0,143479.17064701105,11.873945151360562
1176.0,1277520.22476096,222445.526679829,3.0,14512.699542102033,9.582779375582735
1177.0,1277779.45746523,222442.761303827,4.0,698603.11647768,13.456838072377955
1182.0,1266427.4920136,248978.48510699,4.0,228477.32671047564,12.33919225774311
1183.0,1266433.83287761,249238.650291264,4.0,74042.78699210254,11.212398407687573
1184.0,1275460.02514285,224626.824154064,4.0,683340.0050386593,13.434747825870028
1185.0,1275476.20619887,225303.596122757,4.0,679592.4135764877,13.429248505645928
1186.0,1263667.05425078,258302.658748552,4.0,201167.2779832239,12.211892069703122
1187.0,1263677.14909878,258966.675133228,4.0,235246.25909508552,12.368388155493712
1188.0,1278742.40306622,262534.705024883,3.0,181340.318151688,12.108130755646991
1189.0,1278899.93721038,262802.886273161,3.0,186368.9250048122,12.135483455988172
1195.0,1266897.83422209,286491.637145415,1.0,0.0,
1196.0,1267167.21655837,286487.6450174,3.0,43021.98730158728,10.669466596584789
1201.0,1295080.59181894,183156.003247589,1.0,0.0,
1204.0,1266197.94583736,252121.445686221,4.0,309164.976372067,12.641630317520512
1205.0,1266864.60625406,252107.697014198,4.0,395774.14506779663,12.888598986792584
1212.0,1280772.47974029,267105.897029564,3.0,162232.12997922688,11.996783489697696
1213.0,1281118.14335665,267099.184133559,4.0,383804.15332922695,12.85788768409496
1216.0,1280410.21535592,245946.025647894,3.0,63005.71130171485,11.050980656847477
1217.0,1280656.71289217,245940.846191883,3.0,707.8028604424047,6.5621656092177
1218.0,1271431.71819472,226296.529819772,4.0,45342.53480969504,10.722000829196968
1219.0,1271708.92529902,226460.528155938,4.0,283828.51324569853,12.55612550816699
1220.0,1287379.74080306,191213.027831852,3.0,281385.0276133611,12.547479215471348
1221.0,1287681.06790736,191203.205623835,3.0,80894.11050450278,11.300896300699433
1225.0,1280605.79698813,248593.499634609,3.0,42095.2069685536,10.647689164461271
1226.0,1280752.77996427,248590.666994601,3.0,6934.7455379660105,8.844299639641143
1230.0,1267613.32721482,257416.060731634,4.0,66694.26086478228,11.107874184195454
1231.0,1267616.39806283,257679.572027907,3.0,54995.66731979909,10.915009685107963
1232.0,1274242.27723761,203078.006724,3.0,8960.690018663989,9.100602514015387
1233.0,1274236.08133361,202838.197123751,4.0,117769.65382382138,11.676485909405455
1234.0,1282038.7763816,269708.664456218,4.0,407549.8980011752,12.917918653249416
1235.0,1282039.00799759,270373.441672906,4.0,61026.22587424193,11.019058983125632
1236.0,1280452.94789997,253232.794167355,4.0,241230.84964233876,12.39350963632962
1237.0,1280438.26284395,253897.064504027,4.0,724567.0734349994,13.493329615388005
1242.0,1288403.6229161,247643.315505624,3.0,261.6735506237829,5.567097736884614
1243.0,1288414.47264412,248428.169586435,3.0,20907.64957836555,9.947870379522355
1247.0,1274114.78238948,284537.957975417,4.0,914596.8497624284,13.726238645811824
1248.0,1274115.21874148,284870.758487746,3.0,46768.559611874574,10.752966452979802
1251.0,1269490.62200074,244070.817069978,4.0,116516.60739541982,11.6657890945786
1252.0,1269503.01963276,244493.533806399,3.0,64320.463962008565,11.071633117166517
1253.0,1262133.3644572,246120.344816074,4.0,424129.1678768665,12.957793329039406
1254.0,1261602.42781666,246132.02948808705,3.0,311549.1750331547,12.649312470025208
1255.0,1278369.12524183,232593.651746213,3.0,10110.383749394898,9.221318268702154
1256.0,1278695.20069817,232583.514594212,4.0,17650.64447561386,9.778527575893902
1257.0,1275417.5829668,222679.745048061,3.0,76450.90077769855,11.244403993860699
1258.0,1275740.34015115,222672.248344064,4.0,694001.1906307458,13.450228955093731
1259.0,1272928.01541226,232962.991906598,3.0,51215.66452501472,10.843800711989322
1260.0,1272990.45854832,232876.609826505,4.0,56022.88747818741,10.933515591187794
1261.0,1278783.78489026,236991.203622729,4.0,85633.86629427767,11.357836118166173
1262.0,1278790.52108227,237257.326118991,4.0,117327.62624452396,11.672725524767719
1268.0,1273779.05534913,231691.099105299,3.0,51874.524431473736,10.856583089904928
1269.0,1273832.06904519,231649.674593255,3.0,10889.628349146584,9.295566087626238
1272.0,1278770.12249024,206278.350663275,3.0,61414.77950916706,11.025405793787918
1273.0,1279060.68524255,206261.899591252,3.0,70426.24887897912,11.16232132604817
1274.0,1281856.59103741,214392.480463579,4.0,6371.467894251947,8.759585160677377
1275.0,1282031.34892559,214435.360271618,4.0,20938.12490065188,9.949326934123324
1276.0,1286783.77081846,250843.417396903,3.0,57037.90960549163,10.951471406546565
1277.0,1286785.86598645,251118.308917195,4.0,261944.309434787,12.475887200740072
1278.0,1281288.95078082,211891.212493017,3.0,39343.68087490555,10.580090653272853
1279.0,1281270.22873281,211227.96807633305,3.0,5334.103990924396,8.581876200413259
1284.0,1259383.74429439,258528.731452778,3.0,71459.0342628327,11.176879617112064
1285.0,1259390.4250624,258798.254845053,4.0,696460.9422786004,13.453766993499107
1286.0,1279405.74783489,274417.152077049,4.0,202494.6668487145,12.21846882863236
1287.0,1279736.77445923,274405.541197032,4.0,173768.37890864222,12.065478535724418
1288.0,1285529.86816117,253068.314167187,3.0,39919.27094427751,10.594614467339731
1289.0,1285778.56185742,252926.867319047,4.0,289686.860314065,12.576555826546786
1292.0,1270613.10731389,230897.014048487,4.0,243822.94189693008,12.404197592902017
1293.0,1266619.41322981,286274.651993185,3.0,50545.554711625984,10.830630282137216
1294.0,1266622.9174858,286593.987929508,4.0,86225.77251267245,11.364724397030463
1301.0,1275547.01343094,227945.231901452,4.0,159947.39426493607,11.982600254309899
1302.0,1275868.60895127,227935.63478145,3.0,59688.09808636204,10.996887917467953
1306.0,1278674.20274615,227891.983005404,4.0,132900.21150541885,11.797353836162966
1307.0,1278996.11020248,227883.778589398,4.0,216633.3205373739,12.285961436146968
1308.0,1276551.02328797,206715.104711726,1.0,0.0,
1309.0,1276611.23308003,206595.639431596,3.0,177894.06521000472,12.088943512838915
1312.0,1284463.12883207,258442.821500689,4.0,131841.6212821078,11.789356642413772
1313.0,1284763.05145638,258435.802172676,4.0,183665.98482477336,12.120874087072247
1316.0,1277949.10476141,234101.129059762,4.0,189369.17519023796,12.151453696701381
1317.0,1278247.85944971,234095.309795752,3.0,60411.36607056425,11.008932546195505
1318.0,1278481.65292194,218471.323667765,3.0,29716.762459014324,10.299466558140617
1321.0,1283991.24620759,207388.423944414,4.0,131346.40379263787,11.785593415923788
1322.0,1271774.15160307,282285.893589109,1.0,0.0,
1323.0,1271774.25131509,282338.213973165,4.0,93040.83437564773,11.44079375507632
1330.0,1265524.95313267,251864.592181951,3.0,81269.54493693574,11.305526624333712
1331.0,1266191.66078137,251851.519413933,4.0,301637.5270188279,12.616981333830608
1334.0,1274268.90315764,212036.76833316695,3.0,42390.0,10.654667764346684
1335.0,1274426.9579418,212034.734541163,3.0,42390.0,10.654667764346684
1338.0,1266439.69962962,244514.620974422,4.0,194809.59299575,12.179777914336118
1339.0,1266449.97751763,244944.397678867,3.0,139801.75259374786,11.84798064513923
1343.0,1280733.25273225,225173.172506616,4.0,185902.26194515452,12.132976341172652
1344.0,1280738.15135626,225355.379802808,3.0,35979.9098624071,10.490716002287575
1345.0,1282166.76959772,224132.160473555,4.0,761775.2564419948,13.543406852113206
1346.0,1282178.79609373,224454.065625891,3.0,166121.17899861038,12.020472794990214
1349.0,1277078.80895251,224955.098778397,3.0,32104.7059521432,10.376757901243462
1350.0,1277086.13637652,225263.291098714,4.0,396439.1413660928,12.890277818657369
1351.0,1274225.9917976,246089.554224044,3.0,559463.0491213206,13.234732761874598
1352.0,1274244.97112562,246881.036208853,4.0,151409.8724498789,11.927745825586626
1355.0,1283556.97414315,260078.865470365,3.0,113608.70551917782,11.640515415424376
1356.0,1283556.47347115,260408.895294696,3.0,283482.43300914764,12.554905435535689
1361.0,1278473.82680994,231208.985888794,4.0,112663.86228864476,11.632163994558073
1362.0,1278481.43832995,231501.775009096,4.0,63493.063612613325,11.058685944467232
1363.0,1277278.76325671,231538.106593132,4.0,413617.4166700063,12.93269671122691
1364.0,1277283.08511272,232127.927905738,4.0,561616.2776985526,13.238574115779665
1367.0,1280732.46470025,218412.574483693,3.0,62729.6705894042,11.04658982983205
1368.0,1280865.99922839,218414.7417797,3.0,4778.497503845082,8.471881446334033
1369.0,1271776.84216309,282850.280533686,4.0,118321.64616318604,11.68116201009373
1370.0,1271778.18897909,283106.373205945,3.0,55922.01790710218,10.931713461862884
1371.0,1274504.02014987,215464.409104675,4.0,162226.63684418192,11.99674962940106
1374.0,1284701.00793631,253614.741559744,3.0,64086.92278966461,11.067995609453614
1375.0,1284757.64627238,254306.11026445,3.0,5776.258554671381,8.661511443191193
1376.0,1265422.93265258,285864.530776769,1.0,0.0,
1377.0,1265419.97073257,286093.716953009,3.0,49308.83219005271,10.805858495913037
1378.0,1275556.06264696,255830.352954015,1.0,0.0,
1379.0,1275098.22827849,221155.955478504,3.0,250525.0210603174,12.43131407899126
1380.0,1275085.53407048,220850.718230188,3.0,179637.8237378773,12.098698012554017
1383.0,1279150.14796263,265549.598275959,1.0,0.0,
1384.0,1272471.83326779,236381.202918097,4.0,268339.507450923,12.50000827660176
1385.0,1272771.5665801,236375.303270087,4.0,396217.1679653312,12.88971774387098
1388.0,1267568.61207877,252092.747254193,4.0,502203.6194015138,13.126760932771473
1389.0,1268157.60990338,252079.12325416497,3.0,623788.2770736647,13.34356629021501
1390.0,1271491.95793879,226826.833564311,4.0,596924.7048187986,13.29954626183904
1391.0,1271769.24081908,226991.335516483,4.0,531113.811723841,13.182731611954175
1392.0,1284366.74188797,245877.029039815,4.0,2433.75941159002,7.797192423793476
1393.0,1284622.06124824,245871.451951817,4.0,26409.215961627862,10.181468317672461
1398.0,1281770.97017331,252547.578678653,3.0,40426.69553180436,10.607245626220145
1399.0,1281768.78706932,253207.738807321,4.0,50278.96422959802,10.825342062444228
1400.0,1256242.29846717,251737.194165826,4.0,65261.29906538614,11.086154475946525
1401.0,1256242.72067517,252030.096438125,3.0,20412.32503449815,9.923894165753836
1402.0,1269747.729137,242785.218924657,4.0,341041.3796299437,12.739759096791992
1403.0,1269759.91185702,243211.079021096,4.0,277295.9227169706,12.532840527986831
1404.0,1277629.01880908,265876.440516308,4.0,610879.334436254,13.32265473000258
1405.0,1277641.81208909,266561.168453008,4.0,94065.4228771182,11.451745807219224
1409.0,1285237.33395287,207804.001864836,4.0,322201.82554586924,12.682933415586891
1410.0,1258919.73110992,257546.471611768,3.0,246839.56061986007,12.416493852413407
1411.0,1258926.37546192,257944.110524178,3.0,12235.659291387548,9.41210986011257
1412.0,1267166.93406236,286724.380441651,3.0,4983.338250611262,8.51385527689497
1413.0,1268204.31191942,286711.35548164,3.0,47585.78976865605,10.770289461377352
1418.0,1271215.07230651,226663.027740151,5.0,247422.1429602117,12.418851237604
1419.0,1271148.29457843,226767.870748252,1.0,0.0,
1420.0,1270490.68856177,212033.910733163,4.0,455499.9098181798,13.029150797697893
1421.0,1270470.83006574,210931.79252404,3.0,329094.0492739572,12.704098852950747
1426.0,1265258.52254041,252024.858294114,4.0,473282.4358810302,13.067447605298778
1427.0,1265267.35191642,252413.044214517,3.0,669969.0757384024,13.414986834687621
1428.0,1267841.84708706,226836.350236326,4.0,983172.8100655758,13.798540182321032
1429.0,1267526.47767873,227123.164316624,4.0,149626.15187293556,11.915895141229543
1442.0,1263369.83044247,283506.56923835,3.0,340878.6527657197,12.739281835941505
1443.0,1262872.42922597,283519.430486366,3.0,42773.66060606061,10.66367778572919
1444.0,1282271.81036583,226022.92700348803,3.0,12934.943487863162,9.467687725678475
1447.0,1286780.82630645,250454.741364509,3.0,114359.015747051,11.647098039780209
1459.0,1282367.37644593,242877.504876748,3.0,74060.68827275423,11.212640147872357
1460.0,1282929.5698545,242566.72887642696,3.0,20253.850906105472,9.916100222657745
1464.0,1283036.78585461,206108.674823105,3.0,117532.32972828632,11.674468721344173
1469.0,1286063.67648171,191293.492535934,3.0,135901.22984015127,11.819683649694692
1470.0,1267159.11287835,284069.67675893,3.0,96852.81466719467,11.480947730541857
1471.0,1267736.50116694,284057.478614911,3.0,71457.76411345368,11.176861842443255
1473.0,1273145.56222849,276636.97083132,3.0,50005.64194667348,10.819891116977919
1474.0,1273098.33918844,276787.829775468,3.0,55786.73961379707,10.929291478798426
1482.0,1282988.09894256,204146.125317082,4.0,650971.8920013108,13.386221743609276
1483.0,1283854.99878345,204123.840901062,4.0,865524.456159027,13.671090909882063
1490.0,1275273.45362267,265288.334403694,3.0,47001.72935595027,10.757939674822737
1491.0,1275440.14552684,265283.527299687,3.0,480761.9240377437,13.083127466134064
1493.0,1275824.08018322,216720.373777971,4.0,274097.75762602943,12.521240101396522
1494.0,1276146.08741556,216712.592977956,4.0,133490.53977559373,11.801785891207366
1495.0,1266913.42935811,254783.045048937,4.0,166705.63784897633,12.023984888496782
1496.0,1266918.31185411,255046.999545217,4.0,353224.4012401896,12.774858831509604
1499.0,1274890.07743028,231231.734816819,4.0,166978.50515149883,12.025620371447163
1500.0,1275149.07397453,231226.06947282,4.0,120649.36619672702,11.700643817800483
1501.0,1279859.81388336,213484.59380665404,5.0,1038409.5813792674,13.85320085194955
1502.0,1280157.60005966,213759.936142936,3.0,661990.5393334373,13.403006543779924
1504.0,1263011.10973811,258317.911612555,4.0,125880.5945369278,11.743089074212374
1505.0,1274337.26059771,230088.446751654,3.0,6986.332589012711,8.851711032165522
1506.0,1274347.03486972,230407.053727984,4.0,223676.0240624792,12.317953962755508
1507.0,1268932.25176017,243233.533357114,4.0,88507.70357192443,11.390844873218182
1508.0,1269191.90673643,243226.485101104,4.0,251950.2226151573,12.436986817677147
1510.0,1261938.89860101,261809.67008014,1.0,0.0,
1511.0,1261842.94634491,261883.273280218,3.0,108305.15417423545,11.59270802349316
1512.0,1273702.28779705,251148.97912521695,3.0,90302.42636337652,11.410919609070403
1513.0,1273836.8239892,251144.115637213,1.0,0.0,
1515.0,1261665.92279273,250355.578484401,3.0,59220.026056093375,10.989015041643553
1516.0,1261673.15306474,251015.003701076,4.0,120022.5631555174,11.695435030385433
1517.0,1285918.70073757,256644.429114848,3.0,104655.41970272068,11.558428515379024
1518.0,1284921.59904054,207378.019784391,4.0,149461.1227152486,11.91479158926691
1519.0,1284916.19584054,206950.240775958,4.0,823540.8939642389,13.62136848609698
1520.0,1274872.23922226,232056.316833675,3.0,105442.21674946837,11.565918373315302
1521.0,1274922.6951583,232750.388962373,3.0,221375.90884644337,12.307617480537774
1522.0,1280166.56095567,214379.730127573,4.0,379350.4266766528,12.846215665522813
1523.0,1280157.66303566,213879.531983063,4.0,435490.86028085015,12.984229088328524
1525.0,1282059.93548562,229251.359838799,3.0,63336.95532067509,11.056224250113086
1526.0,1281957.72966151,229592.932703152,4.0,380468.7553253335,12.84915933812997
1527.0,1269112.17726435,242594.631724462,3.0,44119.17075824763,10.694649678046828
1528.0,1269147.6279524,242801.708076671,4.0,403068.8513892572,12.906862673455858
1529.0,1265230.99767639,285595.636632487,3.0,138979.07328227328,11.842078648852658
1530.0,1264735.58065188,285611.055192515,4.0,341716.2574394134,12.741736015079317
1531.0,1273019.65106036,277039.206863731,4.0,139111.47062615317,11.843030837675927
1535.0,1293179.71898501,185813.141938314,3.0,135404.94909127944,11.816025190426581
1538.0,1294060.9747939,183229.890543669,4.0,127056.19104413757,11.752384716755396
1539.0,1294048.54535389,182839.111471266,1.0,0.0,
1540.0,1267815.71166302,284181.257239044,3.0,108469.7499287822,11.594226610590306
1541.0,1267816.39767903,284319.875735193,3.0,42646.6,10.660702831102032
1543.0,1273867.35410123,253525.533111647,3.0,68390.32662885559,11.132986670054645
1544.0,1274199.98597357,253516.564279646,4.0,178087.0230689618,12.090027603450514
1545.0,1278039.4648255,222437.436183825,4.0,882581.8622168866,13.690606825206338
1548.0,1266994.75627019,227171.53820467,4.0,137750.5230076433,11.833199523796653
1549.0,1266679.47511786,227458.374940962,4.0,58395.07126592682,10.974986769123374
1550.0,1290037.15213378,189696.801526293,3.0,3400.7253706335127,8.131744032153568
1551.0,1290023.36051777,189158.74450174,4.0,329083.7793765952,12.704067645891147
1552.0,1267744.12126295,252911.809911028,4.0,1036697.5553463228,13.85155079119742
1553.0,1268212.54980743,252901.768247008,3.0,522117.67464880086,13.165648271820857
1554.0,1264419.11805955,242600.645484462,4.0,884782.0433197524,13.693096614923736
1560.0,1285459.26265709,247453.210929438,3.0,1005547.2676102618,13.821042496150381
1561.0,1285331.02604896,247702.696945697,4.0,493692.1870277445,13.109667498777888
1564.0,1285416.86150505,244538.608174458,3.0,317499.21996545955,12.668230640510163
1565.0,1285671.59264131,244532.98385444295,3.0,270441.7770973611,12.50781211231659
1568.0,1269742.628401,245416.677615345,4.0,166555.60015258664,12.023084467509173
1569.0,1269748.66155301,245676.593775615,4.0,208648.50888315943,12.248406339496006
1570.0,1278264.26949772,261585.946431905,3.0,7420.928633103719,8.912059481039876
1573.0,1281051.18220457,275023.272909671,4.0,80489.4689678558,11.295881634573853
1574.0,1281373.68095692,275011.752589658,4.0,69458.86102118687,11.14848992854178
1575.0,1277753.8013372,284622.825879499,3.0,137983.02346827285,11.834885938226115
1576.0,1277758.87519321,285345.758488238,1.0,0.0,
1577.0,1280306.63058782,278910.982993647,3.0,60342.82123907272,11.007797267322271
1578.0,1275082.86411847,281134.01659593,3.0,90825.98244321412,11.41670067391187
1579.0,1270472.23064175,285679.082008585,4.0,215843.3980557253,12.282308414718905
1580.0,1270474.42616175,286011.475032926,4.0,46244.04283843054,10.741687931151295
1587.0,1293200.98503302,186592.601011112,3.0,42424.05547948542,10.65547082655431
1588.0,1293473.13837729,186579.559027106,3.0,228.42741464719333,5.431218499682237
1589.0,1262102.67024918,258612.349052861,1.0,0.0,
1590.0,1275629.28459902,265278.07360369,3.0,442058.164278332,12.999196745792077
1591.0,1275186.28946258,232464.986978084,3.0,34361.32777128698,10.444687018287748
1592.0,1275684.77893509,232449.529634073,3.0,10906.64318204835,9.29712734881108
1599.0,1281113.76447664,195951.833596691,4.0,115830.38888709572,11.65988223531604
1600.0,1281394.42924494,195945.313276693,3.0,171668.46192248803,12.053320348723982
1601.0,1275915.34475932,229539.591583088,3.0,164554.3732808381,12.010996331233986
1602.0,1281568.08012511,226491.612443969,4.0,117689.02911079272,11.675801078290503
1613.0,1279379.38341887,207334.22388035097,3.0,510148.510155677,13.14245715869475
1614.0,1279361.96447486,206687.231751695,3.0,251544.3364877333,12.435374541206592
1617.0,1271561.45253086,254787.508920953,4.0,235992.0772200192,12.371553512342611
1618.0,1282847.61631842,208677.291785732,4.0,62976.75068258323,11.050520900478444
1619.0,1282847.05823842,208469.293129519,3.0,49674.8124367476,10.81325329160509
1628.0,1266343.19690952,245486.935983419,4.0,231875.22626652164,12.353954688155852
1629.0,1266349.62110153,245746.938095689,4.0,356324.2091384274,12.783596295225722
1630.0,1272098.57579541,210779.675339878,3.0,85.17857142857143,4.444749893147238
1631.0,1273769.89067712,226613.1561241,4.0,914421.0818471868,13.726046446585404
1632.0,1273775.26962113,226843.562524334,3.0,14429.881395679786,9.577056432446527
1633.0,1277796.40197724,206326.987079322,3.0,128051.89245985803,11.760190870588028
1634.0,1277892.57503335,206328.075015321,3.0,41733.6558586435,10.63906317719242
1635.0,1272663.35685199,215817.215441033,3.0,353629.5892931419,12.776005286372303
1636.0,1273183.20389253,215804.58100903,4.0,348282.2471679922,12.760768485109608
1637.0,1272049.04376335,227163.49494065304,5.0,408260.67693092825,12.919661163414007
1638.0,1272220.80555554,227170.390620664,3.0,118047.3800528024,11.678841348729067
1639.0,1272817.16658016,244387.570094302,4.0,150642.05868827843,11.922661829516716
1640.0,1273081.11352442,244379.698670283,4.0,149070.87565867038,11.912177147391386
1641.0,1282442.71097401,226016.807259485,3.0,82913.75370967736,11.325556234596046
1642.0,1264933.49009207,247639.522545621,3.0,69564.04090320492,11.15000305912142
1643.0,1264523.45476365,247646.368689626,3.0,146786.7296607797,11.896735993670328
1647.0,1266649.21694183,258232.099132478,4.0,435459.1333092018,12.984156232316362
1648.0,1266663.01482984,258892.524349153,4.0,729183.3474524781,13.499680484790389
1649.0,1271677.80069098,250154.408308208,3.0,3154.372176009085,8.056544761832493
1650.0,1270987.97989027,252696.43896681105,3.0,16652.000237653887,9.720285622586658
1651.0,1271146.43595444,252946.071991056,3.0,1377.7218148775708,7.2281865551979445
1652.0,1282171.57337372,252050.04754214,3.0,43370.97071124036,10.67754561866887
1653.0,1282171.46150173,252324.33605442903,3.0,54308.79896304703,10.902441536312756
1654.0,1276593.88536802,230400.135775968,4.0,99397.76513497022,11.506884908840298
1656.0,1277229.63736866,244684.56817460095,3.0,46374.913125473606,10.74451392660283
1657.0,1277248.86636068,245338.345711276,4.0,62276.24104477654,11.039335268390689
1658.0,1282038.56409359,250555.251316607,4.0,143709.6127018294,11.875549964066606
1659.0,1282039.03788559,251217.522613287,4.0,91762.05410848786,11.426954137216253
1662.0,1283588.64403118,253170.509879291,4.0,144035.76192812543,11.877816894448289
1663.0,1283591.73388718,253828.750007957,4.0,399261.1693903362,12.897371041616651
1671.0,1269065.37617631,256849.347643062,3.0,411936.0555727388,12.928623411365596
1672.0,1269330.27755257,256841.936251044,3.0,429122.9734752005,12.969498808290819
1673.0,1275240.42840663,205866.347270846,3.0,15385.61713054371,9.641188399434187
1674.0,1275228.69451861,205386.790150359,4.0,95112.56978705028,11.462816414216146
1675.0,1263590.7588267,248996.239667013,4.0,325668.98289643973,12.693636754603084
1676.0,1263601.12164271,249662.176307693,4.0,263051.98706782085,12.480106961085262
1677.0,1266178.93143734,251273.617973343,4.0,175481.42119428227,12.075288454143424
1678.0,1266186.06302136,251611.141941696,4.0,201482.6334487229,12.213458470295922
1681.0,1278098.07071355,253278.899063393,3.0,139018.93432583465,11.842365421007448
1682.0,1278172.57970563,253710.297847837,3.0,874.3405852751197,6.773469985417267
1687.0,1274549.68606992,229234.567582786,4.0,980711.7554023952,13.796033868055176
1688.0,1274553.34584592,229660.716319218,4.0,718002.3937554631,13.484228181946062
1689.0,1266172.00990134,250939.070773005,4.0,250082.1296694291,12.429544661571654
1690.0,1280476.654524,226080.418011546,4.0,189515.77498596604,12.152227545348447
1691.0,1280492.39628401,226525.37910001,4.0,312174.3915258903,12.651317257837185
1692.0,1263228.07453834,243838.857581735,4.0,420433.77264682745,12.949042249313061
1693.0,1263232.24445833,244114.135598019,4.0,258060.82798443272,12.460950603496515
1694.0,1274807.69311018,213944.638159126,4.0,623322.4254073184,13.342819200662996
1697.0,1274476.73016585,244754.345262676,3.0,237139.7837429209,12.376405051073217
1698.0,1274495.01624587,245418.204527348,4.0,127398.0808366513,11.755071957930216
1704.0,1274071.12306143,277647.034704357,1.0,0.0,
1705.0,1274046.2067734,277930.805456638,3.0,48824.60145594255,10.795989593006855
1709.0,1275585.42904699,250287.026804343,3.0,51818.14030949861,10.855495565967278
1714.0,1276785.40664822,226122.781467587,4.0,850342.5370981339,13.653394532111259
1715.0,1277107.06578454,226114.679771587,3.0,780524.9664295181,13.567722006164038
1716.0,1276430.34667985,204525.698373482,3.0,80763.40181449242,11.299279194056886
1717.0,1274503.26392588,249745.468467787,4.0,140010.23949394902,11.849470838159391
1718.0,1274833.28587821,249736.719795778,4.0,110144.97921144388,11.60955276981572
1719.0,1273285.20594063,232870.71811451,4.0,53815.4814934104,10.893316464855443
1720.0,1269796.78219305,244485.556398392,4.0,58727.72381915685,10.980667191068022
1726.0,1295184.55949906,183340.483183786,1.0,0.0,
1727.0,1295740.51738763,183318.784047768,4.0,72002.40895451144,11.184454855140043
1729.0,1277558.832569,218526.827475816,3.0,47435.05138271298,10.767116715050022
1730.0,1277552.988089,218097.387091368,4.0,377406.9300100573,12.841079274254774
1731.0,1287085.55565076,206926.756871939,4.0,160190.2824732535,11.984117653057814
1734.0,1279452.86981894,248615.785074621,4.0,102972.68680463286,11.542219055392177
1738.0,1278750.72191422,260350.874750644,3.0,18543.010039069733,9.827848179721279
1739.0,1254709.2952656,253766.092343897,4.0,180817.65617720693,12.105244378019576
1740.0,1254449.02480134,253772.324599907,3.0,80156.14399881911,11.29173181135452
1746.0,1259605.93245462,246414.937072366,4.0,132726.01635534002,11.796042255025416
1749.0,1278196.63250566,255587.78655377,3.0,32873.73687362235,10.40042934664678
1750.0,1278722.5352902,255572.144505754,3.0,23060.187253815875,10.045862914076979
1753.0,1264481.26884361,245338.77943927,4.0,138619.67209447932,11.839489289969823
1754.0,1264489.34199563,245649.393967584,3.0,59276.46966352209,10.989967704612273
1757.0,1279855.58981936,252584.106486693,4.0,261389.64217265905,12.473767454952068
1758.0,1279855.27679536,253245.91749537,3.0,81938.94097223798,11.313729626587733
1759.0,1285666.71174531,203608.13325253097,3.0,68917.73114511353,11.140668769976852
1760.0,1285665.4938893,203525.598660454,3.0,709.7801753555005,6.564955309920265
1761.0,1283710.4817273,261386.923903704,3.0,112238.3782742988,11.628380265939766
1762.0,1283602.78771119,261747.619648069,4.0,357451.4931987787,12.78675494855032
1767.0,1278801.38981828,281150.104147941,3.0,44414.44445647197,10.701320021109634
1768.0,1278727.2895942,281261.864468053,1.0,0.0,
1769.0,1271770.98718707,280673.270483449,3.0,121186.90513608066,11.705089303348561
1770.0,1271772.85989107,281466.093332261,3.0,44783.61111111102,10.709597528060668
1780.0,1280474.20863599,225660.811291113,4.0,195919.8169702897,12.185460757419252
1783.0,1283810.9014394,203029.963459939,3.0,1240.7486245862926,7.123470205932818
1786.0,1276102.62616751,223640.579737052,4.0,698173.5788942033,13.456223031192861
1787.0,1276402.13247181,223634.331417039,4.0,890243.703951026,13.699250528889266
1788.0,1270360.59435363,243620.905581504,4.0,141644.0543968094,11.86107253047593
1789.0,1270666.18923394,243608.576877505,4.0,113134.77326682524,11.63633507078942
1798.0,1266060.96580523,248727.567602739,3.0,458223.4695636939,13.035112268911275
1799.0,1266067.59313324,248987.491955012,4.0,169306.24565182434,12.0394644584734
1800.0,1266859.49406205,251837.747765929,4.0,369699.7483291973,12.82044646418118
1801.0,1285796.61075343,250477.460788533,4.0,515319.8447354851,13.152543044608134
1806.0,1262013.51952909,261006.523071319,4.0,72901.76895307329,11.196868183176605
1807.0,1261745.13783281,261011.243839324,4.0,234201.4111214583,12.36393675541137
1810.0,1270801.73912208,284682.280471563,4.0,334156.16284105583,12.719363716106132
1811.0,1271124.22213042,284676.692567557,4.0,407690.4755472245,12.918263527109946
1818.0,1276921.97919235,265484.094787896,3.0,72755.07065832605,11.194853882375627
1821.0,1279334.91301882,231474.695649073,3.0,544675.7504813339,13.20794594334521
1822.0,1279620.93637912,231465.619873062,4.0,916337.0627378316,13.728139548392233
1823.0,1283325.18815891,254477.711992621,4.0,19148.781577027738,9.859994367364138
1824.0,1283563.10604715,254465.992824614,3.0,429308.6627400237,12.969931432765234
1826.0,1261533.69898459,251662.087989748,3.0,164886.17531253202,12.013010668238357
1827.0,1261418.04727247,251664.973493755,3.0,259091.8932510877,12.464938077952219
1829.0,1281046.94111657,206435.142023429,3.0,40306.49537104551,10.604267910407591
1832.0,1278026.86380148,227484.755484983,3.0,27838.983688083656,10.23419260832525
1833.0,1278341.1765058,227475.324060977,4.0,49567.63776657391,10.81109343538191
1837.0,1272204.33835553,231596.764641196,4.0,294553.6274734702,12.593216362180298
1838.0,1272328.42277165,208278.542857319,3.0,50124.20842522611,10.822259372468736
1839.0,1272609.58622794,208273.575689316,3.0,97818.98126397825,11.49087391964511
1840.0,1277216.24466465,212518.088525668,4.0,89298.5802446433,11.399740868022004
1841.0,1277295.74520874,212091.082189217,3.0,27808.34754943039,10.23309152616849
1844.0,1279680.44517918,216316.825681552,4.0,347409.9637371908,12.758260813256353
1845.0,1279673.24767517,216056.114257291,4.0,74917.77000073028,11.224146391042028
1849.0,1284579.13414419,255199.332601368,1.0,0.0,
1850.0,1284536.31929615,255606.692025781,3.0,140413.43985786746,11.852346491475842
1853.0,1278772.23794624,276428.252047107,3.0,139649.71695368385,11.8468925445448
1854.0,1278761.91775423,277092.115215778,3.0,36251.23092890847,10.49822861636585
1857.0,1272765.5055881,225307.880218759,4.0,67019.6971026127,11.112741841773667
1858.0,1273042.49976438,225471.772634923,4.0,63369.52320688253,11.056738318332851
1859.0,1285314.39942494,196767.898941532,4.0,43808.28456648975,10.687578223832457
1860.0,1285517.54598515,196768.257533535,3.0,119200.4084914324,11.688561460549062
1863.0,1266840.66571003,250920.823732987,4.0,327219.83113193227,12.698387490468027
1864.0,1271739.78552304,208576.301129624,3.0,188100.04356195804,12.144729246878452
1865.0,1272354.34526767,208569.559049621,4.0,75942.25017986933,11.237728464369576
1867.0,1272526.39320385,243476.00401336,3.0,59536.159134661146,10.994339123497726
1868.0,1272539.81310786,243935.345901832,4.0,121199.46487441265,11.705192937379985
1869.0,1272704.41874003,221208.774550557,4.0,127964.289345023,11.759506514484938
1870.0,1272697.66648403,220902.854230255,4.0,174387.33014182607,12.069034139548657
1873.0,1257843.42909281,256224.224570423,3.0,47049.59676529099,10.758957574632294
1874.0,1258139.43901312,256769.210682973,3.0,10555.35511457847,9.264388603920965
1880.0,1275838.29829524,226573.948252052,4.0,221495.70364129503,12.308158471625914
1881.0,1275848.92722325,227071.635228559,4.0,327190.46260942094,12.698297734781688
1882.0,1274526.74315789,251641.370229721,4.0,18282.70421184672,9.813710766881533
1883.0,1274528.4761499,251893.392693982,4.0,30622.280777276337,10.3294831529588
1886.0,1283227.46463881,242561.13866843295,3.0,294519.5124924625,12.593100536220053
1887.0,1283226.81503882,242685.868076548,3.0,706841.3502541762,13.468561521188652
1888.0,1278956.18937044,201379.394306257,4.0,77342.00619976585,11.255992504826997
1889.0,1278950.16185042,201029.721409902,3.0,7803.368041717496,8.962310719698987
1892.0,1283922.56102352,198576.083967388,4.0,710046.6903581902,13.473086007923207
1896.0,1275057.22079045,279458.440210208,4.0,567159.3860617738,13.248395647372902
1897.0,1275386.10827878,279336.586130083,3.0,389344.9442762555,12.872220975884883
1898.0,1278073.79711354,280589.996371374,1.0,0.0,
1899.0,1283351.42502293,276311.303502992,4.0,181233.84565910653,12.107543441346806
1900.0,1284147.89977574,277399.268816099,3.0,179727.24596417154,12.099195680444856
1901.0,1281458.545597,271986.316746563,3.0,1090085.6650098166,13.901766842869282
1904.0,1281631.53964518,212200.855885342,3.0,104603.08576703274,11.557928330818672
1910.0,1274826.67858221,215457.86446467,4.0,84997.03034170857,11.350371597705767
1911.0,1261870.14743294,262145.546048477,3.0,75914.85478769078,11.237367659486832
1912.0,1286638.7993623,204821.359493777,1.0,0.0,
1913.0,1286906.47469057,204814.936645776,3.0,84777.99999999997,11.347791354158918
1915.0,1272460.48913978,235841.262373552,4.0,38050.28755010778,10.546663920425738
1918.0,1268258.42174348,245965.252271906,4.0,187959.25089160696,12.143980467741727
1919.0,1268666.05278389,245957.2299999,4.0,146851.20589866315,11.897175148364674
1920.0,1271485.71416278,249040.533875063,4.0,51270.6687717203,10.844874108806586
1921.0,1284952.09702457,201532.732866406,3.0,51222.46753978424,10.84393353391105
1922.0,1285090.57049672,201530.806082413,1.0,0.0,
1923.0,1279530.18169102,256002.785018191,3.0,43098.60231925087,10.671245846778332
1924.0,1280213.81778772,255983.628602177,4.0,61799.15832770459,11.031645024060232
1925.0,1268019.22372724,244249.361710161,3.0,8920.687351591298,9.096128279958574
1926.0,1268023.04164724,244389.309230298,3.0,34231.82777580312,10.440911126996216
1927.0,1274153.51954152,223984.734233409,4.0,50601.029593922656,10.831727202774527
1928.0,1274158.84888552,224291.51548171,4.0,70347.80816493726,11.161206905908449
1931.0,1276464.47813588,214593.630991787,4.0,195235.4882921134,12.181961741211815
1932.0,1276458.30655187,214271.741199464,4.0,306260.1435923647,12.632190162226806
1935.0,1275794.3223592,277202.143567905,1.0,0.0,
1936.0,1275886.26834328,277199.2662559,3.0,50496.86689096103,10.829666571575633
1937.0,1286775.59040244,206930.195527941,4.0,220530.2101031157,12.303789971754766
1939.0,1276444.82136786,250662.147124723,4.0,296918.5639867916,12.601213184855755
1940.0,1276708.81592813,250661.072948724,4.0,266019.9100933259,12.491326434937626
1941.0,1267358.50916655,245194.847023129,4.0,515996.6652407683,13.153855581731127
1942.0,1267665.62078287,245187.42641511603,7.0,1057135.9107664009,13.871073838200848
1951.0,1282815.03071839,248204.545394212,3.0,296304.2628822523,12.599142120505928
1952.0,1283476.35551906,248191.914802194,4.0,559110.2367039499,13.234101936101194
1953.0,1273089.34418042,249545.254963577,4.0,942392.825083788,13.756177478399488
1954.0,1273339.01099668,249537.546355575,4.0,1034295.3021750408,13.84923088532236
1958.0,1278727.2675782,217530.109714791,4.0,43692.72193955384,10.684936821207723
1959.0,1278971.78482646,217523.122514784,4.0,268174.45290424145,12.4993929913936
1962.0,1274514.62872589,225754.06012322,4.0,175797.877572054,12.077090191191358
1963.0,1274522.9961499,226180.176027656,4.0,392971.5008970689,12.881492371420576
1974.0,1279368.68562686,280011.547026768,4.0,314709.10821603856,12.659404025169541
1975.0,1279226.95493871,280379.581075147,3.0,115847.1405066501,11.660026846833846
1980.0,1277336.08005677,207023.463048041,4.0,213226.04257196496,12.27010811471441
1981.0,1277651.64440911,207093.128264099,4.0,195314.7804620727,12.182367794810506
1982.0,1281766.75103731,253871.344440013,4.0,91823.74902546806,11.427626247131611
1983.0,1282026.33055758,253865.239800006,4.0,36990.56757539377,10.518418228731322
1985.0,1281050.16057257,268409.370758891,3.0,237774.025693783,12.37907602974481
1986.0,1281371.4735969,268399.148998886,4.0,458859.08663050144,13.03649844110328
1989.0,1281556.38694109,195941.521596685,4.0,443007.9473864981,13.001342988790729
1990.0,1278629.37081011,223885.560537308,4.0,378236.0770810886,12.843273822198757
1991.0,1278644.00165811,224561.320666,3.0,337091.1760133,12.728108724710165
1992.0,1257402.91261236,256421.680826619,3.0,221315.3408908267,12.307343845330253
1993.0,1257407.73546037,256636.626298845,1.0,0.0,
1994.0,1279419.14053892,230591.61635217103,3.0,106039.0988940224,11.571563162573781
1995.0,1279328.42911482,231186.489824772,4.0,347184.87479755323,12.757612697448318
1998.0,1253995.40336087,252050.839862138,4.0,49314.71131923838,10.805977719558497
1999.0,1278284.62380175,263871.195458248,4.0,157980.92015393268,11.970229546197793
2000.0,1278287.66149776,264532.326402918,4.0,160268.3328673436,11.984604769907836
2001.0,1280324.18796383,249923.455667958,3.0,20830.79520310396,9.944187709383465
2002.0,1280324.47404383,250586.323764637,4.0,547156.4071404841,13.212489976803585
2004.0,1276200.10335161,228354.493853882,4.0,141130.01775709633,11.857436856228894
2005.0,1276211.10693562,228780.410654321,4.0,100486.7078062106,11.517780737099338
2011.0,1266886.02718207,286591.97845751,1.0,0.0,
2012.0,1269240.54443249,227740.773981243,4.0,86077.84161526327,11.363007300909121
2013.0,1269384.19179264,227898.66012540503,4.0,12897.272128678056,9.46477110509516
2014.0,1279600.5365071,226529.11695601,4.0,341914.1880693939,12.742315072483244
2015.0,1279920.43186742,226545.466972023,4.0,657412.7837214374,13.396067385903073
2020.0,1267604.67793481,256359.218682557,4.0,78400.49852919423,11.269585565109026
2021.0,1268264.53751948,256343.313530535,3.0,120410.72019414789,11.69866384605057
2029.0,1275177.93509457,253490.023991615,4.0,652597.7379019005,13.38871619684957
2031.0,1281875.71634942,221916.375831291,4.0,186235.40986891065,12.134766796899054
2032.0,1282049.3793896,221911.698391274,1.0,0.0,
2033.0,1273013.40306035,218739.330708027,3.0,42414.0,10.65523377539901
2034.0,1273175.93618052,218735.244436026,1.0,0.0,
2037.0,1273537.47218089,253800.537143931,3.0,8967.44033063818,9.10135555542703
2038.0,1274202.35211757,253782.566711918,4.0,39418.64140463413,10.58199411549164
2039.0,1287359.46585904,206923.716871932,3.0,265324.17385424074,12.488707654912712
2044.0,1278797.31929027,237523.467367262,4.0,164012.6810325676,12.007699027186353
2047.0,1277956.72421741,264543.198082939,4.0,143016.1747718776,11.870713013138408
2048.0,1277959.33279341,265204.481539607,3.0,43384.15532117733,10.67784956866333
2052.0,1276443.34501587,218479.572691768,1.0,0.0,
2053.0,1276438.21739985,218127.247955412,4.0,137689.38032554966,11.832755559923894
2054.0,1273742.6935571,272193.261194766,3.0,182574.3850373925,12.114912958208736
2058.0,1264972.89975612,246572.673968539,4.0,219476.9444658032,12.299002469378369
2059.0,1265147.84394829,246568.212016523,3.0,162565.0170705565,11.998833305780826
2065.0,1278008.50098546,269942.619336471,3.0,73257.3811193595,11.201734287937349
2066.0,1278121.44959357,270166.80660069,3.0,65303.15722289887,11.086795663604128
2067.0,1280895.45650843,263123.273409486,3.0,49126.050748566864,10.80214473822662
2070.0,1264926.93758006,247359.369905338,3.0,18510.66650087162,9.826102412529853
2071.0,1265166.64906831,247353.14385733,3.0,65875.96886602443,11.095528993379142
2074.0,1273860.65298122,253030.03013514,3.0,69720.18821306423,11.152245199186599
2075.0,1263243.09713034,244788.092590705,3.0,48339.8972287518,10.78601252824677
2076.0,1262711.84656981,244799.726382717,3.0,15698.36699490631,9.661311972863373
2077.0,1279976.89925948,201359.60493023705,3.0,1945.6029399955728,7.573327202870404
2080.0,1279493.97964299,221578.361750945,4.0,207039.6364832488,12.240665534512841
2081.0,1279475.30873096,221093.410966441,4.0,513071.1052723344,13.14816972131656
2082.0,1282937.81036651,201742.896194622,3.0,9386.86861413115,9.14706703566198
2083.0,1282936.4081265,201486.530562371,3.0,20551.451384139888,9.930686844395858
2096.0,1284502.97881612,248636.654130653,4.0,217605.81998080376,12.290440539841562
2097.0,1284145.76691175,248893.250354916,3.0,249601.1516885031,12.427619529603396
2098.0,1277004.93112844,246565.733680531,4.0,96147.6462990992,11.473640271248751
2099.0,1277284.74847272,246557.535216525,4.0,83489.46812964091,11.332475772699926
2100.0,1279907.46405941,265129.761219531,4.0,113414.07321334272,11.63880076498615
2101.0,1280305.82220381,265111.073219523,4.0,192091.3705033198,12.165726425849241
2109.0,1274832.52607021,225319.881498769,4.0,576055.3090345638,13.263958957697602
2110.0,1274842.70712622,225745.798619211,4.0,155930.6754044906,11.95716679902912
2111.0,1264653.57329179,258941.959613204,4.0,41226.19599873244,10.626829158498362
2112.0,1264662.0929718,259604.335933879,3.0,35231.641280619835,10.469699857835124
2124.0,1282238.81177379,225200.412250653,3.0,21594.236374200427,9.980181723537832
2125.0,1282252.57945381,225584.054555044,3.0,22109.22576260321,10.003750255717026
2127.0,1268777.81144001,245434.910831362,4.0,488319.9915825859,13.098726190400678
2128.0,1269011.62955225,245430.441007361,4.0,151676.38052538544,11.929504454634152
2129.0,1281319.66630085,212685.576397836,3.0,187264.5671457036,12.140277693524226
2130.0,1281429.44754897,212593.27015774,4.0,144763.69572574156,11.882858007372114
2133.0,1283245.76639883,199927.153088763,3.0,637369.5966223897,13.365104980772811
2134.0,1283582.03481518,199921.767616764,4.0,598510.9704466186,13.302200133714628
2135.0,1285249.50195287,208661.264905706,4.0,106490.203135272,11.575808270560168
2136.0,1285559.12332919,208657.125129715,4.0,75293.77943965643,11.229152800012432
2139.0,1286208.79430586,196460.104253218,3.0,42390.000000000015,10.654667764346684
2140.0,1286412.84704207,196225.423932984,3.0,379451.1706984302,12.846481200078136
2141.0,1280579.1838681,247268.957361251,3.0,166913.437392539,12.025230618047978
2142.0,1280592.55193211,247928.748337924,4.0,156652.8316890596,11.961787372751013
2143.0,1285023.55910465,205448.40909442297,3.0,4542.078123009517,8.42113992265178
2144.0,1285452.67110509,205437.222790405,3.0,251296.82233133996,12.434390078530685
2145.0,1280831.89100435,263912.109442294,3.0,154976.46114677732,11.951028520799765
2147.0,1279193.00946668,248620.809330627,4.0,170001.5662259637,12.043562929083862
2148.0,1261026.42666407,252361.49080646,4.0,168703.70762396808,12.035899245909437
2149.0,1260766.45904781,252365.710646465,4.0,147551.89239841458,11.901935205760982
2152.0,1279684.63250718,269116.439879611,4.0,853146.8015855071,13.656686912000962
2153.0,1272434.49144375,210776.721611872,4.0,99761.83164720058,11.510540940722661
2154.0,1272432.15909176,210456.680267558,4.0,84192.6965479355,11.340863457132661
2156.0,1284381.36127999,210822.68807593,3.0,309.9998877536604,5.73657193539416
2157.0,1284344.16121595,210477.921675578,3.0,10202.411062476604,9.230379350013502
2158.0,1271577.55915488,256112.460346296,3.0,46483.78646620853,10.746858852627035
2159.0,1271578.29534689,256172.89657037,3.0,81809.57719001731,11.312149596300003
2162.0,1279661.84313115,219854.39406918,4.0,388692.0934022663,12.870542775502138
2163.0,1280171.46943568,223810.10268122,4.0,317310.705918388,12.667636717684049
2164.0,1280182.7811157,224170.02357760104,3.0,62231.07934911724,11.038609821927027
2168.0,1273418.93765277,278947.401873678,3.0,236728.32790919807,12.374668466876017
2169.0,1273749.65387711,278936.409745678,4.0,255663.930086956,12.451619087922392
2181.0,1281177.71743672,250571.040308625,4.0,140275.8667854392,11.851366239786959
2182.0,1281511.28633305,250564.991476625,4.0,334923.3630442732,12.721657017604015
2183.0,1279124.9724746,208036.921673074,1.0,0.0,
2184.0,1279536.31385103,208013.054217055,3.0,189774.73098007072,12.153593021310895
2185.0,1264517.56669965,252425.28331852,3.0,8527.861882009312,9.051093950450047
2186.0,1264260.12721139,252429.462134525,4.0,766427.6872798711,13.549495631395262
2191.0,1282420.66962998,211872.043917,3.0,8901.984121926047,9.094029465921777
2192.0,1282448.63711801,211539.99335666,3.0,5511.189125243383,8.614535691066738
2193.0,1277040.29919247,270532.854089066,4.0,1070714.180680145,13.883836442366254
2198.0,1271635.98187494,205983.448390976,3.0,18746.977351006663,9.838787810456848
2199.0,1271633.26865894,205706.79245469,4.0,59764.27146114166,10.99816329417908
2202.0,1271828.99333113,227522.071965024,5.0,590877.7430161401,13.289364410379902
2203.0,1271612.31659491,227887.78153340504,3.0,64568.74277434574,11.075485714691382
2204.0,1277717.35295317,234969.240164652,3.0,7827.995863578631,8.965461800102265
2205.0,1277778.84792922,235094.321956784,3.0,76772.39522521301,11.248600417351035
2210.0,1285268.9851529,253615.900343746,4.0,37133.6603916252,10.522279125442353
2211.0,1285548.13849719,253616.470583752,4.0,37485.57522185877,10.531711477207146
2220.0,1293083.7710169,182272.900334686,3.0,369667.328403934,12.820358767754588
2221.0,1275892.11083929,277862.232144579,4.0,565244.6340181159,13.245013896982579
2222.0,1275892.9238313,278413.173969135,1.0,0.0,
2225.0,1274150.00773351,214282.951503471,3.0,96298.76966644695,11.475210821655246
2226.0,1274486.24325386,214274.976783454,4.0,159016.4585848486,11.97676298895751
2235.0,1277772.29804122,217336.707858592,4.0,149915.7921764196,11.917829029952022
2236.0,1278094.29247355,217328.419154584,4.0,237554.92501155185,12.378154138926154
2240.0,1277032.59154446,235903.219621614,3.0,61671.49885368454,11.029577172111864
2241.0,1277170.40850461,236093.927525803,3.0,59261.53653709628,10.989715749530802
2242.0,1286173.06668982,208220.565321267,3.0,665.8125162009143,6.501008123703963
2243.0,1286175.69331382,207792.38343282,4.0,84148.92929300998,11.340343475747273
2244.0,1267935.01982315,241749.868331596,4.0,431763.0915717351,12.975632317660938
2245.0,1267941.85771115,242000.12471585,4.0,269797.715646398,12.50542775587932
2246.0,1285650.07788929,202502.330051407,3.0,348059.20198350254,12.760127864929984
2247.0,1285634.48608127,201849.391682744,4.0,904111.1350785344,13.714707568851953
2248.0,1275746.92184715,222978.108312368,4.0,357911.1680940778,12.788040100777124
2249.0,1275754.73515916,223341.362520739,3.0,48716.91491747031,10.79378157766679
2256.0,1295874.09716375,183052.207215488,1.0,0.0,
2261.0,1277050.67090449,272189.649994761,4.0,80648.80646001903,11.297859284436026
2262.0,1277717.19775316,272165.800906748,3.0,31851.21660482749,10.368830858224554
2264.0,1279923.52505143,216050.001105279,4.0,83239.6652127436,11.32947925854782
2266.0,1285673.75532931,204077.40493302,4.0,523472.7801046828,13.168240311961297
2268.0,1289398.57037313,247627.686001614,3.0,57085.68094478548,10.952308592650747
2269.0,1289910.00147766,248392.872754395,3.0,517.2859076035547,6.2485957344260505
2270.0,1281244.87737277,253217.995639339,4.0,89987.44455633374,11.40742543465106
2271.0,1281508.96479705,253213.008439332,4.0,107550.4935664122,11.585715723866306
2272.0,1280709.66226824,215323.429072529,4.0,54743.5936802559,10.910415630426211
2273.0,1280974.6144605,215318.307664528,3.0,98980.06260088742,11.502673720965642
2277.0,1280349.63346787,205296.267014265,4.0,516150.7856294751,13.15415422198785
2278.0,1280343.22892386,204947.482949913,4.0,361649.15408240806,12.798429833224251
2279.0,1270303.23326558,206931.616775945,4.0,69695.69318994998,11.151893804164457
2280.0,1270290.26251356,206290.107527286,4.0,110934.41082972546,11.616694412222252
2283.0,1278991.88421847,236130.958629847,4.0,62705.85556403037,11.046210112436343
2284.0,1279009.32933849,236719.115238443,3.0,6599.607066881536,8.79476539092124
2285.0,1279010.87071449,204036.587780982,4.0,536360.8124581714,13.192562371155224
2286.0,1279000.72473048,203530.64525245095,3.0,66853.4433964901,11.110258090500317
2287.0,1265415.25290857,247308.578673288,4.0,14696.16666349358,9.595341967569196
2288.0,1265420.87722857,247531.565105513,3.0,20316.70216591017,9.919198593536427
2290.0,1270283.21752155,206020.89907901,4.0,34471.85400191924,10.44789844402096
2291.0,1270275.98558554,205744.589638725,4.0,56770.54224455985,10.94677284772317
2295.0,1291248.44103102,186111.70699462303,3.0,229023.33270483487,12.341579166886754
2296.0,1290991.35917476,185491.40145798,3.0,229023.33270483487,12.341579166886754
2299.0,1274821.89189421,214894.9637281,4.0,145518.37415022185,11.888057640440074
2304.0,1263053.73495415,260978.846591279,3.0,431673.6203451282,12.975425073225551
2305.0,1276732.28012016,223921.946969345,4.0,645507.9287470108,13.377792772302632
2306.0,1277054.09573649,223919.738649338,4.0,149686.27770152548,11.916296900885726
2309.0,1274707.96299808,239501.094953299,4.0,171332.5712835369,12.051361807997843
2310.0,1274875.92754225,239497.629097283,3.0,84778.0,11.347791354158918
2311.0,1282516.94835009,212649.310413793,4.0,9774.553905714289,9.18753774756814
2312.0,1264534.69559567,245782.968175724,3.0,235868.36177610536,12.371029139301244
2313.0,1264052.36881118,245801.614831746,4.0,359394.2159529986,12.792175159582166
2314.0,1260308.13872734,248534.578162536,4.0,215081.5247808732,12.278772420264643
2315.0,1259650.41827866,248548.645426556,4.0,243275.34681490925,12.401949195297679
2317.0,1286314.61068997,201833.514754727,4.0,1022674.749089182,13.837932056051413
2319.0,1277955.69004141,234431.332132101,4.0,38826.568456780464,10.56686004531502
2320.0,1265313.37284446,258925.254909188,4.0,20241.71724398697,9.91550096387285
2321.0,1265643.27377281,258916.903229177,3.0,12896.980610732771,9.464748501769664
2326.0,1294519.13722637,186529.407603055,4.0,28208.857455703463,10.247391301782837
2327.0,1294510.56999436,186262.808370769,4.0,41590.25925309715,10.635621266261582
2334.0,1278903.00409038,234075.955171734,3.0,49222.58681944852,10.804107878830747
2335.0,1279018.38444249,234049.88605171404,3.0,298344.0212855577,12.606002533485345
2336.0,1273207.74187654,253849.20504798004,3.0,128971.32752097106,11.767345391359482
2337.0,1273200.83870853,254082.10546422,4.0,542671.8743649428,13.204260133326061
2339.0,1276699.23423213,249621.253491655,5.0,231945.11142904684,12.354256033989031
2340.0,1268037.22366326,244909.214062825,4.0,105083.43352607352,11.562509918618462
2341.0,1268229.68753545,244905.496878833,4.0,59962.55797107324,11.001475612598648
2344.0,1272904.00069223,256404.555258602,4.0,47676.5695655504,10.772195352119677
2345.0,1272907.90098023,256737.147386938,3.0,31999.169567450364,10.373465230427954
2346.0,1263833.54410695,247924.837937921,4.0,547914.5851136395,13.213874687200745
2347.0,1263845.10410696,248456.027506456,4.0,569907.5108960582,13.253229365059035
2348.0,1281166.6508127,212690.378253832,4.0,316696.8763454626,12.66570036934409
2349.0,1276904.70264833,256621.686330825,4.0,619482.8630175496,13.336640317065893
2350.0,1277559.274169,256601.969530806,4.0,721669.6205422785,13.48932272387242
2353.0,1290743.22093451,189838.26219843296,3.0,522940.7892003938,13.16722352287192
2355.0,1270227.0148975,227068.099484563,4.0,874921.3005611813,13.681889219078915
2356.0,1274821.8573982,224874.585818321,3.0,4439.985076676827,8.3984062943118
2357.0,1274826.9774622,225089.553882539,3.0,2666.826168107461,7.888644343245432
2360.0,1268003.81854323,243684.522285581,3.0,33784.650672643715,10.427761856215303
2361.0,1268261.50110349,243677.766701564,4.0,425286.1244717432,12.960517455437332
2369.0,1271509.46315481,242253.979500115,4.0,25901.56609407165,10.16205871281215
2370.0,1271522.92408282,242718.401516587,4.0,52140.04191701972,10.86168849141927
2375.0,1267042.23550223,244931.246510848,4.0,95252.7467909214,11.46428913027311
2376.0,1267277.00113447,244927.220590845,3.0,5552.6745314312975,8.622034988220332
2380.0,1270246.60804951,204628.042629585,4.0,114339.70521636332,11.646929166682432
2381.0,1270606.69528188,204617.660741568,4.0,129956.0484777406,11.774951583640108
2382.0,1278190.14104965,218065.474131346,4.0,399930.43897049234,12.899045908393544
2383.0,1278468.68312994,218051.523667321,4.0,112983.84077655022,11.635000085491289
2384.0,1272084.8084354,227986.983453497,4.0,133317.62251150486,11.800489699315658
2385.0,1272237.12209955,227982.790237501,4.0,165482.47081873548,12.016620551686596
2386.0,1284103.9507197,245224.879407153,4.0,79295.54417877414,11.280937216621481
2387.0,1284111.52582371,245882.603503823,4.0,50695.38277221728,10.833590115850676
2390.0,1264949.78398009,256297.929466486,4.0,406804.40303415374,12.916087766682416
2391.0,1277997.19224945,267845.485126317,3.0,186537.11256728004,12.13638549326795
2392.0,1278009.03704946,268505.852230996,3.0,10310.62531027627,9.240930226023055
2393.0,1266966.95518216,258885.258621141,4.0,167437.22361451865,12.028363775607103
2394.0,1266970.87639816,259215.52697348603,3.0,11057.954343142304,9.310905298036245
2395.0,1279765.72319527,201990.841858879,4.0,140136.03408535713,11.850368901862009
2396.0,1279760.68089126,201363.459586233,4.0,39631.43476264663,10.587377889481862
2397.0,1272862.0335882,239064.40784885,4.0,118978.80290346246,11.686700629365532
2398.0,1273148.10718849,239558.556137353,4.0,84778.0,11.347791354158918
2399.0,1273039.87966837,221813.514519185,4.0,146505.49825653917,11.894818237496358
2400.0,1273033.12939636,221507.620118871,4.0,135271.69211610293,11.815040569180006
2401.0,1283033.39052661,275195.015053838,1.0,0.0,
2402.0,1283312.73875089,275150.536781803,3.0,102816.99037998143,11.540705894416476
2403.0,1283069.60959865,254484.056120634,3.0,32380.575624865927,10.385314004246743
2404.0,1283068.47705464,255126.034489289,3.0,57320.19899816454,10.956408353641674
2405.0,1277355.05938479,262580.541888922,4.0,293431.7337732789,12.589400297578749
2406.0,1277814.75500126,262565.287360907,4.0,373231.48569030105,12.829954111198097
2409.0,1273023.10808437,251248.747637317,5.0,175189.6608256097,12.073624442190605
2410.0,1273299.14718865,251312.543093383,3.0,44886.41779516141,10.711890528974118
2411.0,1286417.22630608,197203.771389976,4.0,328374.6513766552,12.701910465325017
2412.0,1286845.36096251,197196.865277976,1.0,0.0,
2413.0,1274294.02219766,205947.172550932,4.0,198427.717910192,12.198180171283395
2414.0,1274680.78123805,205881.890886873,3.0,25307.05093046409,10.138838328791676
2415.0,1275826.61656722,237065.023014799,5.0,299799.911868189,12.610870570681909
2416.0,1276228.27551164,237054.965350792,4.0,575180.782669451,13.26243967500723
2422.0,1266265.93854144,255598.158905774,4.0,212574.642775336,12.267048465788443
2429.0,1276745.69215217,247351.25150533,4.0,89407.50626959669,11.400959920384098
2430.0,1277027.88876046,247343.600561321,3.0,44956.9676148794,10.7134610360047
2446.0,1277146.78783259,217561.984274819,4.0,833246.0445946009,13.633084249197545
2447.0,1279313.7322828,281316.157012105,3.0,55713.30394989469,10.92797424748311
2450.0,1273076.87538041,274811.740173444,4.0,63187.92377835045,11.053868482420464
2451.0,1273076.67192441,275143.029261783,4.0,55846.86363229335,10.930368645933793
2456.0,1284231.74214384,198572.046847388,3.0,95231.80987166717,11.464069302275448
2457.0,1284228.84025583,198379.94918318104,3.0,43285.8599177911,10.675581299867952
2460.0,1283653.40966325,195741.510204479,3.0,44966.187637428506,10.713666100485712
2461.0,1284026.61100763,195735.403260469,1.0,0.0,
2464.0,1277744.0635452,220349.513493687,3.0,29837.320778780155,10.303515264052763
2465.0,1277733.07205719,219793.734101117,3.0,38501.71710014577,10.558458119285111
2467.0,1279310.4147148,266484.45171693,4.0,510290.90641128656,13.14273624680958
2468.0,1279319.74706681,267145.1033016,3.0,414228.06565814855,12.93417198435923
2469.0,1274207.08011757,254314.130296454,4.0,89201.89737034595,11.398657589309881
2470.0,1283249.36646283,269897.74772042,3.0,44662.12723587415,10.706881156052763
2471.0,1283554.25465514,269961.858824492,3.0,56294.54118530373,10.938352850018456
2473.0,1276881.10431232,261261.414271578,4.0,245918.3008198751,12.412754649265286
2475.0,1279084.29445857,207145.41984815904,3.0,116172.06510547816,11.662827690931065
2476.0,1279072.40242656,206703.722247705,4.0,98620.78794530056,11.499037349457216
2477.0,1280622.83564414,212232.583181366,3.0,46686.949787853264,10.751219956806603
2478.0,1280887.64748441,212224.253517359,3.0,28246.55145225884,10.248726656636721
2480.0,1264770.90577191,245333.813615263,4.0,64103.296218083975,11.068251064645674
2481.0,1281521.14521307,225146.939290598,4.0,68355.0344930676,11.132470496982563
2484.0,1264327.65597945,244554.932270467,4.0,367308.6487160224,12.813957778266237
2485.0,1264028.72151515,244560.124846473,3.0,39718.529584283126,10.589573097944239
2491.0,1286500.56633817,202932.475843847,3.0,43475.47971531056,10.67995237344132
2492.0,1278247.7954497,259562.800893828,3.0,43130.01803567938,10.67197450781197
2494.0,1274397.98264576,239507.567721292,3.0,12322.91520651642,9.419215833002044
2499.0,1282396.60473396,226898.972188383,3.0,9730.729482799785,9.18304414490827
2513.0,1271744.64869104,221535.4966629,3.0,229649.83812654996,12.344310984883453
2514.0,1272067.31729938,221528.671254888,4.0,109177.24602980672,11.600727950890548
2515.0,1270704.83480199,223732.754777148,4.0,466014.0633051005,13.051971091418723
2516.0,1254594.64227349,252828.935734943,3.0,98314.085918208,11.49592259106997
2517.0,1254344.98403323,252835.484278947,3.0,60541.68245383791,11.011087372969829
2518.0,1283494.83974308,250527.997748584,4.0,241695.59413520808,12.395434337875072
2519.0,1283825.34239942,250521.827828571,4.0,254957.9088936345,12.448853747353922
2520.0,1268215.47467144,244385.4582223,4.0,220580.82251785384,12.304019448740002
2521.0,1268222.57732745,244645.338926554,4.0,178189.49549556462,12.090602844445016
2522.0,1262326.1891614,257015.04940322,4.0,514484.0329477455,13.150919799659505
2523.0,1261994.33418506,257021.080251232,3.0,285898.2049781777,12.563391099795338
2532.0,1269672.54225692,226740.200220227,5.0,717860.1095456755,13.484029995546004
2533.0,1269949.79403321,226904.232988387,4.0,894417.4217507684,13.703927859894929
2536.0,1281472.86610901,229324.381726876,3.0,64237.5753697261,11.070343604597731
2537.0,1281691.74623723,229599.405087158,4.0,281356.503197936,12.54737783885744
2538.0,1288011.68736371,190166.159158766,3.0,27118.78189028413,10.207981825495603
2539.0,1288005.1831077,189912.302390516,3.0,10834.760581827692,9.290514816986839
2541.0,1280844.38047637,228260.729949787,4.0,632419.5376682834,13.357308278318856
2542.0,1280859.56780438,228695.674270228,4.0,827123.9000386881,13.625709781452437
2543.0,1287544.16269124,247673.029681668,3.0,1489.5788626426695,7.306248716466881
2545.0,1280900.75078042,212698.723341852,4.0,355823.23941264825,12.782189368024241
2547.0,1284358.87673597,245219.182895154,4.0,61275.31872647595,11.02313240995726
2552.0,1280145.59839565,222882.077976272,4.0,386709.4640416232,12.865428951155808
2553.0,1280133.81695564,222594.998807982,4.0,312576.9535376584,12.65260596916422
2554.0,1275938.43525535,261294.120575607,4.0,257509.19997124487,12.458810726491366
2555.0,1280263.67596377,264451.125122845,4.0,405169.717493364,12.912061313848596
2556.0,1280559.38502008,264437.609026834,3.0,183634.7604100504,12.120704066100586
2557.0,1263634.89028275,256189.897530377,4.0,104883.80350928272,11.560608383124048
2558.0,1263638.97725876,256458.298554659,4.0,58617.061339471096,10.978781082327151
2566.0,1264951.8600761,249578.911731616,4.0,109265.15744344491,11.601532844235306
2567.0,1265206.74474835,249580.480307609,4.0,174001.77590652462,12.066820784503918
2568.0,1280367.78757988,218421.349395707,4.0,433421.4710193318,12.979465907741762
2570.0,1280306.18207581,228701.303518236,4.0,135756.49051304563,11.818618048904009
2571.0,1280321.73189983,229167.058206707,4.0,135323.51450293956,11.815423594349724
2574.0,1278933.66117841,225591.016475052,4.0,902686.9983839114,13.713131148151517
2575.0,1279255.57561074,225584.055835038,4.0,415440.7575647588,12.937095302040413
2576.0,1256794.99581175,253062.113079175,4.0,241646.11757781947,12.395229610840914
2577.0,1288038.00288373,191193.347383827,4.0,606069.6293370187,13.314750158347035
2578.0,1274810.65733419,224411.260953844,3.0,15170.366712245905,9.627099245566942
2579.0,1274816.24031019,224643.12169008,4.0,305597.6890222955,12.630024774146092
2580.0,1279584.96601108,207073.442248091,1.0,0.0,
2581.0,1279739.14681123,207065.80288808,4.0,333246.9933873086,12.716639215906659
2584.0,1258765.60016575,247092.360945061,3.0,31963.00678665365,10.372334475137524
2585.0,1258554.12355754,246930.963312894,4.0,72128.85991816138,11.18620951944131
2586.0,1280878.6530524,211898.54746902,4.0,199542.68066113163,12.203783430581588
2587.0,1280858.31814039,211237.09108434603,3.0,113008.7063173422,11.635220141782632
2590.0,1278943.49189842,225957.016731426,4.0,575103.8095168313,13.262305841774554
2591.0,1284984.02118461,242983.11063686,3.0,84710.5797979798,11.346995781906715
2594.0,1278712.32505019,251278.347957358,4.0,168408.20053719834,12.034146076381425
2595.0,1266896.35198209,227696.541469201,4.0,152513.9159315683,11.935011122876675
2596.0,1270635.75326592,225114.057434559,4.0,808769.4460043359,13.603269169026682
2600.0,1271518.06481881,283334.956118181,4.0,99836.60995474298,11.51129022824656
2601.0,1271499.7262588,283545.578070387,1.0,0.0,
2602.0,1276522.07250394,228346.79017387296,3.0,32141.70766969879,10.377909770104642
2608.0,1275631.00575103,264616.885571018,4.0,62525.69202832422,11.043332823710546
2609.0,1275967.25963937,264607.259267002,4.0,90935.05273811606,11.41790082451494
2612.0,1290442.45907819,187649.373492196,3.0,182351.89420792885,12.113693583942286
2614.0,1266908.53694209,254518.608888671,4.0,378186.9040853963,12.843143807651378
2617.0,1287953.19142765,192183.204344839,3.0,79502.6163529727,11.283545210201183
2618.0,1288234.04025994,192421.387577087,3.0,42877.113543243,10.666093478722484
2621.0,1282902.39148648,261222.64991954,1.0,0.0,
2622.0,1282910.71852648,261483.804287806,3.0,84778.0,11.347791354158918
2623.0,1272388.0506117,208949.787914008,3.0,14619.151242841172,9.590087677093313
2624.0,1272668.98706,208947.505162001,3.0,16883.815517920535,9.734110780398757
2625.0,1267499.4671827,244260.90763016,4.0,487102.9678456063,13.096230812663789
2630.0,1278682.42911415,235073.63498075295,3.0,31634.83127651677,10.36201404812332
2631.0,1278721.78693819,236137.688933849,4.0,7118.283861957115,8.870421944729472
2632.0,1268792.80811203,256197.168186396,4.0,807593.8035849896,13.601814492762596
2633.0,1268800.47544004,256856.759355068,3.0,157501.42892075834,11.967189809719422
2634.0,1286140.56051379,205954.337222934,4.0,73366.15683025804,11.203218029666342
2638.0,1278165.79756163,204085.089029029,3.0,453112.62720027607,13.023895998729229
2658.0,1280255.49945177,227424.008220926,4.0,130950.53222664115,11.782574914277665
2659.0,1280541.77580406,227416.873052925,4.0,412291.5796745776,12.929486095674358
2662.0,1267113.10379031,227934.797853455,4.0,204236.50425654356,12.227033935907858
2663.0,1268065.94801529,245969.038063914,4.0,177048.8361738877,12.084180884086576
2666.0,1277544.15941699,255938.711354122,4.0,1050140.0234262948,13.864434068886723
2667.0,1274855.12082224,251882.804789975,4.0,206575.26258589883,12.238420092709319
2668.0,1275299.81119069,251867.540341958,4.0,54709.305562047775,10.909789093905623
2669.0,1277502.23064895,249616.655091643,4.0,191527.1500806857,12.162784853431843
2670.0,1277761.05202521,249611.461555645,4.0,121556.18101343515,11.708131830063342
2671.0,1271225.37873852,229627.305951178,4.0,390645.1739454839,12.875554943439669
2673.0,1277426.18847287,216371.501137614,4.0,135630.7304352598,11.817691254441483
2674.0,1277748.20165719,216363.970641598,4.0,270192.6007827372,12.50689031990951
2683.0,1284071.92454368,197234.944574013,3.0,36348.0521296598,10.500895894996551
2684.0,1284117.72563171,196510.39615726503,3.0,43446.59130248716,10.679287676580126
2685.0,1286909.85030659,199858.036736697,3.0,239207.23797031824,12.385085559674055
2686.0,1286893.89101057,199156.404287979,3.0,166677.32224456806,12.02381502015997
2695.0,1276109.88927151,272738.040907323,1.0,0.0,
2696.0,1276385.4687918,272727.541259319,3.0,110389.15237975448,11.611767150567795
2702.0,1275323.75275871,212556.155725703,4.0,1080348.9247301945,13.89279462537568
2704.0,1286332.77209799,247154.23025712403,3.0,42655.66666666666,10.660915408494288
2707.0,1279843.01010734,261210.274303526,3.0,64427.25191717189,11.0732919889985
2708.0,1280257.71436377,261200.728063509,3.0,322176.7974355929,12.682855734207042
2713.0,1269465.93246472,243219.0461891,4.0,334790.86671808374,12.721261337410791
2714.0,1289514.39168525,190793.716983423,4.0,16754.48024254672,9.726420978654541
2715.0,1289631.67296536,190893.098999515,4.0,102106.32996345503,11.533769999914183
2720.0,1274356.22315772,208416.658121467,4.0,360183.64382931823,12.794369302112532
2721.0,1274659.45586203,208412.109897465,3.0,259187.1937192718,12.465305835292439
2722.0,1263471.20721057,247380.574257359,4.0,382034.0486886749,12.853265016309496
2723.0,1262757.74538584,247395.194993377,4.0,425526.0845789516,12.96108152847488
2725.0,1280702.15602823,214844.420176044,4.0,70499.32277584147,11.163358382737789
2726.0,1281805.57702135,254513.145272657,4.0,115293.54955079028,11.65523675977275
2727.0,1274536.31666191,216751.845842004,4.0,45183.547422973104,10.718488304491071
2728.0,1274528.4252699,216441.672529683,4.0,149464.70207340547,11.914815537402937
2730.0,1276062.10591148,222665.15061605,4.0,818535.1027569537,13.615271561565171
2731.0,1273274.28440462,273745.160972357,1.0,0.0,
2732.0,1273284.88638863,273974.552268595,3.0,338678.9659638165,12.732807934615307
2734.0,1272989.24856432,200917.261377782,4.0,163121.976595819,12.002253522608829
2735.0,1279304.4613068,263939.331202313,4.0,104010.37519955578,11.55224593468185
2736.0,1274856.42591023,252134.895158231,4.0,466242.2998723177,13.05246073478463
2737.0,1275116.2843425,252125.96402221904,3.0,54451.15945007989,10.90505942198343
2740.0,1273252.3930126,202021.177794918,4.0,352222.4373213384,12.772018179208555
2741.0,1273524.69893287,201956.246786848,5.0,195265.11088748276,12.1821134572168
2744.0,1261646.87261671,248239.90520224,4.0,95485.7257205558,11.46673204640253
2745.0,1260950.00292,248255.043314263,4.0,110857.06053832796,11.615996907543138
2746.0,1280434.92293996,209934.693451017,4.0,193479.95017106383,12.172929169396385
2747.0,1280529.10188405,209349.69594641,3.0,49651.049334335614,10.812774803879101
2750.0,1279093.19237858,268622.319495112,3.0,125535.17830798072,11.740341303518676
2751.0,1279337.45701882,268882.384263381,3.0,62571.41743025884,11.04406386224803
2754.0,1269562.01688081,223767.338649184,4.0,51472.289021427656,10.848798864582479
2755.0,1269406.24260865,224030.398873448,4.0,47123.56554456814,10.760528484914465
2759.0,1278260.72524172,269627.875208139,3.0,24521.42742732414,10.107302603173192
2760.0,1268464.1467357,226254.061403722,4.0,276735.75668030325,12.530818382869942
2761.0,1268156.84747137,226549.587356031,4.0,506891.2982287299,13.136051857670223
2762.0,1278207.41496967,232767.604450405,3.0,128086.13248640687,11.760458226649355
2765.0,1266968.15889415,241195.366827026,3.0,180392.1748304866,12.102888508898722
2766.0,1273771.40382913,283235.341462076,3.0,203265.4193574768,12.222267888529956
2767.0,1273976.41490133,283244.633750081,1.0,0.0,
2768.0,1279082.18156256,275093.427981734,3.0,349035.14899140404,12.762927909555724
2769.0,1279412.2915149,275081.681229725,4.0,122165.681363771,11.713133446373048
2777.0,1279619.90258712,222605.118231997,4.0,915802.741685462,13.72755627296071
2778.0,1269881.95064114,229663.269151226,4.0,286752.1326687409,12.56637347234405
2779.0,1284590.3411842,206187.529031172,3.0,36687.469966630975,10.510190557943364
2780.0,1285040.82809666,206174.752775162,3.0,8221.307423015707,9.01448452929735
2781.0,1267685.57508689,245977.554735929,4.0,239580.66469425216,12.386645443696082
2784.0,1268058.88766328,245709.074991643,4.0,122363.0421630096,11.714747660353696
2787.0,1291576.50829536,189176.703157753,3.0,206942.77382109468,12.240197579056229
2788.0,1291855.57632764,189406.329653993,4.0,170577.78387553443,12.046946682087068
2789.0,1278617.51749809,214410.7786396,3.0,294145.52713956696,12.591829914124183
2790.0,1278612.23929009,214110.636559293,3.0,44214.44940514234,10.696806924261088
2791.0,1284920.99276854,199900.323072746,4.0,106032.16796201728,11.571497798395876
2792.0,1285072.54099269,199897.89561674,1.0,0.0,
2793.0,1271948.02853125,253469.448247597,4.0,92689.19259471928,11.437007160018682
2794.0,1272208.96171552,253459.929911584,4.0,128817.1975096117,11.766149604776608
2797.0,1257893.08515687,257063.552251279,3.0,306220.76249937154,12.632061566893775
2798.0,1257681.06230865,257067.12773928,4.0,499909.7082136841,13.12218277752452
2800.0,1277853.57509731,253283.43941541,4.0,389577.7127796467,12.872818643723175
2801.0,1275577.14066297,249722.51576376,3.0,20382.97672422183,9.92245535716196
2802.0,1275581.54130298,250023.137844071,4.0,25317.98866880257,10.139270436641675
2803.0,1263975.47325909,256977.717115194,3.0,43913.0598116298,10.689967044836228
2804.0,1263985.2495151,257636.257467866,4.0,104488.2812893236,11.556830203326733
2807.0,1280246.93023576,257848.897148088,4.0,717317.7051298888,13.483274124829407
2808.0,1280241.84524375,258181.641212419,3.0,48978.59299954319,10.799138604073615
2809.0,1274852.97483823,226171.829275638,4.0,320795.7466513333,12.678559896318438
2810.0,1270870.07761815,240248.509098053,3.0,1235.9144802125732,7.119566444857318
2811.0,1270874.29643416,240399.872682214,4.0,47617.36301250988,10.770952742877787
2812.0,1279754.39282726,251641.49976572403,3.0,65720.67356716498,11.093168821142582
2813.0,1279748.67698725,251751.62520583,3.0,23012.350702545373,10.043786337852515
2814.0,1276067.31455147,234807.423524484,3.0,39218.69175364966,10.576908742581287
2815.0,1276230.17611964,234803.039716482,3.0,5733.562683381753,8.654092376248762
2816.0,1264601.81943573,243655.916333541,4.0,834191.0020979755,13.634217674422096
2817.0,1264305.78756343,243664.356653556,4.0,496649.62261652655,13.115640071785219
2820.0,1267103.35582229,228379.042717904,4.0,197890.93425282836,12.19547132080325
2821.0,1266876.69943807,228585.211230114,4.0,208780.6867140212,12.24903963413219
2838.0,1280636.76870015,212707.00878185,3.0,364035.50795747736,12.80500669119498
2839.0,1282891.71756646,258102.260476336,3.0,182541.68188117415,12.114733819796221
2840.0,1282737.0256623,226426.259547904,3.0,248236.4920997325,12.422137167938516
2841.0,1282747.26284632,226730.739932209,4.0,104889.90864914109,11.560666590034698
2844.0,1274470.75576584,213632.910478801,4.0,220437.0117995345,12.303367272287142
2845.0,1274447.08882181,213307.481998473,4.0,508739.0534331443,13.139690498914128
2846.0,1261713.39351279,259680.452541962,4.0,702108.5176106779,13.461843254552146
2847.0,1261726.87511279,260345.953854635,4.0,318022.0210859836,12.669875908062796
2848.0,1258922.20842192,252365.443894461,4.0,51319.211503436665,10.845820454298147
2849.0,1258932.43088593,253049.557047173,4.0,98799.61774745448,11.500849014775586
2850.0,1286299.54675396,201179.815618053,4.0,330969.1007054809,12.709780298658734
2851.0,1286292.31609794,200853.218177721,4.0,366993.820172439,12.813100288127737
2852.0,1274108.39525346,234453.962020129,3.0,537712.2584706702,13.195078860511993
2853.0,1274138.6783255,235174.185956866,4.0,461525.50852006447,13.042292604463773
2855.0,1278512.80837798,219736.176469058,3.0,739713.8512218301,13.51401870285938
2856.0,1280001.2305875,267274.965893731,1.0,0.0,
2857.0,1280007.20498751,267783.091526255,4.0,233072.1841134704,12.359103487630883
2860.0,1273267.11909261,223826.489177242,3.0,69392.15846805346,11.147529149737133
2861.0,1273502.01259685,223965.498713389,3.0,34965.07001873796,10.46210484267387
2862.0,1265219.30737236,286387.442457303,1.0,0.0,
2863.0,1265222.28932437,286594.874137521,3.0,45965.238183385394,10.735640698126819
2864.0,1286781.47129844,207357.154312372,4.0,64910.005587887856,11.080757060114212
2868.0,1282839.59174241,255659.615417838,4.0,375530.55800254055,12.836095126375968
2869.0,1280569.39154808,227841.96930936,4.0,496742.3932838069,13.11582684733015
2870.0,1276876.3533363,255626.801849812,4.0,39455.270899217845,10.58292292696167
2871.0,1277536.72696897,255615.78712979,5.0,808961.1277995985,13.603506145194732
2872.0,1273924.06949328,245435.131631374,3.0,57350.00395541293,10.956928191527226
2873.0,1274210.11192557,245426.648047358,4.0,198759.07539318243,12.19984869382972
2874.0,1272696.30590802,226689.518556178,4.0,656141.9694484422,13.394132461353617
2875.0,1272540.40760386,226952.905500442,4.0,215263.39843324583,12.279617666267976
2879.0,1277932.62879339,233485.352035135,4.0,252785.12248878623,12.440295088608446
2884.0,1273289.31589264,252761.206518874,4.0,60639.106985637176,11.012695293717666
2885.0,1273526.69797288,252752.395190865,3.0,37609.52828705392,10.535012709164349
2890.0,1284417.78604802,197230.85107000204,3.0,998849.225199722,13.814359120514252
2892.0,1281824.16953337,191498.732280135,3.0,84943.19708141321,11.349738042450342
2893.0,1258839.97008583,259078.912445337,4.0,205861.9488182751,12.234961071752322
2894.0,1258846.32214984,259348.84070161,4.0,220843.37331426208,12.305209011205529
2896.0,1275572.72767097,249422.430387452,4.0,421436.6990148985,12.951424864872784
2897.0,1275874.32773528,249533.979763567,3.0,178782.75937571854,12.093926712999288
2898.0,1284337.12383994,209962.746891052,3.0,130984.07850483316,11.782831056665886
2899.0,1284647.40243226,209958.398795038,4.0,73934.13860657607,11.210929957054333
2902.0,1284301.58745591,207384.95380041,4.0,265254.60923502734,12.488445433271632
2903.0,1286144.6037778,206214.22874321,4.0,20765.441580015136,9.941045421430612
2906.0,1281558.3820131,220271.767573595,4.0,348947.6199010007,12.762677103676946
2907.0,1281678.34438123,220270.8718936,1.0,0.0,
2908.0,1279520.56620301,216991.170130238,1.0,0.0,
2909.0,1260915.75203995,246625.281136587,4.0,650652.7362689701,13.385731347635192
2910.0,1260268.4747913,246639.387760594,4.0,830197.3534723561,13.62941872677662
2911.0,1277871.38476132,244872.249198794,3.0,102906.51302825748,11.541576214554366
2912.0,1278196.55800965,244865.059630781,1.0,0.0,
2916.0,1284611.44940822,207381.486920401,4.0,162314.28389510847,11.997289758842104
2919.0,1258196.26269318,248049.066994041,4.0,1117180.8267558387,13.92631895103321
2921.0,1285062.81958468,258426.218492672,4.0,157556.93953796898,11.967542192790892
2926.0,1256765.99881971,251072.717813149,4.0,121855.10584118526,11.7105879608524
2927.0,1256502.03971544,251074.96715714,4.0,146003.78259571837,11.891387808544714
2933.0,1277382.96844083,224216.697049648,4.0,47663.64253638952,10.771924175268797
2934.0,1277390.78898484,224581.942042008,4.0,139814.0890916141,11.848068884044437
2935.0,1276922.99954435,257284.538363501,3.0,156399.78280018666,11.960170718346774
2936.0,1277574.64031301,257265.242171481,4.0,243552.6382528745,12.403088371665751
2944.0,1271266.83825856,205717.108038694,4.0,54645.38646474264,10.908620070365803
2945.0,1279234.06610672,260644.625470936,1.0,0.0,
2946.0,1279605.1182031,260637.30559893,3.0,169542.0,12.040855962718982
2947.0,1260279.7057033,247170.951345146,4.0,235496.9339361111,12.369453172974286
2950.0,1261806.09770487,252348.484598443,4.0,260479.2312595296,12.470278410546294
2951.0,1261546.08445661,252352.933110446,4.0,317244.17778076685,12.667427033259349
2952.0,1282036.25407758,265050.515331462,4.0,832766.9446143024,13.632509103629522
2953.0,1282529.47289409,265046.258755445,4.0,908763.0918199696,13.719839714130464
2954.0,1262177.44240925,249824.631411865,4.0,513097.3728686517,13.148220916801282
2955.0,1261521.49002458,249838.732083872,4.0,523105.69285538245,13.167538812219352
2956.0,1269364.60945661,228063.76578958303,4.0,23656.124265823542,10.071377314554683
2967.0,1280247.86917976,257517.499835745,4.0,214671.02117316535,12.276862001180806
2970.0,1280589.8206041,209932.486731008,3.0,117707.84354751432,11.675960931193808
2971.0,1280612.60242812,209652.56442672,3.0,45357.27268614064,10.722325810627078
2972.0,1268940.38430418,257381.067067608,3.0,64055.87957344677,11.067511099730826
2973.0,1268943.52862418,257647.03865186905,3.0,140912.95128846954,11.85589761196254
2976.0,1269839.1259371,223931.45122535495,5.0,276863.48904064886,12.53127984434627
2977.0,1270116.02072138,224095.413145512,4.0,296979.7219936972,12.60141913933842
2980.0,1289766.62938151,190068.964150667,3.0,92460.9703352781,11.434541892136489
2985.0,1271779.45733109,283325.305494174,4.0,258430.35812394152,12.462381528989535
2986.0,1271782.20043509,283818.742230669,4.0,342283.4030676237,12.743394336832758
2987.0,1295296.78925917,186707.476467237,3.0,113822.15702994392,11.642392483215847
2988.0,1266677.69886187,244189.30929409,3.0,42577.0275684081,10.659070127847501
2989.0,1267015.2673742,244181.594414085,4.0,375007.8958648623,12.834702360370514
2990.0,1276968.9820724,245346.372271284,4.0,160581.67129658596,11.986557947559628
2991.0,1281857.4024294,226942.428764433,4.0,159995.2584030007,11.982899458795593
2997.0,1280301.52825181,230911.159008503,4.0,120883.31684564432,11.702581035730038
3007.0,1281855.5710694,255154.867129326,3.0,170498.29223690572,12.046480559449714
3008.0,1282151.97465371,255147.806777313,3.0,169283.63403588778,12.039330895024953
3011.0,1268519.42283174,255541.890297711,3.0,151573.4743640829,11.928825765667986
3012.0,1268527.91857575,256205.352186397,4.0,539930.2396023124,13.199195224273593
3013.0,1275208.5663266,204586.364933535,4.0,96925.60733052234,11.481699028503737
3014.0,1281925.04332547,244765.46430268895,3.0,109464.68545850182,11.603357268993758
3015.0,1281929.62175748,245086.420719013,4.0,76371.36229265705,11.243363065783528
3016.0,1266453.25310163,250028.425268069,4.0,48791.90041529482,10.79531960296943
3017.0,1266464.80132565,250298.124852344,3.0,33281.50021535558,10.41275697250554
3020.0,1284000.0529916,201214.83129808295,3.0,398633.3745713046,12.89579741273716
3021.0,1284270.09804788,201211.734850079,4.0,366342.5860511675,12.81132420204518
3028.0,1280048.20293956,271753.218442321,3.0,72458.06464684661,11.190763254829971
3029.0,1278135.8892096,238063.851431817,4.0,541426.6712325345,13.201962918400236
3030.0,1278384.33228184,238057.62077581897,3.0,11692.028255744375,9.36666254290153
3038.0,1282578.92723015,259785.78566207,1.0,0.0,
3039.0,1282892.02399847,259763.047230035,4.0,529999.1713691305,13.180630722072612
3040.0,1272515.48869184,231288.130080879,4.0,184799.634871803,12.127027462385836
3041.0,1272831.22526816,231283.203552872,4.0,236098.37599543345,12.372003844589267
3042.0,1282181.57599774,255675.208249852,4.0,304245.62419760745,12.625590628487046
3043.0,1284343.12185594,210393.125899479,3.0,59820.73760971655,10.999107662594655
3044.0,1284653.48409627,210388.597387478,4.0,28461.182090967868,10.256296405952325
3045.0,1277340.81170478,261246.256511554,4.0,222505.16959896672,12.312705614471183
3046.0,1270252.96600153,256152.235834345,4.0,530797.436653151,13.18213575221442
3047.0,1270261.07947353,256815.89593102,4.0,872455.7356054501,13.679067198941336
3050.0,1254236.45436913,250885.845492944,4.0,1115810.0828524204,13.925091230786165
3051.0,1271629.54558693,205436.778886408,4.0,211416.86305530692,12.261587117710482
3052.0,1271625.79429093,205167.839430138,3.0,521301.02233669977,13.164082931883566
3053.0,1279718.06220321,205331.706246302,3.0,246471.3093704544,12.415000873684537
3054.0,1279795.78713129,204978.307717934,3.0,169541.99999999994,12.04085596271898
3061.0,1268934.14219217,256853.019579068,3.0,350779.0826551251,12.767911910151417
3062.0,1268937.26353617,257117.043963328,3.0,263029.27630683745,12.480020621720687
3064.0,1270911.03160219,255709.766265884,3.0,301202.6229920648,12.615538483342947
3065.0,1271572.39934687,255689.39756186295,3.0,99279.97487135968,11.50569916676967
3066.0,1262177.76855326,248228.28158623,4.0,67506.99059688573,11.119986435896505
3068.0,1273244.35269259,276633.318223312,3.0,121368.9023328765,11.706589966085517
3069.0,1273352.1635087,276629.331727311,3.0,199912.5293738462,12.20563519673263
3079.0,1280983.31327651,251237.359541312,3.0,25795.09940542712,10.157939807341693
3080.0,1281177.71410871,251233.809653312,3.0,4790.561928973624,8.474402996462462
3083.0,1266203.81726138,252395.1105185,4.0,1053971.8147455913,13.8680762664978
3085.0,1284617.61964823,196330.470333084,3.0,189054.5350680944,12.149790797754413
3090.0,1277551.80408899,256270.422266468,4.0,389428.5916981119,12.872435794232745
3091.0,1277799.60312925,256263.00825046,1.0,0.0,
3097.0,1271391.81669068,282503.75432533,3.0,109783.59422374053,11.606266381809691
3098.0,1271497.3601148,282565.401173383,1.0,0.0,
3104.0,1276735.89951216,205619.835270599,3.0,158638.3155444583,11.97438214503631
3105.0,1279248.47359474,261465.461759791,1.0,0.0,
3106.0,1278201.96319366,206753.491463766,4.0,33926.20470234985,10.43194299482718
3107.0,1270270.63851354,240416.313898236,4.0,86984.93095466842,11.373490175216979
3108.0,1270283.70641756,240892.457642719,4.0,574419.3075220506,13.261114909525277
3109.0,1281044.88927658,192601.291129261,3.0,84778.00000000001,11.347791354158918
3110.0,1281098.86194862,192419.553593084,1.0,0.0,
3111.0,1286140.8620178,243851.183021754,4.0,238076.0635470246,12.38034549632949
3112.0,1278663.27788213,227466.124252975,4.0,104865.3326062352,11.560432259365568
3113.0,1278984.98130646,227458.628572956,4.0,218257.872429668,12.293432543748535
3114.0,1275620.33189502,260636.68684694203,3.0,120397.12424710934,11.69855092658082
3115.0,1275887.1548073,260630.355518922,3.0,42390.0,10.654667764346684
3119.0,1262588.94717768,261255.361791566,3.0,114648.50739840836,11.649626269434698
3120.0,1262550.94493763,261576.890367895,3.0,52826.07095416404,10.874760115902301
3121.0,1262172.10154524,247962.272881955,4.0,866775.56416641,13.672535357391423
3122.0,1286383.99181004,248612.786674619,1.0,0.0,
3123.0,1286386.24409804,248942.657778963,3.0,44062.69791601471,10.693368851255508
3125.0,1292528.42567234,189576.32146216897,3.0,678048.1421677005,13.426973570548766
3126.0,1292521.68256833,189377.341813967,3.0,230127.22051856777,12.34638756767326
3127.0,1275595.69579899,212550.522509694,4.0,775366.9609337833,13.561091694249765
3128.0,1275578.07800698,212124.934477255,3.0,622065.9656698956,13.34080142022964
3129.0,1283544.09785514,269071.497415572,3.0,372098.3401803722,12.826913453643153
3130.0,1283534.37971112,269539.388232052,1.0,0.0,
3132.0,1271819.52683513,228170.031645685,3.0,207911.0800314786,12.244865767430683
3134.0,1277001.22412044,205320.93562229,4.0,129081.29097761105,11.768197647491862
3135.0,1277262.4362167,205306.993414283,3.0,68597.35547349244,11.136009263021819
3136.0,1264017.62705114,252433.370934531,3.0,89334.51968214451,11.400143250760712
3137.0,1263767.65777089,252437.435510546,3.0,34355.816300241655,10.444526607923446
3138.0,1279921.95218742,219844.548629165,4.0,272733.7322472457,12.516251258460098
3141.0,1280184.24268369,215334.67444855,4.0,110301.21513164788,11.610970221786967
3142.0,1280449.18706797,215329.189200535,4.0,115222.05450009104,11.654616454233903
3143.0,1275893.65906329,254655.670904815,3.0,86081.54703326599,11.363050347274845
3145.0,1288893.69408461,190504.521015123,4.0,296601.67804015434,12.60014536625646
3146.0,1288877.80602059,189889.304758489,4.0,188531.45240196676,12.147020128195104
3147.0,1277433.81906487,216681.316113919,4.0,135210.84878380195,11.814590681855487
3150.0,1284061.50169566,205201.366278172,3.0,340123.203405255,12.737063193911377
3153.0,1284283.90540789,202187.480579078,3.0,486591.87828714494,13.095181018454793
3154.0,1284364.18022397,202255.803587154,3.0,425130.6863613204,12.960151897959696
3155.0,1284020.43155162,201865.052418754,3.0,43498.99217312742,10.680493048374531
3156.0,1280244.73893975,257186.418811396,4.0,304121.8442354338,12.625183703494162
3157.0,1280898.40434842,257167.214139387,4.0,250509.65011307035,12.43125272217052
3160.0,1280855.10124438,264424.048706815,4.0,204304.80200393623,12.227368285198775
3166.0,1280238.76293975,256523.649786726,4.0,261580.55998305508,12.474497583812528
3167.0,1280241.70847575,256854.982779056,4.0,743282.6599819346,13.518831682016591
3168.0,1282980.89030255,203874.908676818,4.0,584251.0244034019,13.278086005764397
3169.0,1282973.82835054,203598.107396528,3.0,74683.87905142373,11.22101953861286
3170.0,1286683.29037035,201170.72083404695,3.0,84592.6257083856,11.345602375227543
3171.0,1286939.24819461,201164.655554041,5.0,612535.2957086776,13.325361845387546
3173.0,1272094.31729941,222752.440088138,4.0,696011.6262969399,13.453121643626666
3174.0,1272087.6030594,222446.526999831,4.0,464866.8420691573,13.049506282418715
3175.0,1281680.09830122,214874.476240069,3.0,51.772802227012775,3.9468649578439914
3180.0,1281585.35737313,226951.307356447,4.0,29212.3170795718,10.282345717109813
3182.0,1280023.79417153,206305.991687298,1.0,0.0,
3183.0,1280019.60850753,205984.869958967,3.0,71120.43243496984,11.17212995052602
3186.0,1282026.97817358,203908.378372848,3.0,5648.11752015754,8.63907758634994
3187.0,1282335.5224939,203897.52275683,4.0,835905.6288539105,13.636271001548904
3192.0,1279848.15410735,246490.108208448,3.0,12861.563309615243,9.461998554137027
3193.0,1280127.10143563,246484.60068844297,3.0,6882.264655175133,8.836703041760863
3194.0,1281313.76831685,245014.774190933,3.0,11770.810505558717,9.373378059868042
3195.0,1281452.110589,245106.382319033,4.0,751912.7169881496,13.530375528360677
3196.0,1264869.301548,248715.700530723,3.0,751746.3802801694,13.530154285781212
3198.0,1267321.14507052,243198.469421074,4.0,991265.3977462698,13.806737585476395
3199.0,1267660.09777486,243190.684333071,4.0,271677.2206017422,12.512369951641062
3200.0,1276406.41887182,268044.033606514,3.0,56727.112170343134,10.946007544218698
3201.0,1275889.3641513,251339.145717412,3.0,52895.69526430944,10.876077239569474
3202.0,1276184.43768759,251326.469557405,4.0,432044.6855481301,12.976284300645647
3203.0,1276270.74987969,261281.616639599,4.0,252642.25601271007,12.439729759202251
3204.0,1281472.67090902,206014.619911,3.0,1201.133074370791,7.091020618914969
3209.0,1264928.99594808,247447.375985429,3.0,26904.451820005062,10.20004704706459
3210.0,1277065.85132051,236477.36906220004,3.0,496025.9207642524,13.114383463946927
3213.0,1269280.52497652,242311.707436174,3.0,50713.66330603436,10.83395064648817
3214.0,1269439.81636868,242307.355756164,4.0,185317.27184877143,12.129824618122697
3223.0,1282308.82015787,251212.327413291,4.0,227196.1002638112,12.333568801350008
3224.0,1282309.48716587,251881.563957974,3.0,166450.026738203,12.022450403641205
3226.0,1277264.0293687,255283.504953459,3.0,959424.3669447796,13.774088765835536
3228.0,1273980.31352533,264002.629250377,3.0,47631.94020879258,10.771258827980848
3229.0,1273982.22654934,264450.981378838,1.0,0.0,
3230.0,1275480.36037488,219307.059220612,3.0,936487.7896334332,13.749891762482758
3231.0,1287213.83955489,247800.22040179404,3.0,41861.72380507692,10.642127175397615
3237.0,1276482.4977839,226558.858012035,4.0,147884.12342090308,11.90418429622217
3238.0,1276493.39019991,227056.831772551,4.0,316051.7964241124,12.663661391871358
3245.0,1280748.33081228,225651.729947105,4.0,52234.29896691298,10.863494626427514
3247.0,1263501.49290662,244669.50059057804,3.0,24857.923497599688,10.120931833724073
3248.0,1263381.27069849,244671.861166582,3.0,10651.359911553447,9.273442854211416
3256.0,1282436.720126,224397.255385831,3.0,89385.44718387874,11.400713164732895
3257.0,1282673.33907025,224390.629401818,3.0,1092806.2480994312,13.90425948529644
3258.0,1278730.93426621,236429.335334152,3.0,16009.108294618767,9.680913107663795
3259.0,1278740.25477821,236726.582118452,3.0,29484.955566822697,10.29163543145781
3260.0,1278210.07141767,219118.832212418,3.0,335623.87957652786,12.723746405920224
3262.0,1277852.6407613,257256.897339478,3.0,778054.291634596,13.564551584317792
3263.0,1277934.40402539,257254.454779476,4.0,1105085.3100420556,13.91543309361191
3264.0,1277652.3402811,234109.117859766,3.0,342497.1833761722,12.744018712931396
3265.0,1273542.91870889,254331.979000479,4.0,79203.81662119384,11.27977976630297
3266.0,1283404.62207898,262408.078656748,4.0,232444.08770678964,12.35640499210733
3267.0,1283707.0778233,262497.830784842,4.0,152717.01961800404,11.936341942873975
3268.0,1285657.7028493,246838.458544806,3.0,147754.07271967796,11.903304499827037
3271.0,1278789.80549826,220681.75919002303,3.0,137504.0542898631,11.831408681398527
3272.0,1278782.88428226,220328.272405654,4.0,126363.85168926037,11.746920736322782
3273.0,1279691.84671518,269779.916616291,4.0,316936.9639470651,12.666458181183755
3274.0,1279700.3269712,270445.822728977,4.0,847657.4748298262,13.65023191198466
3276.0,1270718.719602,253004.13061511505,3.0,111279.10788715076,11.619796809735128
3277.0,1270963.90385824,253162.545335278,3.0,44379.314405834615,10.700528748098549
3278.0,1277853.7916733,213639.284430817,1.0,0.0,
3279.0,1279327.82149881,228301.178717822,4.0,222553.59705681689,12.312923237228757
3280.0,1279363.07570685,228726.470174253,4.0,213837.5810991868,12.272972039016624
3281.0,1265408.50910056,247036.75934501,3.0,14433.483593727631,9.577306035919156
3282.0,1258207.00682119,248580.807730585,4.0,285089.1684003791,12.560557281896958
3283.0,1258212.56682119,248846.150066867,4.0,240271.6377674462,12.389525386325225
3286.0,1281811.47500536,194619.852347329,4.0,551214.6559729796,13.219879587538875
3287.0,1282086.40198164,194613.926523328,3.0,354342.28919245355,12.778018643573967
3288.0,1275749.08357514,281500.773396298,3.0,50291.31812918074,10.825587739384872
3289.0,1275755.63442315,281884.200468689,3.0,19698.007440854846,9.888272764476294
3299.0,1274737.87205411,278901.950225636,3.0,43532.514813768044,10.68126340484563
3300.0,1275055.26443844,278889.86587362,3.0,41917.55913908934,10.643460090655825
3304.0,1282459.07276602,228803.13571034404,3.0,34244.60119413914,10.441284201897357
3305.0,1282745.18444632,229207.328478754,3.0,165714.95189406257,12.018024434069531
3306.0,1286382.77459404,192618.607673287,3.0,184001.90519456984,12.122701390855832
3307.0,1286647.69958632,192611.00466527,4.0,152657.081870962,11.935949389952693
3310.0,1280296.2959318,201970.587650865,4.0,154906.00922762768,11.950573819891526
3311.0,1280596.09228411,201965.691970855,4.0,143771.97375452227,11.875983807878585
3312.0,1283910.7132795,203582.908932507,4.0,58152.96153656278,10.970832085911573
3313.0,1284310.72953592,203576.599876508,1.0,0.0,
3314.0,1281211.61234875,193580.482042268,3.0,14426.081928697216,9.576793092286172
3315.0,1281197.77510072,192977.818873659,3.0,42584.32380952381,10.659241478842183
3316.0,1276249.36210366,256640.882810846,4.0,463447.0836342263,13.04644749055406
3317.0,1279420.67993091,246508.908656463,3.0,417269.61196436826,12.941487843329888
3318.0,1279424.85573891,246780.895984754,3.0,251600.536365733,12.435597935625438
3319.0,1268207.82340743,244105.487982005,4.0,308030.1172963864,12.637952840605049
3320.0,1276211.69323963,234147.90256381,3.0,24216.997158361977,10.094810027519866
3321.0,1274257.87333362,247417.367793396,3.0,41131.87664127812,10.624538687250888
3326.0,1274335.16318971,207588.59053660897,3.0,62609.41786347942,11.044670990875966
3327.0,1274328.12184569,207311.580936328,3.0,34544.127441614866,10.449992842002498
3331.0,1282992.98707058,228650.083486184,3.0,364597.2497781104,12.806548598077324
3332.0,1283034.30489461,229138.401438683,3.0,395591.7724920469,12.888138080971569
3333.0,1273463.6783888,248505.108402506,3.0,580662.9984820801,13.271925830511481
3334.0,1273469.76958881,248765.363506779,4.0,726669.765922495,13.496227411119023
3335.0,1272413.80677174,275167.893389821,3.0,27512.0541632608,10.222379520824209
3338.0,1276701.02655213,217872.293075144,4.0,269757.0859957344,12.505277151526927
3339.0,1276780.32101621,217570.784786835,3.0,246004.4969986194,12.413105095229607
3340.0,1276575.74469599,284495.567319363,3.0,806150.936396419,13.600026269957196
3341.0,1276801.78655224,284420.183255285,3.0,755631.9944852109,13.535309756864462
3342.0,1277111.94994454,214883.23995208705,3.0,18540.1876218316,9.827695958908533
3343.0,1277120.24754456,214740.578191936,3.0,26004.39907455629,10.16602099786697
3344.0,1272732.33272406,276797.859279484,1.0,0.0,
3346.0,1254860.40880176,248654.756722659,4.0,305367.05878759705,12.629269803433035
3347.0,1254671.40560156,248471.340466484,3.0,254986.7647378485,12.448966919804727
3348.0,1269800.73227306,204640.897605598,4.0,154959.0777411812,11.950916346470375
3349.0,1282833.50547041,250540.403252602,4.0,255730.98882928863,12.451881346072549
3350.0,1283164.20787074,250534.170292586,4.0,192530.4663984139,12.168009687191823
3351.0,1277032.61285646,269867.588360384,3.0,357037.1376783849,12.785595082461654
3352.0,1277364.0111288,269856.405320376,4.0,197554.3923792668,12.193769229858452
3357.0,1270832.98315412,249145.917171165,3.0,44164.8949937626,10.695685521586972
3358.0,1279351.36249083,216064.75995329,3.0,95747.00574652612,11.469464634977175
3361.0,1274337.59198971,215468.80116868,1.0,0.0,
3363.0,1275829.96370323,223339.795224741,3.0,12931.197622357811,9.467398091015495
3364.0,1275836.55288725,223646.133529052,4.0,485964.9723202181,13.093891826870028
3365.0,1265377.11121254,245768.318639711,4.0,374410.615383682,12.83310837623834
3370.0,1282375.72191794,271032.154249579,4.0,165722.03680098068,12.018067186732395
3371.0,1282367.89382192,271688.008906245,3.0,133398.4850114815,11.80109605566365
3372.0,1292027.54055183,188493.83838905403,3.0,2627.5670060788825,7.873813604263764
3373.0,1292123.44026391,188200.317940757,3.0,33866.25513755724,10.430174373934499
3379.0,1282079.97151764,224730.650394171,3.0,67777.85545319307,11.123990804843336
3380.0,1282063.55161361,225128.124698579,3.0,52789.785641242685,10.874072997215416
3381.0,1271823.35454713,250149.188148201,3.0,19507.303193708216,9.878544197189965
3382.0,1277024.92812046,269202.457095712,4.0,248836.3817547163,12.424550858074426
3383.0,1277355.8563128,269191.723207697,3.0,69113.48176396637,11.143505095847756
3387.0,1283667.63110326,204674.728261635,4.0,1104721.947546373,13.9151042300898
3388.0,1266832.72049402,250591.734836653,4.0,482527.12934100913,13.08679242479401
3392.0,1277512.83500096,237289.114471033,4.0,7914.18857979102,8.97641245029314
3393.0,1277938.61298539,237278.521639019,4.0,108739.12487198622,11.596706942773341
3394.0,1280197.82405971,216043.301649272,3.0,14162.60127781356,9.558360056436099
3395.0,1284155.73215976,250515.680820569,4.0,335332.35714127513,12.722877429859958
3397.0,1273950.68984531,263341.948481709,3.0,65989.05632809823,11.097244194049399
3399.0,1273076.45701241,275474.024334133,4.0,45070.16303254175,10.715975732996585
3404.0,1279557.56057104,256874.852539077,4.0,1088288.4831384015,13.900116821195375
3405.0,1280445.29631595,230907.70921649,4.0,122789.56316231108,11.718227300548353
3407.0,1266370.43831755,242471.499116331,3.0,61597.89623532166,11.028382996914418
3414.0,1282039.1930856,213488.374990657,3.0,38253.30458934466,10.551985230015564
3415.0,1282176.88076574,213551.945742726,3.0,6986.609747442332,8.851750702898139
3418.0,1278375.80012184,254073.59858422,4.0,59794.62773002494,10.99867109861256
3419.0,1278300.92786576,254331.089208484,3.0,23980.454438471126,10.084994379130514
3420.0,1276581.739704,213258.804878414,4.0,180578.0881681484,12.103918584631588
3421.0,1273261.45304461,200852.289345711,4.0,105595.52076952784,11.567371232399445
3422.0,1267618.54705483,257863.91942009295,3.0,32475.621853811022,10.388244990048646
3423.0,1267622.56734283,258208.915772453,4.0,104813.53189371496,11.559938163656899
3424.0,1279247.47026673,202688.402819589,3.0,828004.4746451608,13.626773837513616
3425.0,1279241.07333873,202338.594819233,4.0,185424.2911733584,12.130401943884001
3426.0,1281499.42278104,192973.922233641,5.0,210322.57064359548,12.25639768186423
3427.0,1281486.95730902,192434.161529094,3.0,207150.7198533791,12.241201922533925
3428.0,1276031.96395944,233535.861795187,4.0,150183.10195795613,11.919610508374351
3431.0,1275194.63032658,232742.357474372,4.0,177130.2166813643,12.084640428535932
3432.0,1275692.68703109,232727.63574636,3.0,71901.98808676898,11.183059194046878
3433.0,1283594.94943918,201219.477250099,4.0,214937.94355321617,12.278104630810603
3434.0,1283591.74604718,200894.94348976,3.0,85507.08893690696,11.356354563030651
3438.0,1279983.84249149,249270.663347289,4.0,627722.7467598344,13.349853861915458
3439.0,1280243.80095576,249266.484851286,4.0,378129.2755675576,12.842991414989418
3440.0,1274436.8269978,282578.039637402,3.0,84523.46794307586,11.344784501923215
3441.0,1275102.86635849,282553.951125383,4.0,208936.4716184492,12.249785521192575
3442.0,1270794.43339407,283687.743766546,3.0,48491.09196650637,10.789135389262345
3443.0,1271119.85528241,283682.634838536,3.0,23646.090435427785,10.070953070970756
3449.0,1276130.40664755,225713.401691169,4.0,262605.4284016281,12.478407912387473
3450.0,1276452.33810388,225705.164187163,4.0,542613.0393848283,13.20415171022089
3451.0,1285880.88844952,209510.378378585,4.0,57022.368873090905,10.951198906203691
3452.0,1286257.36473791,209506.797002584,3.0,318927.793937526,12.67272000485264
3457.0,1276650.54962407,212878.526478037,4.0,114434.24027590523,11.647755616256653
3458.0,1273820.89976518,223383.014616787,4.0,68476.0005000448,11.134238605197151
3459.0,1273823.52805318,223532.632792935,1.0,0.0,
3462.0,1268029.66366325,244629.673582539,4.0,80601.2556579623,11.297269507256278
3463.0,1264892.08759603,243133.15166100895,3.0,76187.30906729575,11.24095018013085
3465.0,1263749.05969086,251623.746549711,4.0,45100.8028429862,10.716655326728917
3466.0,1263758.84938687,252049.849398136,4.0,40307.858785409895,10.604301736005496
3467.0,1267024.07415822,243932.198637828,4.0,360077.7205685955,12.79407517759962
3468.0,1279239.15269873,250274.409652323,1.0,0.0,
3469.0,1279239.80722673,250605.977908671,4.0,309453.4602416852,12.642562989013813
3472.0,1271344.91454664,225178.129178628,4.0,222308.29924640988,12.311820432797512
3473.0,1271191.60222648,225443.078426898,4.0,625808.1673473751,13.34679916118221
3480.0,1270207.11832148,286706.395225629,3.0,169536.0,12.040820572631741
3481.0,1270478.78507376,286667.293593585,4.0,309014.04837783927,12.641142018852378
3482.0,1292626.67386444,187287.355891824,4.0,424896.5454807214,12.95960099587621
3483.0,1283561.79270315,255268.04338543105,3.0,579157.9860106187,13.269330579457547
3484.0,1283650.79974324,255524.32927370103,3.0,71423.4028270887,11.176380865310115
3485.0,1271009.2577783,213110.462990269,4.0,53130.05872955049,10.880498124837763
3486.0,1271239.26385853,213105.740878269,4.0,58842.72407807128,10.98262347000796
3488.0,1262823.90340191,249677.684467718,3.0,425829.1118654506,12.961793398915235
3489.0,1278406.70821787,209899.89761097697,3.0,180048.00853444505,12.100978808390721
3492.0,1265395.47210854,246552.64676851,4.0,282380.7555357948,12.551011636159465
3493.0,1271686.98245099,236396.674342111,3.0,42400.0,10.654903641220049
3494.0,1271864.44830717,236393.157286108,4.0,93996.93388911938,11.451017442519298
3495.0,1264996.87377214,259595.272253871,4.0,249583.6222376151,12.427549297289387
3499.0,1277243.78533669,251979.005366072,4.0,233290.167463126,12.36003831165685
3500.0,1277247.14591269,252633.549622744,4.0,533687.1968267618,13.187565172577214
3501.0,1264348.22289148,246318.266992271,4.0,991730.5952030652,13.80720677196692
3502.0,1264062.04330719,246311.148592263,4.0,297497.4962225693,12.603161087873815
3503.0,1279908.9443794,219424.253844738,4.0,348097.4533458058,12.760237757903209
3504.0,1274146.53003751,235499.147877201,4.0,865596.5021636738,13.671174146127735
3505.0,1274406.29624577,235496.094757184,4.0,876043.2842397551,13.68317077993043
3507.0,1274559.83435793,252520.836278617,3.0,385208.563017128,12.861540188713873
3508.0,1274590.39794196,252712.949430823,4.0,118421.62268307646,11.682006608770777
3513.0,1269815.37003307,286910.384281844,1.0,0.0,
3514.0,1270013.17611328,286860.744345784,3.0,42390.0,10.654667764346684
3518.0,1273545.18514089,254596.707128748,4.0,63259.052497262725,11.054993518835088
3519.0,1259419.31671043,250409.58757245503,3.0,78416.08362859917,11.269784333622429
3520.0,1259430.11690244,251037.119797111,3.0,80768.53606476261,11.299342763532241
3521.0,1285261.68992089,209519.747402593,4.0,222441.28573113933,12.312418461410399
3522.0,1285571.48326521,209515.406858593,4.0,130689.19947541536,11.78057726020248
3523.0,1266004.89111717,242307.13950017103,3.0,45504.523735815936,10.725567022762112
3524.0,1266007.75070117,242480.597164348,4.0,177233.54479562445,12.085223603952954
3527.0,1283162.09990273,259670.134653941,3.0,368251.41960721504,12.816521189326856
3528.0,1283522.74521512,263121.305217475,4.0,163505.03793724344,12.004599081916558
3532.0,1271485.67448278,241398.093099236,4.0,66159.82112010395,11.099828625947001
3533.0,1271614.78315492,241394.434347227,3.0,8821.915131675116,9.084994260540977
3535.0,1282605.82412617,261754.665280074,4.0,518538.96254313487,13.15877044855971
3536.0,1284952.63769658,260619.444734916,4.0,49106.72590196598,10.801751288147956
3537.0,1285220.78611284,260699.913086995,3.0,59651.20376348907,10.996269607766514
3541.0,1273766.19941312,281287.056660086,3.0,65866.82933983704,11.095390245359113
3542.0,1274029.93246938,281278.547796071,1.0,0.0,
3543.0,1281748.25830129,276337.718095019,3.0,19039.69907480444,9.854281503325733
3544.0,1282023.42271757,275826.998670489,3.0,79751.89767160214,11.286675815619187
3545.0,1276054.94219947,274767.653005406,4.0,130041.04330274535,11.775605397322796
3546.0,1276054.19813547,275644.975438297,4.0,58941.67616493719,10.98430369438303
3547.0,1284609.09996822,201860.399874747,4.0,680741.9700143242,13.430938614674035
3548.0,1284694.30944031,201859.951362744,3.0,700137.3522881832,13.459031812331943
3549.0,1274142.87422951,223375.865048781,3.0,51889.78731780082,10.85687727364074
3553.0,1282183.53887774,224581.124122009,3.0,165771.29160964856,12.018364355965131
3554.0,1282465.08358203,224735.306202173,4.0,138733.17820799458,11.840307786118164
3558.0,1274220.41310959,228385.005277917,4.0,403508.439426442,12.907952682028412
3559.0,1274542.38750991,228382.364573911,4.0,359061.6281365796,12.79124931885608
3560.0,1278139.5945536,230584.764320165,3.0,5489.19598403195,8.61053707278258
3561.0,1278457.97612192,230576.599008158,3.0,56006.43809486986,10.933221929089024
3562.0,1281719.36006126,224424.450585857,1.0,0.0,
3563.0,1264150.06609127,247210.736369193,1.0,0.0,
3564.0,1264246.39530738,247413.689009398,3.0,55207.15233747962,10.9188477952027
3565.0,1266073.89790124,249247.424499273,4.0,46308.82958905176,10.743087925759863
3569.0,1280723.86662024,210555.522571653,3.0,223825.74066678845,12.318623084630305
3570.0,1280852.70854038,210202.421899289,4.0,157571.8998338953,11.967637139962134
3584.0,1270058.59102532,245670.446127608,4.0,268873.95315425005,12.50199797313335
3585.0,1279366.06943485,269251.691591755,3.0,22468.38281609253,10.019864391787952
3586.0,1279688.83423519,269500.994888008,3.0,7353.763433947463,8.902967492992902
3587.0,1266819.00075001,241775.055915624,4.0,71009.93034521429,11.170575010260496
3588.0,1266982.13521418,241771.47261962295,7.0,719021.6276251135,13.48564671639698
3589.0,1269478.13323273,243644.99050954,3.0,108917.92754169067,11.598349919262667
3592.0,1273896.93310925,226842.522460327,4.0,3651.602715736153,8.202921450401941
3593.0,1274153.44504552,226839.424412325,3.0,667.2556700075814,6.503173285824523
3596.0,1281025.12978855,269738.468168259,4.0,614565.2602211384,13.328670402871952
3597.0,1281023.70034856,270404.786760941,4.0,412413.4724397803,12.929781698971023
3599.0,1268202.66135943,286377.8158333,3.0,602191.7113781769,13.308331131032983
3601.0,1273108.81067644,283765.805654615,3.0,42895.9416361222,10.666532499884601
3603.0,1282193.36140575,276954.437007651,1.0,0.0,
3604.0,1279381.36108287,271773.585546345,4.0,39655.42571161156,10.587983057842763
3605.0,1279714.14917921,271763.913290337,4.0,15623.669226594517,9.656542301479524
3607.0,1276371.30411978,279811.119954571,3.0,871180.1269263969,13.677604039191028
3608.0,1277770.61368921,279727.846482486,3.0,314295.92771132773,12.658090266008521
3609.0,1267601.60382281,256094.570938289,4.0,84557.24595239434,11.345184050860402
3610.0,1268261.46372749,256078.652346268,3.0,115715.32468152228,11.658888356282205
3616.0,1283149.65017472,248545.090610549,3.0,274483.04543581133,12.522644772763009
3617.0,1283480.29715107,248538.847858548,4.0,463781.5616708478,13.047168948099237
3620.0,1284307.29747191,207815.343368843,4.0,940878.1589720758,13.754568929814472
3621.0,1284617.04550423,207811.210184842,4.0,599505.9789790304,13.303861226676087
3626.0,1285619.74035326,201196.227330074,4.0,446818.7008523397,13.009908200387093
3627.0,1280609.59686013,204409.346245363,4.0,405200.3540219218,12.91213692505303
3628.0,1280587.2868441,204187.328325137,3.0,42514.82597402596,10.657608140527403
3629.0,1279149.35173863,223856.700697273,4.0,129420.75170554731,11.770824016858548
3630.0,1279163.92159465,224551.050009981,4.0,86431.42709787421,11.36710662821368
3631.0,1273374.49157272,241398.162987232,3.0,200247.63229402195,12.207310041110501
3632.0,1260427.48035946,261043.751679346,4.0,46967.96260498118,10.757221001562925
3634.0,1272065.67691538,280664.042771444,3.0,203549.29402496736,12.223663485612496
3635.0,1272096.17425941,281658.505684465,1.0,0.0,
3636.0,1283602.28243119,276203.71214287,3.0,258492.94224570316,12.462623669833341
3643.0,1278188.59775364,200760.781697616,3.0,337850.1905946654,12.730357853120061
3644.0,1278472.98168994,200753.336129621,3.0,185058.9800533153,12.128429864350004
3648.0,1280885.76921241,265084.631363496,4.0,181690.9970760212,12.110062704868435
3649.0,1281181.20722872,265070.945347473,4.0,212490.29158130055,12.266651579626707
3652.0,1273545.15986089,232865.573794499,4.0,48669.42402320178,10.792806268428354
3653.0,1273805.13733315,232861.470434487,4.0,448734.4542654177,13.01418657587909
3654.0,1280325.12165983,203961.174532905,4.0,179476.6266880938,12.097800264995161
3655.0,1280312.86578782,203293.627332211,4.0,165483.87792843336,12.016629054724463
3656.0,1285641.69107328,205966.741382957,3.0,12018.5926784476,9.394210119574673
3657.0,1285732.80608137,205962.927110955,4.0,18410.25228719042,9.820662977945851
3659.0,1265256.73284441,209880.104970962,3.0,258039.5938316304,12.460868316592972
3660.0,1275518.78059891,217391.475474656,4.0,246016.35081148936,12.413153279419058
3661.0,1275512.50239091,217088.75003434703,3.0,57149.55747078405,10.95342692589961
3662.0,1262780.85360987,248481.005490482,4.0,227974.37399315147,12.336988506852933
3663.0,1262183.75242525,248494.289202496,4.0,197796.6025055901,12.194994521610644
3664.0,1273515.99486886,224767.272730201,3.0,3110.8743224325417,8.042659098277877
3665.0,1273354.01387669,224944.922266394,4.0,778219.0870129261,13.564763366362268
3668.0,1273008.21931635,226162.662939638,3.0,744296.9229895729,13.52019532423973
3669.0,1272852.24357219,226426.131291911,4.0,525018.4271895521,13.171188640366461
3670.0,1274646.89746203,265157.464579567,1.0,0.0,
3671.0,1271762.11121906,211201.896268308,3.0,154750.9566591914,11.94957237249343
3672.0,1271763.90584306,211102.134028211,3.0,71198.02701969424,11.173220386618574
3673.0,1294717.39604257,183877.464368328,1.0,0.0,
3674.0,1295087.53242695,183864.764912322,4.0,104025.54654681016,11.55239178783215
3675.0,1259764.61751078,255050.756729215,4.0,152350.2075370211,11.933937146651333
3676.0,1259776.5121668,255733.015865907,4.0,101630.01519505844,11.529094195645316
3681.0,1266994.59319818,242285.041772142,4.0,564420.5284446868,13.243554870455062
3682.0,1276194.70866361,253315.287159443,4.0,509793.0622162323,13.14176016199717
3683.0,1276460.13042387,253312.00434343505,3.0,50134.32118197193,10.822461106063269
3684.0,1278019.98655348,249606.280435637,4.0,47371.35481138392,10.765772996129114
3685.0,1278169.29202563,249603.28145963,4.0,14740.258146343347,9.598337678910415
3686.0,1272553.31307589,244395.259694308,4.0,129781.09293744472,11.773604409602518
3687.0,1272565.3888519,244807.912750721,4.0,230580.9228097818,12.348357154903066
3688.0,1264154.85745127,260017.998782307,1.0,0.0,
3689.0,1264096.62724322,259976.027390257,3.0,84778.0,11.347791354158918
3692.0,1275658.12677506,213276.874126434,3.0,23851.232989351494,10.079591192646939
3693.0,1275759.12357517,213274.83803044297,3.0,4229.315270686593,8.34979538439505
3694.0,1274178.66053355,236823.604582548,4.0,177483.00169723725,12.086630118225852
3695.0,1274438.7135258,236819.713510543,4.0,147669.24496772522,11.902730220484782
3698.0,1269326.83985658,212893.696078047,3.0,154640.5595454625,11.94885873225036
3699.0,1269736.60971299,212885.54023803803,3.0,230464.566700364,12.347852405959477
3700.0,1262380.40688947,255005.207609162,3.0,195523.85753960087,12.183437684412725
3701.0,1262129.9746972,255008.998329177,4.0,378195.9098921611,12.843167620478955
3705.0,1267249.32369445,240829.056554645,4.0,448711.8545832103,13.014136211457311
3706.0,1272573.4026119,256414.63199460495,3.0,62297.57603681345,11.039677796102294
3707.0,1272577.3422599,256747.17823495,4.0,134384.69994436062,11.808461860891258
3710.0,1270981.96190627,223896.843033314,4.0,607699.5906693732,13.317435944549702
3713.0,1270589.45476986,240884.222122714,4.0,863425.3400603948,13.6686627108278
3714.0,1270604.25297788,241423.07076326,4.0,698856.5721370061,13.45720081008577
3718.0,1272920.54853225,227975.519581497,4.0,205168.8502611485,12.231588578909431
3719.0,1273237.52856457,227967.536669478,4.0,191221.7093692537,12.161188815880173
3723.0,1272199.60939552,231292.909600884,4.0,145038.8554990558,11.884756954464448
3724.0,1262769.16567385,247948.780785948,4.0,991038.8893921582,13.806509055117491
3725.0,1275686.16472709,220147.799637482,4.0,62483.50760041409,11.04265792250909
3726.0,1275992.03979939,220300.452885628,3.0,19495.1749735488,9.877922276680282
3727.0,1284333.32627194,204657.615109608,4.0,981651.3821896904,13.79699151635289
3728.0,1284640.61958426,204650.4537016,4.0,756308.6978621869,13.536204902322995
3733.0,1272060.55621137,221222.745686576,3.0,25266.286982324276,10.137226255764654
3734.0,1272382.49745971,221215.802134573,4.0,31800.504463904294,10.367237432287231
3735.0,1273594.12696494,231259.813536853,4.0,154034.19840817736,11.944929924327976
3736.0,1273853.82789321,231254.174112841,4.0,121996.27421118008,11.711745783996438
3737.0,1265660.86622082,247526.58904151604,3.0,14582.535173603052,9.587579870666923
3738.0,1284217.42918383,197624.233150408,3.0,297788.59208061703,12.604139091180024
3739.0,1284876.10534449,197611.169214398,4.0,898849.670711548,13.708871081130331
3740.0,1268974.33105621,244084.76394999,4.0,77069.78665833235,11.252466610613704
3741.0,1268982.46161622,244370.927406281,3.0,55979.8752316684,10.932747534265038
3743.0,1277344.29791279,213243.913870409,4.0,47665.57317386139,10.771964679902297
3744.0,1277331.24216877,212865.065870017,4.0,43764.62390731358,10.686581096671683
3747.0,1279998.3372115,267019.928709477,1.0,0.0,
3748.0,1279999.4618835,267124.585285574,3.0,256947.03933536707,12.456625270016445
3749.0,1280446.05253996,222875.580632269,4.0,436523.7231655673,12.986598001388781
3750.0,1280439.74450795,223439.057176843,4.0,379287.1649947915,12.846048888440572
3751.0,1278185.19154565,253277.273783401,4.0,118676.23963836946,11.684154389022174
3752.0,1278435.5926339,253641.969207779,3.0,8754.02176848914,9.077268504438306
3753.0,1281440.84646098,229960.198367521,1.0,0.0,
3754.0,1281464.256189,230029.063007593,3.0,163754.27691219922,12.006122271704196
3755.0,1284715.31008033,252487.325174585,3.0,77642.6258415813,11.259871857442379
3759.0,1283795.89593539,241767.28298761,3.0,176256.5690204767,12.079695991018133
3760.0,1284020.44633561,241952.691755801,3.0,115375.43995364572,11.65594678504725
3762.0,1281549.25574109,220082.519637406,3.0,434526.3371020801,12.982011836584947
3765.0,1280179.40677969,252578.021558687,4.0,427625.4678640636,12.966003016378258
3766.0,1280178.85324369,253239.844727367,4.0,480341.9515276557,13.082253528264296
3767.0,1280712.75999624,251242.359861314,3.0,43194.08059016102,10.673458741467739
3768.0,1280844.75846037,251239.921205312,3.0,48016.19881001483,10.77929370816672
3770.0,1279485.49932298,261846.368192181,4.0,461675.1356760655,13.0426167531919
3771.0,1273038.02962038,229665.227807224,3.0,10379.122116922992,9.247551578665703
3772.0,1273041.64050038,230099.769247666,4.0,583758.4073039474,13.277242490095276
3773.0,1282318.57145388,201243.842370123,3.0,410982.2822231996,12.926305383603168
3774.0,1282476.45823804,201239.498562112,3.0,342234.38984648744,12.743251131727712
3778.0,1280634.14406015,199787.313152626,3.0,747369.7342133736,13.524315300449569
3779.0,1280630.66303615,199303.025408134,4.0,309421.2043729862,12.642458748622108
3780.0,1282294.24799785,246572.223536536,4.0,36098.02654193834,10.493993476398408
3781.0,1282303.02681386,247234.004017204,4.0,366167.0198837481,12.810844846772952
3782.0,1274765.90642214,260663.100542963,3.0,42610.453264412674,10.659854883949999
3783.0,1262053.61360912,251653.86098173296,3.0,135752.5825791652,11.818589262139454
3784.0,1262066.23332115,252344.04331845,4.0,308431.9661606522,12.639256566923239
3785.0,1277800.69138525,261230.932031542,4.0,148309.46276966616,11.907056334382109
3787.0,1274596.70693398,236371.838758081,4.0,105057.93791671636,11.562267266642724
3788.0,1274608.39128599,236817.197414547,3.0,46895.775376425976,10.755682873115465
3789.0,1276123.10386354,267510.29485397,1.0,0.0,
3790.0,1276128.60088754,267760.224134237,3.0,84778.0,11.347791354158918
3798.0,1266852.98916604,251579.056373656,4.0,267811.46855538205,12.49803853639835
3799.0,1276988.27071242,248057.062770054,4.0,24849.00448664371,10.120572969822666
3800.0,1276991.29432842,248278.711602286,3.0,45981.12063346045,10.735986170213748
3801.0,1280391.6726999,197606.897534385,4.0,80304.37687704575,11.293579405012883
3802.0,1280890.79871641,197593.263102382,4.0,311002.5468082992,12.647556380222051
3803.0,1272186.64485151,230452.890912026,4.0,496549.7372292313,13.115438933138396
3805.0,1276745.71576817,255630.697529808,3.0,30058.92281855932,10.310914828285634
3806.0,1272409.43147573,222439.548375815,3.0,76357.22673922742,11.243177958940604
3807.0,1272402.78616372,222133.47976750092,4.0,98879.11700577658,11.501653342693885
3808.0,1279992.35922749,201978.90918687,3.0,39823.763432151,10.592219084256037
3809.0,1280030.82597953,201976.883906871,3.0,7161.683685858014,8.876500383967022
3810.0,1274149.38110951,248744.582706764,4.0,328474.52154503315,12.702214553914192
3812.0,1281916.40031746,259134.129149392,3.0,115914.11404582832,11.660604799703249
3813.0,1282252.10962981,259122.824381381,4.0,346793.72928148933,12.756485442068444
3814.0,1284168.10547177,256406.28620261,3.0,88446.9065866707,11.390157725394326
3815.0,1277678.22636113,222936.183832332,4.0,536335.3659903592,13.192514927212889
3816.0,1259095.86167009,260025.760574311,3.0,67385.46222203542,11.118184579600012
3817.0,1259283.41866229,260200.55123049,3.0,76944.74407095957,11.250842833762842
3823.0,1284251.48819186,199911.047168747,4.0,422860.41409221216,12.954797413243886
3826.0,1263258.35428236,245564.047727495,4.0,229623.57288210536,12.34419660750456
3827.0,1263264.13841036,245831.301103771,4.0,391712.2457680576,12.878282782295335
3828.0,1266975.48663817,229310.134046853,5.0,189731.75753032023,12.153366551138525
3829.0,1278188.55116165,206311.30439131,4.0,48610.120249253785,10.79158702379192
3830.0,1278179.57215364,206014.107143,1.0,0.0,
3831.0,1256198.62627514,248358.584114358,4.0,117771.66345309342,11.67650297332694
3832.0,1256204.80509114,248624.551730633,4.0,285216.5074222206,12.56100384600935
3833.0,1288072.86835577,249018.17169903204,3.0,208767.23963383367,12.2489752243754
3834.0,1288090.81184378,249227.899635255,3.0,167275.68336308718,12.02739852890997
3841.0,1277159.36389659,285507.853656396,1.0,0.0,
3842.0,1277461.96140091,285376.112088263,3.0,691010.6115347815,13.445910459411605
3844.0,1276635.59890406,263925.690434307,4.0,378350.35743989854,12.843575916855665
3845.0,1276965.46668039,263914.784322292,4.0,309976.9761612717,12.644253303255631
3846.0,1281997.56191754,214902.850512102,3.0,64723.42271394312,11.07787843528369
3848.0,1258857.24957386,248832.496562853,4.0,258714.22733183648,12.46347936214641
3849.0,1274854.72319023,218728.904212028,4.0,83959.15371308826,11.338085694239751
3850.0,1275107.6793505,218724.134228021,4.0,539603.9524042677,13.198590727981774
3853.0,1282202.84857376,245406.273071334,4.0,5425.785365315707,8.598917935730944
3854.0,1282345.78630191,245387.464751318,3.0,19892.001950108064,9.898073017869416
3857.0,1267981.9465432,243182.565613061,4.0,320609.4274396317,12.677978924338577
3858.0,1268250.38891147,243175.971117049,4.0,505410.1171650074,13.133125491870036
3864.0,1277255.24984869,205634.558662608,3.0,78575.05743959192,11.271809592681626
3865.0,1277284.00146472,205496.39162246895,3.0,64094.8962779983,11.068120018490745
3866.0,1284852.55321647,197224.355005994,4.0,965422.4030027104,13.780321007867089
3867.0,1266811.38097399,241470.872491315,1.0,0.0,
3870.0,1277825.78904928,254332.827064484,3.0,34908.487467711304,10.4604852725409
3874.0,1281888.75929344,227793.596701309,4.0,173129.18717557058,12.061793341482938
3877.0,1265718.30609287,284234.046487093,3.0,102855.23006513243,11.541077745175016
3887.0,1275652.08869505,218713.803540006,4.0,774638.7047525948,13.56015201222034
3888.0,1275918.32965532,218708.320276007,4.0,93682.76782192456,11.447669543329637
3890.0,1274264.15250163,251649.890869737,3.0,28747.71773738459,10.266313660027004
3893.0,1271870.56939518,230457.781664029,3.0,326827.09108163964,12.697186536578764
3894.0,1271877.10315518,230877.75849646295,3.0,116870.88159376124,11.668825028269687
3895.0,1281871.71833342,227371.113948867,4.0,135215.4891184305,11.814625000514424
3896.0,1279172.75685866,247298.518001273,4.0,1000040.8862239782,13.815551443352433
3897.0,1279180.95794666,247832.228529826,4.0,129559.04008081816,11.771891964187258
3898.0,1277849.3195453,251959.040822044,3.0,76109.21893601248,11.239924678904384
3899.0,1277851.2391613,252622.10936673,4.0,730068.00124397,13.50089296117516
3900.0,1276160.26155958,226566.406876042,4.0,119882.06522283032,11.69426374869988
3901.0,1276171.04370359,227064.236316562,3.0,246207.65296424815,12.413930576588326
3902.0,1277705.72204116,224941.252698377,3.0,14559.68752989607,9.586011860661603
3903.0,1277726.71839318,225248.947610691,4.0,171465.80211889098,12.052139121149828
3904.0,1265725.16759689,286574.3626495,3.0,209917.04149205665,12.254467691136531
3905.0,1266069.76830123,286554.639961481,3.0,434440.3666182928,12.981813968280672
3907.0,1279202.85881069,236714.199910432,3.0,51263.39935865105,10.844732313728832
3908.0,1295329.54605921,186488.921779007,1.0,0.0,
3913.0,1282682.75999825,263718.337218091,3.0,6274.356593177639,8.744226223791147
3914.0,1283012.27769458,263704.769602075,4.0,60032.4714336426,11.00264088537415
3915.0,1274503.73010187,245740.08574368095,3.0,72899.6581261851,11.196839228358662
3918.0,1282474.33951804,213044.79483020297,3.0,73506.89912220305,11.205134546404032
3921.0,1284643.23641627,242044.171883896,3.0,106513.64523504303,11.576028380197108
3922.0,1285023.46035264,242035.993771881,1.0,0.0,
3925.0,1275366.91634277,230079.475999638,3.0,53857.450477744496,10.894096029146882
3926.0,1275611.36536701,230077.342815638,3.0,7289.615442541194,8.89420607224521
3927.0,1257360.57475632,255198.714809373,4.0,1037361.9856922335,13.852191496399458
3929.0,1274486.06546186,224284.27004170403,3.0,11853.449995558523,9.38037424305628
3930.0,1275599.65279099,260307.395838603,4.0,998012.9104570964,13.813521491539683
3931.0,1276262.56120768,260287.990078583,3.0,814457.8727730971,13.610277984106638
3932.0,1281778.37202932,208689.302921742,3.0,95040.49065029512,11.462058297149383
3933.0,1282049.31410961,208682.745801732,4.0,158372.75485828533,11.972706741411105
3938.0,1286097.20889774,248483.068466485,4.0,703088.9734761986,13.463238725339485
3939.0,1286279.54252994,248478.924786478,1.0,0.0,
3940.0,1277686.83333713,269180.989639685,4.0,134900.80091768227,11.812294979299663
3941.0,1277695.39692114,269845.222216368,4.0,210773.86860347976,12.258541124983704
3942.0,1278731.59372221,217010.19272226104,3.0,3546.899823986482,8.173829211912569
3943.0,1278949.21298642,217005.654674262,3.0,138768.972877213,11.84056576371781
3944.0,1285669.99417731,203830.564548761,4.0,374848.5615946014,12.834277387641203
3945.0,1286323.43347397,203816.86054875,5.0,372800.0432669732,12.828797477853044
3946.0,1277551.329017,212086.072653219,3.0,23136.7118722034,10.049175893511906
3947.0,1277962.80652142,212078.94503721604,3.0,113216.94350734528,11.637061111177367
3948.0,1279207.38930669,198815.170111626,3.0,142633.14161643494,11.868031169611813
3949.0,1279600.9807311,198872.156863689,1.0,0.0,
3950.0,1279404.15865089,229657.41583921,4.0,289914.29007398366,12.577340606809692
3951.0,1279412.4535629,230083.556703642,4.0,223342.28955389652,12.31646080437509
3952.0,1271991.9428353,205157.058630124,4.0,378550.6313658751,12.844105111383383
3953.0,1272357.78526768,205146.286982119,4.0,832051.7280578553,13.631649891017137
3955.0,1283848.36499144,253822.764791951,4.0,247822.30804641283,12.4204672685256
3956.0,1277506.48165695,237023.166502759,4.0,238759.17473678163,12.383210685821519
3961.0,1277041.26604047,223314.725080714,4.0,128831.00211185408,11.766256763315079
3962.0,1277046.98418447,223620.778265029,4.0,140621.46137864943,11.853826888094611
3967.0,1266935.98769413,256247.178554446,3.0,22945.445819750385,10.04087475657046
3968.0,1266937.48542213,256375.299066573,3.0,26802.52831164857,10.196251502036098
3969.0,1271393.08869068,253490.063991621,4.0,130261.25666409556,11.777297379406042
3970.0,1271398.4210427,254148.050232291,3.0,72132.87582923446,11.186265194787975
3972.0,1266463.50142165,285574.825304478,1.0,0.0,
3976.0,1280407.25996391,221541.359510899,4.0,39580.19535914632,10.586084154948981
3979.0,1275967.83218338,231275.823008865,4.0,79061.54952292773,11.277981935987322
3980.0,1275976.10904738,231573.25776118,4.0,246811.6796585002,12.41638089427975
3984.0,1260893.95056795,251673.789429754,3.0,19155.64823301538,9.860352898014261
3985.0,1260757.0502798,251674.54366976,3.0,24261.370422570097,10.096640669879108
3987.0,1278299.53285776,225971.127899438,4.0,203305.25811920784,12.22246386312461
3988.0,1278621.69727409,225964.068507433,4.0,283567.56013163965,12.555205681101903
3989.0,1286924.49433859,200511.053825364,3.0,89792.2852671237,11.40525434043414
3990.0,1287200.41305888,200504.320577353,3.0,42390.0,10.654667764346684
3993.0,1281584.19033313,197565.80281435,4.0,111088.55691522024,11.618082972260233
3994.0,1275624.66194302,260808.100223109,3.0,6711.265078948411,8.81154274855093
3995.0,1279086.63532257,232026.79561764,4.0,24357.23308474546,10.100584131002586
3996.0,1279095.17529057,232298.967969924,4.0,18366.838121117005,9.818302041517365
3997.0,1258967.48227796,255060.877113223,4.0,308192.9341452431,12.638481275405614
3998.0,1258979.30282198,255745.372473925,3.0,91574.9975986663,11.424913561424425
3999.0,1265219.35530837,250297.12357235,4.0,223951.07547738665,12.319182893934192
4000.0,1265234.06526038,250946.718709007,4.0,238297.6787475646,12.381275922156322
4001.0,1277120.99621655,217049.190674305,4.0,491454.815521916,13.105125282546659
4002.0,1277111.83448854,216689.148753926,4.0,389701.4329959488,12.873136168497224
4003.0,1260028.77482305,255047.563193217,4.0,179852.07600350762,12.099889992029114
4004.0,1260040.75479107,255728.920441911,4.0,190676.0292952588,12.158331085183642
4005.0,1283337.58348691,253834.678455964,3.0,19741.054548585493,9.890455733474731
4011.0,1269803.54072106,285153.634840041,3.0,73909.96492011215,11.210602941149029
4012.0,1269931.36062519,285151.344856039,1.0,0.0,
4016.0,1277138.40722458,227047.344284534,4.0,993676.2690834976,13.809166747565163
4018.0,1273742.60267709,209084.672842145,4.0,200485.84397984404,12.20849891964441
4019.0,1274058.63717341,209079.233546138,4.0,337499.0321153779,12.729317921484322
4020.0,1280441.76249196,224161.813273579,4.0,227080.61346086493,12.333060358799708
4021.0,1280701.12812422,224153.591833577,4.0,121825.03444640125,11.710341150464807
4022.0,1272183.35710751,236926.823206663,4.0,187773.8236642957,12.14299345193225
4023.0,1272483.2633478,236920.920614645,4.0,212121.8284811593,12.264916051245779
4024.0,1266636.49713382,257571.596859798,4.0,262896.2946416621,12.479514916444675
4025.0,1266951.38596614,257564.074875787,3.0,24599.22248837024,10.110470115257158
4028.0,1274926.64856631,223358.675800756,3.0,43539.76973771046,10.681430046251597
4029.0,1275105.69842249,223354.730904758,4.0,339417.1259397773,12.734985089966438
4030.0,1285205.57715283,260870.49542316803,3.0,21152.46830234072,9.95951188226737
4032.0,1273042.44856438,203770.14477270804,3.0,127864.43708017598,11.758725896363488
4033.0,1273989.46309336,203994.431684926,3.0,46485.65566968433,10.746899063763795
4034.0,1265690.95870085,248753.019378766,4.0,379588.1238958971,12.846842059390504
4035.0,1276725.53208815,253305.635895431,3.0,28839.033906201985,10.269485092439812
4036.0,1276843.30546427,253302.835063428,3.0,11203.008975268876,9.323937679707102
4037.0,1280607.53222013,229159.477854699,4.0,845413.7083887446,13.647581382252753
4039.0,1259609.24675862,246570.123440534,3.0,947.0746029622186,6.853377868290439
4040.0,1259611.04631062,246654.399536625,3.0,51394.800389084085,10.847292286580819
4044.0,1280285.6542678,230485.935136065,4.0,81683.44299993581,11.310606604251044
4045.0,1277728.25944918,247672.51198566,3.0,7497.378742294144,8.922308737407237
4049.0,1270621.7476979,205204.840390176,4.0,90843.37774797875,11.416892179015422
4050.0,1270613.51544189,204909.006021872,4.0,144452.09148519873,11.880703184745594
4051.0,1286750.63046642,196075.404540822,3.0,3021.218469984284,8.013415495880253
4052.0,1286757.28141043,195829.05337257695,3.0,25019.801285333266,10.127422841756479
4061.0,1265346.6821565,244538.594734445,3.0,46971.94579443296,10.757305804486881
4062.0,1265609.03562877,244532.691502452,4.0,400456.4963575986,12.900360416263766
4063.0,1280890.48242842,247922.509873912,4.0,89432.99160687487,11.40124492671939
4064.0,1281188.39391673,247916.250353903,4.0,83447.99107579388,11.331978855412482
4065.0,1270962.36613025,205195.530694157,4.0,203599.16762966907,12.223908475387226
4066.0,1266025.6151492,251614.702901691,3.0,52298.98479493335,10.864732238677872
4067.0,1274850.36952624,216434.111889675,4.0,85267.69812068656,11.353550976188027
4069.0,1266793.63268597,249229.398323253,4.0,45771.45771563674,10.731415981854461
4070.0,1267819.78084703,285003.611863881,4.0,174478.68828117443,12.069557882972276
4071.0,1267821.68017504,285387.491352275,4.0,550815.1871422548,13.219154618336423
4081.0,1274311.90174969,231642.250721246,4.0,135913.09021546043,11.819770917910098
4082.0,1274616.83614999,231633.079201236,4.0,144425.639617066,11.880520049353981
4086.0,1282123.16959767,212186.078733325,4.0,27745.429625168428,10.230826407418215
4087.0,1282394.90758196,212177.911053315,4.0,8349.030490762083,9.029900702212974
4088.0,1280964.25951649,209178.977738246,4.0,167605.39745641928,12.02936767090548
4089.0,1281244.56703678,209225.74209028497,3.0,10431.315056959056,9.252567624127336
4090.0,1270587.00728187,229218.243486762,4.0,365517.9084006071,12.809070553963743
4091.0,1270593.51416187,229637.244255185,4.0,317223.23570340645,12.667361018592802
4094.0,1265619.69700478,244962.885230884,4.0,340352.6497648057,12.737737564257296
4095.0,1265879.90878105,244957.038766876,3.0,22341.172106796967,10.014186537979043
4096.0,1274300.27838966,206204.336071193,4.0,406706.9819510868,12.915848259072982
4097.0,1274958.28696634,206190.41843918,4.0,883308.8128746048,13.691430149899125
4100.0,1274478.46667784,213952.567631125,4.0,186960.6647261463,12.138653524652216
4101.0,1278434.8505539,249598.43205162897,3.0,46604.27858091122,10.749447630940008
4102.0,1278440.23109791,249957.889651999,4.0,197001.4240439344,12.190966236343412
4103.0,1279436.17823492,220656.189717993,3.0,26149.56943623048,10.171588004203807
4104.0,1279395.46572289,220285.165845618,3.0,3992.6435361002696,8.292208830876936
4105.0,1279295.27890678,227015.669148505,4.0,295673.1479160241,12.597009893181628
4106.0,1279306.8629068,227449.85097295,4.0,231245.19280833832,12.351233867302767
4107.0,1281206.88761275,263112.937473476,3.0,17746.69358186421,9.78395450047376
4109.0,1272811.65016414,230022.85769558,4.0,842587.2772976953,13.644232529074932
4113.0,1271116.28216241,282792.586773619,3.0,83826.05869002068,11.336499201019311
4114.0,1271345.10456264,282799.893205628,1.0,0.0,
4115.0,1263585.8464427,283951.50831081,1.0,0.0,
4116.0,1263376.92458647,283959.015510812,3.0,135509.70828922113,11.816798564626236
4123.0,1277567.83884101,212511.115789652,4.0,165005.8978528996,12.013736496806924
4124.0,1263024.43479413,259149.532349408,3.0,57192.474503934,10.954177604095968
4125.0,1262693.88100179,259158.010365427,3.0,17007.999410311517,9.741439065910487
4128.0,1275459.14751086,214251.010959432,4.0,577409.8891790832,13.266307673149658
4129.0,1269754.68644901,245936.570927888,4.0,235094.7002492943,12.367743691735981
4130.0,1270064.73438533,245930.472495869,4.0,423817.9381002375,12.957059250726239
4132.0,1280110.96037962,218427.438611716,4.0,582696.798615559,13.275422259063488
4133.0,1272097.78315541,247208.61400118505,3.0,33091.09364969435,10.407019451130882
4134.0,1272763.43832409,247188.971313164,4.0,174830.09170663435,12.071569876739028
4135.0,1281634.25420518,228269.394973785,3.0,202353.2650143144,12.217770285653522
4136.0,1264998.80753215,251601.234485686,4.0,223435.0164442477,12.316875896594134
4137.0,1265008.56900415,252029.051190123,4.0,302133.9077902056,12.618625601361648
4138.0,1255559.32899448,250969.098933041,4.0,194513.2681599601,12.1782556564747
4139.0,1280727.66649225,216290.801489532,4.0,81452.68864003498,11.307777623185014
4140.0,1280719.69042824,215890.254673108,4.0,34345.07390330655,10.444213878437967
4141.0,1282020.28166157,246576.428208545,4.0,16887.791853057035,9.734346264313466
4142.0,1282029.06182158,247239.374385223,4.0,103076.312233965,11.5432248883596
4143.0,1288043.84345974,202042.040578932,3.0,199699.7521231505,12.20457027815702
4144.0,1285509.00601715,242534.412716404,1.0,0.0,
4145.0,1285511.86227314,242673.05450853697,3.0,42496.023809523824,10.657165793112771
4146.0,1278959.89637844,226521.796123996,4.0,358551.9263089258,12.789828771793642
4147.0,1261652.91594471,248505.843634516,4.0,187237.3428991778,12.140132304430907
4148.0,1264332.52471545,258950.084285215,4.0,455060.3800860541,13.028185392614592
4149.0,1264004.83773912,258958.37919721,4.0,301908.7865671875,12.61788021950191
4150.0,1276717.51864815,223321.340888724,4.0,286996.36108865845,12.567224815527783
4151.0,1284153.58252776,251960.009014055,3.0,119365.29180914108,11.689943749316933
4152.0,1284153.21964775,252219.071478322,3.0,197084.5440396695,12.191388073220132
4153.0,1278086.74821754,217025.744850278,4.0,124698.17635043102,11.733651507266332
4156.0,1275030.87864642,284495.973143369,4.0,794983.8591939611,13.586077090529685
4162.0,1279626.97349912,214390.276751578,4.0,197513.00378958977,12.193559703128432
4163.0,1279629.04633112,214109.121423289,1.0,0.0,
4172.0,1279639.16505113,223829.16533725,3.0,323057.0090047642,12.685584085097535
4173.0,1279869.90079537,223816.120089233,4.0,1033812.8511806058,13.848764322679198
4174.0,1284482.6740481,259088.811645344,3.0,127358.35630240595,11.75476009507789
4179.0,1285255.58592089,209089.792266145,4.0,701038.6798844287,13.460318342646293
4180.0,1272868.4328842,253172.946551293,3.0,48323.40307113892,10.785671257925525
4183.0,1278155.90060161,248823.93688283896,3.0,664620.516461213,13.406971504816179
4184.0,1278160.68472962,249088.424819112,3.0,107615.19606851682,11.586317144140743
4185.0,1264926.90513207,254822.374008983,4.0,143064.78925464675,11.871052878346864
4186.0,1264931.85815607,255086.335417256,4.0,371794.5096910864,12.826096587326363
4187.0,1283601.14534318,201868.668546751,4.0,126816.19809024838,11.750494058017773
4188.0,1283598.04588719,201543.905410424,4.0,120848.93464294769,11.702296570560689
4189.0,1286485.76358615,243581.589741468,3.0,124219.8914482546,11.72980859224602
4190.0,1286617.96243428,243820.441261709,3.0,81284.08309946055,11.305705496534095
4191.0,1274425.58098179,211713.859148845,4.0,377822.166420064,12.84217890469489
4192.0,1266035.6604612,245493.708591431,4.0,233751.88395646669,12.362015506825264
4203.0,1266581.69047776,282806.254741639,3.0,84777.99999999999,11.347791354158918
4204.0,1267138.04894233,282744.948437572,4.0,462992.0275328868,13.045465113768687
4208.0,1288233.02611594,188446.608117014,3.0,88796.38006560178,11.394101163122338
4209.0,1272584.87569991,245471.249967411,4.0,46863.85518460006,10.755001978942394
4210.0,1272604.24440393,246135.64990408704,3.0,43241.40807202902,10.674553835330924
4213.0,1273431.94782878,247169.187889144,3.0,177725.74190076417,12.087996865220054
4214.0,1267739.48510295,252643.89675875,4.0,317558.0534527473,12.668415926121142
4215.0,1268090.54411131,252635.823926747,3.0,78354.31186916275,11.268996279698891
4217.0,1253361.61788823,251070.049525142,1.0,0.0,
4218.0,1253371.64899224,251303.642229378,3.0,84778.0,11.347791354158918
4219.0,1277703.49336915,224835.656730279,3.0,17276.6903979214,9.757113496116169
4221.0,1268688.88081592,226501.115675986,4.0,622598.9644192625,13.341657873671947
4226.0,1275169.06667855,231892.296481505,3.0,16826.903111110092,9.730734260217877
4227.0,1275177.85144657,232184.4212818,4.0,131279.67504136168,11.785085250451354
4230.0,1279606.8337231,276300.871758983,3.0,120258.19929948638,11.6973963710862
4231.0,1279605.4561231,276401.356111079,3.0,127246.78338590715,11.753883656182921
4232.0,1282966.36735854,203321.264388248,3.0,12681.609701552874,9.447908168005986
4233.0,1279046.69509853,271787.109450355,4.0,140869.64017779226,11.855590203965525
4235.0,1278274.46143374,262550.1827209,4.0,452292.7570271751,13.02208494169008
4237.0,1271751.70705906,221841.520663202,3.0,87390.50564008184,11.378141924622494
4238.0,1276305.88594373,263936.571330309,4.0,467601.2586314509,13.055371200260455
4239.0,1270627.98065791,242279.767852142,4.0,404745.35551761865,12.911013396533015
4240.0,1270921.75697821,242271.190764129,4.0,406705.3270388334,12.915844190011732
4243.0,1281427.44492497,244095.696942002,1.0,0.0,
4244.0,1269846.4385771,206941.042311952,4.0,708856.4035031853,13.471408251155514
4245.0,1276520.54303195,228235.987549752,4.0,96168.22904971728,11.473854322747718
4248.0,1259729.65207075,245374.206575304,3.0,24104.73295284565,10.090163488282013
4249.0,1262659.25904974,256480.566586673,4.0,296489.8381061029,12.599768224003258
4250.0,1262668.23312975,257008.936571226,4.0,232272.62838552837,12.355667083084029
4253.0,1258833.61808583,258808.97990106,4.0,695004.0110827317,13.451672895872335
4259.0,1285020.19923264,205306.65805427695,3.0,54448.58177350524,10.905012081621622
4260.0,1285017.54668865,205176.474630147,4.0,403110.6046392502,12.906966256472563
4261.0,1257310.91050027,252392.752886489,4.0,89910.69259899922,11.406572152196832
4262.0,1257322.74902828,253058.263351172,4.0,203422.61136233617,12.223040923391144
4263.0,1281284.44262081,261798.600512132,3.0,335908.5779442911,12.724594312470776
4264.0,1281310.67090884,262458.030336797,3.0,97134.66976738216,11.483853642738705
4269.0,1274546.04824592,228808.567454338,4.0,120401.0841388404,11.698583816291736
4274.0,1276967.01682439,217865.317651138,4.0,340309.4970904733,12.737610768093914
4276.0,1283842.87545544,241404.328043237,1.0,0.0,
4277.0,1284030.78060763,241276.439147115,4.0,134391.66571556593,11.808513694103526
4278.0,1283582.57580717,206539.74253554604,3.0,157967.84191306346,11.970146759097815
4279.0,1283670.13401526,206538.813767537,3.0,57909.816878796846,10.966642198045898
4280.0,1278177.43730564,205770.284102753,1.0,0.0,
4281.0,1278161.59448962,205419.04039038703,3.0,69525.07742684304,11.149442792756245
4282.0,1267769.37022299,244615.477422535,4.0,75184.73115293354,11.2277034461428
4285.0,1280591.4882521,201292.115586162,3.0,51223.92083914386,10.843961905811373
4287.0,1258827.75197382,247449.261809438,4.0,371264.7085994703,12.824670587437382
4288.0,1258834.13187782,247752.246065736,4.0,264666.7217652371,12.486226659742139
4289.0,1263867.08177099,249656.183859691,4.0,249773.1512968937,12.428308390100076
4290.0,1263880.17066699,250321.199924365,3.0,38717.84347913627,10.564055844569234
4295.0,1281203.84562874,228962.370590508,4.0,486698.0047520136,13.095399096269304
4299.0,1276389.01439181,231264.806304857,1.0,0.0,
4300.0,1276533.21554396,228772.733214304,4.0,52680.34313504532,10.871997669409378
4304.0,1258127.51907711,252378.591158479,4.0,46511.88533280551,10.747463157470659
4305.0,1257863.58160484,252383.337526485,4.0,50539.02022990757,10.830500994721579
4306.0,1270909.5962102,241840.369771689,4.0,635102.0140984291,13.36154091709517
4307.0,1271203.2596985,241832.081451684,4.0,712092.6996787748,13.475963378097381
4308.0,1278158.40556161,231216.887072816,4.0,119135.7715149146,11.6880190588197
4309.0,1274938.90539832,205394.094598368,4.0,910631.3155798066,13.721893391341798
4310.0,1274918.52523831,204593.03942954505,3.0,968083.3891034988,13.783073508316457
4311.0,1274136.02680551,248480.155698493,4.0,248409.51062141889,12.422833915834353
4312.0,1274808.56152619,248459.931058466,3.0,52006.24314362022,10.85911905081112
4313.0,1282336.6317419,204169.062277108,4.0,350160.83701752085,12.766147862247804
4314.0,1277855.05279331,253713.838519841,3.0,20874.20323616698,9.946269380663297
4315.0,1276484.4935599,217367.671378627,4.0,110658.31973862168,11.61420253233738
4316.0,1276806.42008823,217359.872850627,4.0,270353.1733972381,12.5074844328483
4317.0,1270648.39825793,213115.000078276,3.0,39714.81086674727,10.589479466793454
4318.0,1270757.16216204,212143.291405275,3.0,84874.33219165141,11.348926996690443
4319.0,1262352.00669743,253671.373367801,4.0,827567.1661354232,13.626245550474703
4321.0,1279847.82437935,261836.898368165,3.0,401278.12389704754,12.902410041679277
4322.0,1280272.49580379,261825.524032146,4.0,544288.9368580886,13.207235518766689
4323.0,1258943.96106194,253711.185591847,4.0,147782.12912996297,11.903494367668566
4324.0,1258678.56886967,253713.374903843,3.0,140281.669506474,11.85140760542705
4325.0,1258573.47261356,257169.544187382,4.0,313161.04619095195,12.65447286177164
4326.0,1258312.00688529,257089.741819307,4.0,291258.5077294485,12.581966494523646
4327.0,1263969.61898708,250319.59134836504,3.0,18837.183513471653,9.843588041916197
4328.0,1263984.3433391,250969.441781029,4.0,49395.0920501446,10.807606347028708
4334.0,1285142.07724877,199895.146944731,1.0,0.0,
4335.0,1285393.63846503,199892.751616731,4.0,454440.2086524992,13.026821629825754
4336.0,1270309.37726559,241857.162091702,4.0,492145.66662176006,13.106530022023694
4337.0,1270616.0187379,241848.987563699,4.0,573100.0753058636,13.258815631940735
4339.0,1266329.03550151,242300.672684163,3.0,246240.8438522808,12.414065376017293
4340.0,1277442.68716088,217041.366546288,4.0,131321.96164790966,11.785407309425903
4341.0,1277598.61893705,217037.752402291,4.0,485803.1906900926,13.093558863437435
4342.0,1279242.47161072,252111.70655021103,3.0,28603.28587404027,10.261276880909222
4343.0,1279243.34789872,252595.738678709,4.0,343879.0786697667,12.748045359064617
4345.0,1276520.98917595,269218.806535721,3.0,75293.63367104424,11.229150864012482
4346.0,1276772.8659762,269210.63098371,3.0,34487.93587099675,10.448364856966785
4356.0,1279878.84537138,214385.354511574,4.0,261015.3010378556,12.472334309252584
4357.0,1279865.50681137,213661.064590827,3.0,187096.7144108517,12.139380951503243
4370.0,1279885.78892338,224536.139993966,4.0,969215.2440790536,13.784241996318205
4371.0,1275784.70559119,203673.062596604,4.0,1073108.7816330702,13.886070397306458
4372.0,1276084.6659115,203665.4730286,4.0,913957.1540082012,13.72553897188477
4373.0,1271494.1232508,249320.449011341,4.0,94352.33449593488,11.454791293425782
4374.0,1272156.63672347,249296.823411331,4.0,96198.0608350095,11.474164478810396
4376.0,1270097.50468937,247261.723761246,4.0,883543.0804224178,13.691695330642428
4377.0,1273700.47582905,240567.755882382,3.0,9688.809464897637,9.178726835096963
4380.0,1273600.90648495,236832.250854567,4.0,85235.2216966113,11.353170027586058
4381.0,1273918.63282128,236827.495974556,4.0,156829.46235304946,11.962914266907644
4383.0,1271234.14577852,212855.737806007,4.0,105416.44550270015,11.565673932355455
4385.0,1275535.44197494,261440.90246376404,3.0,212145.44691968075,12.265027388791308
4387.0,1264498.84164363,251610.471989691,4.0,54456.64316927807,10.905160125864528
4388.0,1264248.86673138,251615.101877704,4.0,505120.3170724919,13.132551931508782
4389.0,1269784.48235305,244062.766573966,3.0,63613.76162778356,11.060585103717253
4390.0,1270078.75697735,244054.707245961,4.0,181760.79590113432,12.11044679336281
4391.0,1280339.33522785,267114.335301563,4.0,267069.91818487353,12.495265768962456
4392.0,1265634.8692288,258256.258876503,4.0,199686.65041449288,12.20450466896963
4393.0,1265965.93418913,258248.373052493,4.0,348350.3531087885,12.760964014118692
4399.0,1273284.74104463,226326.386075795,4.0,984086.568547449,13.799469148330822
4400.0,1273129.06258047,226589.96034807,4.0,360786.93647785374,12.79604285941382
4405.0,1280304.87436381,219409.114772722,3.0,33006.59868520527,10.404462780616985
4406.0,1280366.38111588,219406.739476711,4.0,83859.92173664189,11.336903087462238
4407.0,1275471.35615087,215440.780560657,4.0,109024.70088976948,11.599329749205891
4408.0,1275456.41848685,214879.888592079,4.0,87866.26814894391,11.383571257449665
4410.0,1272399.30974773,227981.098973498,4.0,199620.6288521862,12.204173988482015
4411.0,1256871.34774782,248344.100530341,4.0,167235.81172633,12.0271601416645
4414.0,1274857.33080624,236340.431334049,3.0,41345.6035390325,10.62972137168021
4415.0,1274869.46392626,236813.268326536,3.0,2497.9531583785965,7.823226938859827
4416.0,1282701.02342227,269028.282631531,3.0,33085.2141758919,10.406841759929572
4417.0,1282701.65139027,269693.63988021,3.0,42988.569619269605,10.66868953653087
4418.0,1288721.35322043,248420.071538419,4.0,43648.69019116017,10.683928553742158
4419.0,1288746.57466047,248684.583474696,3.0,88458.50223635325,11.390288819743292
4420.0,1284884.04300851,262908.171841264,3.0,202834.76560172797,12.220146964023472
4421.0,1284819.23148844,263172.989185527,1.0,0.0,
4422.0,1277847.2877373,251295.883061364,4.0,255746.94560408656,12.451943740845534
4423.0,1277848.2880573,251627.279669717,1.0,0.0,
4427.0,1271481.78174677,241258.751211092,3.0,103122.1532718998,11.543669518619843
4433.0,1270218.83972949,283695.318870544,3.0,43558.49467485917,10.681860018939652
4434.0,1270406.15364967,283692.789014548,3.0,7000.082517550998,8.85367721618954
4442.0,1289249.89382897,191741.214392379,3.0,609818.4425277296,13.320916556646903
4443.0,1296910.58657283,184563.148401037,4.0,843692.1562263296,13.645542963235226
4444.0,1297204.44129312,184552.353777021,1.0,0.0,
4445.0,1296257.74401215,184597.107953072,4.0,426233.8333055739,12.96274337913173
4446.0,1277301.63493674,232791.621154428,4.0,710169.7965332648,13.473259370472537
4447.0,1280374.13106789,278557.231377289,1.0,0.0,
4448.0,1284592.9287682,205854.32301484,4.0,145172.1754729833,11.885675734035711
4449.0,1285032.88851266,205842.058886826,3.0,25483.97699199224,10.14580518039467
4450.0,1288465.52141218,186999.34859553,3.0,129786.07207803812,11.773642774552059
4451.0,1288459.18707617,186745.918323278,3.0,84777.99999999999,11.347791354158918
4452.0,1277150.99384859,212868.630798027,4.0,72446.5385375297,11.19060416934769
4453.0,1275269.40178266,251104.658357173,4.0,539536.1358741728,13.198465041741551
4454.0,1276182.96658359,251063.78373313,3.0,414757.4590964792,12.935449192451498
4461.0,1286752.33523442,247145.900849119,5.0,525143.722990575,13.17142726218614
4462.0,1287445.30957113,247129.235825107,3.0,57386.86851510303,10.957570784621579
4463.0,1280979.10726051,251900.135733992,3.0,36725.97669507095,10.511239595516786
4464.0,1281247.10930878,251895.137077987,4.0,28044.06425497684,10.241532275544346
4467.0,1259177.50122218,251701.581045792,3.0,56352.015566535774,10.939373287533398
4468.0,1259180.27779819,251861.526581943,3.0,18963.792887350985,9.850286802603533
4469.0,1280437.88159595,254622.401656777,3.0,26055.650963762266,10.167989951247767
4470.0,1281330.69510086,254232.69868037096,3.0,4573.7887212659125,8.42809718227537
4471.0,1254586.11344148,252308.943350405,4.0,75419.43795385923,11.230820318568448
4472.0,1254590.38544148,252568.997622669,4.0,103257.11347000864,11.54497740404339
4473.0,1274521.8081819,216181.610065416,4.0,504014.3520618071,13.130360022961172
4474.0,1274843.72056623,216174.04776141,4.0,320066.69489426067,12.676284674603721
4476.0,1262177.58122525,249026.469619051,4.0,264529.4439065381,12.485707843202324
4477.0,1262166.23543324,249292.885043323,4.0,87927.07479104363,11.384263054346043
4479.0,1282338.8279659,204714.073989674,4.0,1092682.940445046,13.904146643141774
4480.0,1282337.7285739,204441.568581387,4.0,598176.3489887766,13.30164088743345
4481.0,1286131.95129779,205422.209350392,4.0,441536.052820742,12.998014955535298
4482.0,1286107.52249776,205143.760134116,5.0,738532.5892938025,13.512420509016884
4483.0,1269994.83819325,223668.036377072,4.0,242853.25631641556,12.40021265644008
4489.0,1275632.75378303,263955.707458332,4.0,147757.95701206572,11.903330788383828
4490.0,1281336.00486088,263108.437825471,4.0,63662.38065541848,11.061349096546193
4492.0,1271243.85208254,256887.023419097,1.0,0.0,
4493.0,1278176.40056963,249963.205556005,4.0,77784.5783788551,11.261698469166557
4494.0,1271854.23870715,244004.049197897,4.0,60842.582660958855,11.016045195520885
4501.0,1281678.67046122,245090.509935021,4.0,791858.9174310685,13.582138520371986
4502.0,1263787.5865389,211047.790284157,4.0,113541.9024582402,11.639927232425807
4503.0,1263778.12983489,210415.147531509,4.0,47575.64903184427,10.77007633435914
4509.0,1277405.26764084,225256.145434707,4.0,239669.88950347324,12.38701779510797
4510.0,1277413.78232886,225624.489499077,4.0,341511.9299055801,12.741137891220525
4511.0,1260016.73053505,254366.18789652,4.0,295687.6493200958,12.597058937366302
4513.0,1261687.17303275,258360.81113261,4.0,744239.6097768969,13.520118318118021
4517.0,1293218.01882504,187820.638260365,3.0,17204.71650045962,9.752938840354444
4518.0,1292859.67143267,187666.28459622,4.0,72609.73891636939,11.192854336669845
4520.0,1273242.83205259,273445.133708045,1.0,0.0,
4521.0,1273741.46360509,273427.91194804,3.0,45608.43558866629,10.727847969373281
4522.0,1277403.19967285,277806.856912524,4.0,351180.38973072224,12.769055301287528
4523.0,1268146.68868737,285199.296216086,1.0,0.0,
4524.0,1268150.21163137,285382.589144275,3.0,242651.5063585205,12.399381562761839
4526.0,1281057.44306859,271716.715850279,3.0,67290.74319450767,11.116777960771508
4527.0,1280359.33977187,220728.981270075,4.0,47412.89223167118,10.766649458711075
4528.0,1280659.13804418,220717.91464605895,5.0,45373.182592064266,10.722676517697552
4529.0,1271497.4284028,241823.803883672,4.0,59457.593175943024,10.993018617696219
4536.0,1284434.09574404,202510.834947407,3.0,693521.4622753878,13.44953746602367
4537.0,1284704.20838432,202509.323779419,4.0,693042.5078415335,13.44884661516756
4539.0,1271765.40453108,222453.518167838,4.0,790326.1850383552,13.580201031680184
4541.0,1285798.00249743,244530.19217445,3.0,176684.44673337467,12.082120633683166
4542.0,1282082.37273364,225607.544347063,4.0,75085.53174988746,11.226383166061568
4544.0,1288107.39091581,252384.594742492,3.0,228578.1061932944,12.33963325232362
4547.0,1279235.22521073,202018.77158691,4.0,359923.0061166185,12.793645415660155
4548.0,1279223.10911471,201374.585922256,4.0,135934.50049998614,11.81992843473424
4550.0,1272400.94757172,227167.564828664,4.0,72398.73581298755,11.189944117074779
4554.0,1262971.87229806,244118.638830021,4.0,53537.903875738746,10.888145165686696
4555.0,1262972.42410606,244246.971950158,3.0,57099.7964536364,10.952555830902833
4566.0,1282918.28447849,200903.736129776,3.0,76121.54480978967,11.240086615604968
4567.0,1263056.55748215,261412.529471725,3.0,169542.0,12.040855962718982
4568.0,1262851.61034594,261417.644607738,1.0,0.0,
4569.0,1266654.14935784,241778.676971629,4.0,131557.78016589832,11.78720142699173
4572.0,1280029.57074754,217494.338770762,3.0,19545.075650906136,9.880478648821056
4573.0,1280182.35129169,217489.12981075,3.0,43176.75246140885,10.673057491916879
4574.0,1283818.41785541,249196.70513922,4.0,369275.1371829186,12.8192972744013
4575.0,1284149.17535976,249190.499443218,4.0,291541.3268256088,12.582937047710494
4582.0,1269203.39294446,243652.645677537,4.0,109198.48443276668,11.600922463375811
4585.0,1277541.55672899,207676.258632705,3.0,481557.4833384755,13.08478088697516
4586.0,1273832.47781318,207042.621448055,3.0,46289.33764043664,10.742666925010361
4587.0,1273765.87954111,206764.72013576297,3.0,60150.38229018064,11.004603076996604
4588.0,1285736.97209738,206222.826503217,3.0,1168.1233924688088,7.063153802045207
4591.0,1275720.94648713,279941.256530702,3.0,291857.5951504535,12.584021274451112
4592.0,1275732.31787914,280539.544659317,4.0,444530.7668443053,13.00477454828832
4596.0,1280492.90412401,248595.682738602,3.0,9344.672258623094,9.14256164796626
4598.0,1264017.34852314,244100.246830001,4.0,146839.08680363695,11.897092618602308
4599.0,1263752.12925887,244104.853422001,4.0,134515.6004875399,11.809435460052798
4601.0,1275782.04152718,224618.600410059,4.0,475946.2034974948,13.073060108964151
4602.0,1276103.93816751,224610.379674047,4.0,414084.86770684447,12.933826226259935
4603.0,1270635.93995391,205734.606022716,4.0,74231.02382063249,11.214937452561708
4604.0,1270975.85003427,205725.178886712,4.0,189925.74827941816,12.154388476231599
4609.0,1275412.5337508,231589.616033196,3.0,40837.49636766424,10.617355966963236
4610.0,1275660.27896705,231581.655073181,4.0,90019.87740744367,11.407785785009112
4611.0,1263657.03594677,257644.358203873,4.0,119090.42285413566,11.687638339466424
4612.0,1274501.95288587,225097.759898543,3.0,20335.74743134333,9.920135573571589
4613.0,1261008.15671206,257538.307899758,4.0,172958.59559781072,12.060807513030927
4614.0,1279590.18053909,222894.360088289,3.0,372846.46589917736,12.828921994314111
4615.0,1279605.08569109,223587.21570499204,3.0,346193.13035239896,12.75475207852448
4616.0,1282251.80089381,199272.739392102,3.0,188532.2740038746,12.147024486089276
4617.0,1282252.56530981,198958.090367779,4.0,123539.10202176277,11.724313000498872
4625.0,1274401.64830977,277918.040400624,4.0,971007.7929098522,13.78608977289507
4626.0,1274403.35890177,278914.686417654,4.0,282742.673106484,12.552292480668205
4627.0,1280095.7687636,279972.863058731,3.0,369856.5626585479,12.82087054096714
4628.0,1279819.91865131,280687.333459467,3.0,138444.85949336182,11.838227398934453
4631.0,1269793.01412906,283359.472470209,3.0,244972.5442424749,12.40890141893076
4632.0,1270403.77080168,283352.162454203,4.0,75626.4546501353,11.233561430191264
4635.0,1273384.55486873,202576.088771477,4.0,394475.9530497159,12.885313461896175
4636.0,1281956.9560295,218156.306899428,3.0,44320.95465425136,10.69921286122193
4637.0,1282018.50969358,218151.000147432,1.0,0.0,
4638.0,1281866.42470141,212193.795853332,4.0,62111.87181285282,11.036692422160142
4639.0,1282083.18738964,212187.280781329,4.0,17640.906484214607,9.77797571623449
4642.0,1278208.38578567,256250.847546443,3.0,755062.6098805303,13.534555951786988
4643.0,1278557.49855402,256240.67205843297,3.0,732858.4327101829,13.504707828123477
4644.0,1270935.11685023,242735.971372604,4.0,257560.41152528604,12.459009579434994
4645.0,1270946.99870624,243146.004333019,4.0,156750.88325011768,11.962413093248783
4646.0,1280033.88537154,251254.923765332,3.0,186646.38184701712,12.13697109946166
4647.0,1280177.89919569,251252.348021328,3.0,298294.66970386374,12.60583710143224
4649.0,1283772.56915137,208254.205001295,1.0,0.0,
4650.0,1284313.25311992,208244.209609285,4.0,292569.4171844752,12.58645724120484
4651.0,1285552.94816118,208228.351369262,4.0,85146.5124810918,11.352128727895533
4652.0,1285863.09254551,208224.383881271,4.0,27078.97492710993,10.206512872805686
4655.0,1274250.82347761,203412.111684337,4.0,83849.84523826007,11.336782921552098
4658.0,1269250.00043249,209042.927498102,4.0,421072.53745246725,12.950560395809783
4659.0,1269561.30526482,208703.76576975,3.0,116116.71296579232,11.662351110519449
4660.0,1277681.68178514,245338.756143272,4.0,197274.57783412808,12.192351833400268
4661.0,1277669.75429712,246009.70167996,4.0,90257.27400184463,11.410419471305643
4668.0,1291555.95450334,188158.297396719,3.0,9182.245293510849,9.125027039058182
4669.0,1279864.72268337,223581.501784995,4.0,764187.1935008853,13.546568055808047
4670.0,1283848.48371145,194575.954171285,4.0,1082606.0963929691,13.894881744580747
4671.0,1284029.35180762,194572.329467282,3.0,380699.254596233,12.84976498438662
4675.0,1272508.82200383,230868.075104445,4.0,193828.6195704397,12.174729643337868
4677.0,1269381.74891263,245423.36657536,4.0,83296.70460980097,11.330164266865806
4680.0,1266300.14647748,241059.323754892,4.0,566295.304147778,13.24687095990396
4681.0,1281698.36793324,267116.363845572,3.0,115496.06987639044,11.656991781320814
4682.0,1282248.37407781,267105.638469562,4.0,343607.7303315139,12.747255966893624
4683.0,1274419.72600579,210434.692107528,4.0,705876.1867204076,13.467195128178481
4690.0,1281536.39519708,211226.977932334,4.0,456238.2785151489,13.03077049262312
4691.0,1289352.46253309,186638.440499157,1.0,0.0,
4692.0,1290057.3610938,186671.844979197,3.0,280648.48876819765,12.544858235599737
4693.0,1274227.72344559,256033.019898221,4.0,78060.76912783715,11.265242893720105
4694.0,1274894.07019827,256014.666234195,4.0,150525.86934147685,11.921890237711931
4698.0,1279832.80082734,200877.203713745,4.0,108226.34000719046,11.59198005391235
4699.0,1280400.1287639102,200866.10694572303,6.0,422340.3073092626,12.953566683464723
4702.0,1262669.28855376,257667.392955899,4.0,182760.2389413898,12.115930403081638
4704.0,1280910.82719643,259161.841725424,3.0,110940.41751048031,11.616748556992087
4705.0,1281580.69266912,259145.436221406,4.0,208095.5743510888,12.245752745221841
4709.0,1274195.66738155,251131.14354120204,3.0,970488.1798407458,13.78555450206391
4710.0,1274849.84159023,251108.876853183,4.0,697901.5663712687,13.455833349409184
4711.0,1277097.18258452,215137.139728338,3.0,78085.01363439776,11.265553430531622
4712.0,1277102.81381653,215040.31809625,3.0,33999.786791761035,10.43410953274808
4713.0,1265585.53566074,254809.880568966,4.0,156394.27022846867,11.960135471054409
4714.0,1266815.67262201,248968.779442981,3.0,4800.417454046182,8.476458162707301
4715.0,1267147.23268634,248960.608178973,4.0,103478.50448026675,11.547119183936802
4716.0,1280433.84716395,222588.462103978,4.0,351634.069696026,12.770346339120442
4717.0,1285815.97651346,248488.662578493,4.0,474994.7305626156,13.071058989402855
4718.0,1286415.68723407,255235.828537405,3.0,42391.0,10.654691354537883
4719.0,1284953.27974458,255501.57573767,3.0,268340.00000004744,12.50001011214464
4720.0,1285298.03494492,255799.99800998,4.0,688896.8179161686,13.442846782491172
4721.0,1279041.34668252,228734.891742274,4.0,140783.04598618858,11.854975303426057
4722.0,1277626.20415308,264554.076034948,4.0,179171.60471191397,12.096099311118818
4723.0,1277627.69106507,265215.293507621,3.0,90548.80614876882,11.413644278782554
4724.0,1272674.384372,276654.377615333,1.0,0.0,
4725.0,1293713.57095355,182596.935151026,4.0,916439.9474282244,13.728251820305216
4732.0,1276513.32978393,227920.871389434,4.0,44852.427173873424,10.711132983611789
4733.0,1272439.28670776,209867.075146943,3.0,65637.8247598255,11.091907405712591
4734.0,1272725.79698005,209680.974474758,3.0,16527.143449812684,9.712759365828013
4735.0,1271324.00907461,248308.666226313,3.0,13196.32047091591,9.487693317512505
4736.0,1277095.34104852,213541.058638707,3.0,18355.899132798982,9.817706280446183
4737.0,1264029.77764314,209746.713802829,3.0,48199.54378482908,10.783104834948858
4738.0,1263769.78961088,209749.309002832,3.0,80420.76350092128,11.295027674324642
4743.0,1275960.64645536,262621.228800967,4.0,198772.34832904465,12.199915470618045
4745.0,1268294.84459151,230555.517344132,4.0,532310.1158685522,13.184981523054203
4746.0,1287950.93683565,192755.26719342204,3.0,48494.83223488468,10.789212519390475
4758.0,1277123.41580056,278850.016913593,1.0,0.0,
4759.0,1277122.30885656,279145.291601881,3.0,237356.67426153773,12.377319243497896
4764.0,1275539.63058293,273629.95386824,1.0,0.0,
4765.0,1277307.98693675,247337.713137314,4.0,60540.36096264814,11.011065544940626
4766.0,1277468.0191289,247334.35025730697,3.0,34789.83519166131,10.457080530901692
4769.0,1259465.12471047,253041.151223153,4.0,139673.1084173286,11.847060031492338
4770.0,1259476.87235849,253706.380151838,4.0,169490.5081996214,12.040552205412357
4771.0,1268608.56343985,212910.03131006696,3.0,130690.53370921587,11.780587469362802
4772.0,1268659.93470389,212905.788238063,4.0,96005.74591252935,11.472163321914353
4773.0,1266700.37694189,245479.353967413,4.0,164252.6112886976,12.009160834477392
4774.0,1267057.78174224,245471.454063401,4.0,86869.72882545923,11.37216490563587
4775.0,1284214.20774382,259891.30316616604,3.0,239495.86955620744,12.386291449572523
4783.0,1260956.09316,248521.012274534,4.0,191925.2111426256,12.164861049826408
4786.0,1282159.07698971,227787.709277302,4.0,77198.67799499068,11.254137611449023
4787.0,1282175.40012573,228248.128925771,3.0,53821.07616836382,10.89342041977708
4791.0,1268943.52241617,243659.88618955,4.0,106064.08607461271,11.571798776015509
4794.0,1281746.02335729,276816.2489755,3.0,62844.74005839348,11.04842252011669
4799.0,1282171.64223772,251882.444533974,3.0,116208.17174819345,11.663138445782636
4800.0,1275760.03077516,244179.148590088,4.0,181088.389731283,12.106740532105086
4801.0,1276039.79397544,244168.792302072,4.0,165568.97350142105,12.017143145296371
4802.0,1278178.17650564,250636.382708699,4.0,200300.3088090069,12.207573063385157
4803.0,1278179.88940164,251289.050677359,4.0,196926.5023060587,12.19058585336588
4806.0,1261613.03082468,255016.820473179,4.0,448470.6411955771,13.013598498350824
4807.0,1261289.02884035,255021.93925719,4.0,527236.6334945855,13.17540474665805
4808.0,1278681.32447416,249218.68965123605,3.0,84778.0,11.347791354158918
4809.0,1278830.14700231,249215.949875236,1.0,0.0,
4812.0,1262868.68445796,250989.53784506,4.0,889029.6876794324,13.697885908403512
4813.0,1262729.87767382,250986.177973047,4.0,41178.12774463648,10.625662514386395
4814.0,1264044.19031517,245280.401967213,3.0,198152.0455825029,12.196789921969296
4815.0,1263252.25719436,245298.150255233,4.0,192779.79124035136,12.16930383844678
4817.0,1271240.76715453,243137.369197011,4.0,159479.84985788434,11.97967286004692
4818.0,1271254.01419455,243593.330541477,4.0,107017.89383014968,11.580751331519796
4820.0,1263269.80247436,246097.25041604,4.0,894747.3953385496,13.704296717574636
4822.0,1280379.67173989,271725.246730283,3.0,974614.9763594832,13.789797775946454
4823.0,1280723.66028425,271721.333642289,4.0,43116.12333340158,10.671652297399365
4827.0,1268788.45739202,252707.176822811,4.0,27729.11021255934,10.230238050556578
4828.0,1269068.9191523,253047.90744715897,3.0,30680.05495145337,10.331368046596062
4829.0,1282200.48966175,256202.933562398,4.0,52529.8327649915,10.869136530333412
4830.0,1275502.8836389,216728.718929976,4.0,34037.847432463444,10.435228344273687
4831.0,1278233.46348169,212495.593485638,4.0,84778.0,11.347791354158918
4835.0,1273209.42891654,253160.309751272,1.0,0.0,
4837.0,1261330.02551238,257033.77605924,4.0,851147.2187500764,13.654340387599566
4838.0,1260997.83293605,257040.055931255,4.0,294928.146816538,12.594487035540508
4840.0,1272301.48945962,244814.983918726,4.0,153333.4280145808,11.940370097283374
4841.0,1272314.83128363,245270.449903205,3.0,12413.07279285885,9.426505453742598
4844.0,1268251.41188747,245705.288879648,4.0,47147.33582338698,10.761032782189185
4846.0,1293774.05671361,187532.291380078,4.0,18265.323376195887,9.812759643764466
4849.0,1270454.76414573,283692.48066254,3.0,14586.218468795796,9.587832421410605
4850.0,1270464.87300974,284686.665303558,4.0,227015.3275287516,12.332772816337112
4853.0,1274741.58591011,280576.178131357,3.0,210029.58547349984,12.255003682983642
4854.0,1275075.32146247,280563.628627345,4.0,173569.44030431367,12.064333030598988
4857.0,1265598.09764476,244073.375469968,4.0,481769.0700735948,13.085220170492825
4858.0,1265858.10404502,244067.545133963,4.0,80272.91689087925,11.29318756895897
4861.0,1279628.54041113,227441.079004943,4.0,270110.6161736862,12.50658684361284
4862.0,1279950.47775546,227432.320540935,4.0,528320.6415325927,13.17745865400108
4864.0,1280118.94789962,245952.146031901,3.0,150387.46227597172,11.920970324496244
4865.0,1264087.14461921,247653.654065639,4.0,621052.3502145204,13.339170657224933
4866.0,1263907.35729103,247645.680689633,3.0,17127.237947669717,9.74842533766774
4867.0,1286932.37555461,206502.913543507,1.0,0.0,
4868.0,1287139.67398681,206500.627783507,4.0,104569.00191978452,11.557602437933758
4869.0,1273541.21330088,206473.183943465,1.0,0.0,
4870.0,1273700.56901306,206492.198343486,4.0,136981.6165388237,11.827602009958534
4871.0,1267447.93649465,241079.183978915,3.0,96961.86423524392,11.482073027966946
4872.0,1267608.18321481,241039.34052287004,3.0,82558.4829751185,11.321262205729692
4873.0,1275135.45163852,264931.769155338,1.0,0.0,
4874.0,1275604.44709501,259644.541501924,4.0,151066.74445103167,11.925477034368662
4884.0,1273773.51768513,283739.094742596,3.0,364457.38773592014,12.806164917522509
4885.0,1255576.76400249,252035.129270121,4.0,73554.26359736314,11.205778693042369
4886.0,1257909.83811688,255074.522425234,4.0,605609.9341335082,13.313991384758003
4887.0,1257633.7739886,255076.003065243,3.0,309916.8990817969,12.644059473046745
4889.0,1275388.67160678,230799.624160379,4.0,87819.29262195945,11.383036489220588
4890.0,1275635.17074303,230794.74755238,3.0,33766.07289704605,10.42721181692381
4891.0,1289692.23219743,187582.72171612096,3.0,103402.81383074204,11.546387453749466
4892.0,1270081.55422534,224785.947546229,4.0,335403.21478482045,12.723088713253219
4893.0,1258333.98979732,246752.895088717,3.0,83524.7335787106,11.33289807750075
4895.0,1269673.95499294,228217.458717734,4.0,446610.1912354589,13.009441437732532
4896.0,1269890.61304115,228455.546845987,4.0,69015.85002836226,11.142091467755941
4898.0,1285403.24473703,243483.012205377,4.0,861778.6738614233,13.666753757816172
4899.0,1285406.99667305,243758.653997645,3.0,24413.566713762848,10.10289426962255
4907.0,1265723.37367688,286086.827225,3.0,168415.97638514443,12.034192247936085
4908.0,1256210.39299515,248890.531890914,4.0,150766.13873132432,11.923485165120177
4918.0,1286932.6055066,192603.505337268,3.0,109918.85947670444,11.607497731462612
4919.0,1287217.5101469,192596.006969258,4.0,106665.04457429056,11.577448778876144
4920.0,1278160.24901763,236072.618213788,3.0,96970.15854743207,11.482158566312538
4921.0,1278416.12684189,217319.994642586,4.0,138681.95695300944,11.839938510984437
4922.0,1263484.51101859,250978.52472505,4.0,123682.9110191303,11.725476400244865
4923.0,1263238.54858634,250982.921077043,4.0,654785.2389784805,13.392062581431011
4924.0,1274867.36786225,253764.599863902,3.0,33682.75777811639,10.424741346777186
4929.0,1266684.28874987,244709.086830631,3.0,50756.506382253145,10.834795093262946
4930.0,1267029.01246223,244701.476910621,4.0,349117.5129487594,12.763163857829584
4932.0,1278862.29420234,269726.066312239,4.0,889209.2395561594,13.698087851882072
4933.0,1286492.08345816,199366.646016195,1.0,0.0,
4934.0,1286482.88723414,199167.41708798695,3.0,299767.7258617325,12.610763206626673
4935.0,1284707.87667233,248789.660658807,4.0,178804.2264952944,12.094046779559035
4936.0,1275336.96863073,268591.959687084,3.0,172488.7629944136,12.058087371270345
4937.0,1275686.75039108,268580.276295066,3.0,146493.0311114098,11.894733137102415
4940.0,1277862.33004132,214125.846159309,4.0,129925.5385604972,11.774716785032547
4941.0,1268248.66059147,245604.553199545,4.0,994944.4637038736,13.810442199210003
4956.0,1279529.31717902,255881.831226066,1.0,0.0,
4957.0,1279834.12268333,222600.900375992,4.0,625310.2575378004,13.346003217607313
4961.0,1258667.33558966,253053.71058316497,3.0,79529.4676686187,11.283882894462398
4962.0,1279364.98841086,270456.188232988,3.0,1075965.548505111,13.888729001073349
4963.0,1275967.81675938,264337.047234729,1.0,0.0,
4966.0,1283022.7235826,265042.001859441,4.0,803475.7163035871,13.596702241305472
4967.0,1283027.3508466,265627.675204039,1.0,0.0,
4968.0,1267546.45169476,228411.091229931,4.0,216051.16764855295,12.283270545874764
4969.0,1267763.17009497,228649.283294186,4.0,329374.8605829587,12.70495177500013
4970.0,1273451.1961488,247975.305713966,3.0,24065.486240795908,10.088533986843533
4971.0,1273457.5153168,248245.252018243,3.0,124168.8590685502,11.729397684905681
4972.0,1282559.59750213,212172.960269302,4.0,64509.55862870405,11.074568687597813
4973.0,1282613.04787017,211536.963852659,4.0,177046.36589682504,12.084166931471302
4974.0,1276448.34501587,251322.365621403,4.0,513400.48260104365,13.14881148742856
4975.0,1276451.83973587,251982.30456607,4.0,329205.5274771179,12.704437538279322
4976.0,1273583.65483694,235998.059941709,3.0,69474.05780118218,11.148708692822913
4980.0,1276651.28357607,236777.882534504,3.0,458461.8197664254,13.035632295164293
4982.0,1276450.15698387,213956.690959141,4.0,195489.67574225325,12.183262847510546
4987.0,1272738.71493207,277978.920528695,3.0,383372.7279609332,12.856762974984731
4991.0,1258368.56259735,251055.598069131,4.0,247334.06716627808,12.418495200456567
4992.0,1258104.60906108,251060.187317133,4.0,62066.035847538486,11.03595419153185
4993.0,1273314.41291666,227146.93430064604,3.0,208606.94355761903,12.248207107464717
4994.0,1279678.86277917,253249.228535369,1.0,0.0,
4996.0,1272955.5685003,262404.477952749,3.0,141076.58397983393,11.857058170701539
4997.0,1283440.51635103,258732.39967697897,3.0,106310.06303733854,11.574115226240226
5003.0,1274698.02795808,239026.268456802,4.0,106588.54637999188,11.57673134010067
5004.0,1282524.1901421,264386.547458768,4.0,367428.3817061939,12.814283698932472
5006.0,1278706.11705019,269147.714439645,4.0,776151.2038287418,13.562102630479274
5007.0,1282552.33407812,253853.122359991,4.0,216246.01521518308,12.284171997873752
5008.0,1282556.08083013,254495.451128647,4.0,89084.39881080225,11.39733950060568
5011.0,1269250.35281649,255519.3056577,3.0,525894.1575759833,13.172855250133683
5012.0,1279244.02117872,252924.806967035,1.0,0.0,
5013.0,1270434.70609771,254177.026872322,3.0,4414.118182345516,8.392563360890858
5014.0,1270455.04990573,254826.81592898103,3.0,55746.06589375562,10.928562119904251
5016.0,1265721.37758088,245230.622191161,4.0,393455.6600283446,12.882723659495303
5017.0,1262988.58743408,250987.390517056,4.0,451048.4354579327,13.019330008412174
5018.0,1263002.9358501,251637.079221725,4.0,258918.13281098165,12.46426720118196
5020.0,1281891.52274944,212667.884493813,4.0,38537.9359326989,10.559398384039577
5021.0,1278437.8331459,277435.536144137,4.0,267363.175403456,12.496363220641754
5022.0,1278893.17900237,277420.036496118,3.0,259561.0089603024,12.466747055922427
5025.0,1286330.44595398,204333.696133286,4.0,1090203.900358419,13.901875301259944
5026.0,1286326.74355398,204060.858052999,4.0,240695.79960466185,12.391289172869673
5028.0,1281367.2931809,274345.654860973,4.0,206682.0355973562,12.238936831381825
5037.0,1290292.21299805,187654.152692199,1.0,0.0,
5040.0,1280232.77509974,248600.709938616,3.0,233308.12279623008,12.36011527436112
5042.0,1274805.59205419,212029.862477168,4.0,1057855.1030635538,13.871753928395247
5045.0,1272973.3329163,226853.493596345,4.0,521799.8245990192,13.165039315538712
5046.0,1282997.92377457,198589.42348739496,3.0,160873.09155357367,11.988371081913215
5047.0,1283237.50854282,198586.049471393,4.0,969584.040845698,13.784622434637901
5048.0,1290114.17786185,186530.644147053,3.0,355966.06928973645,12.7825906943079
5049.0,1290419.91712618,186537.927603051,1.0,0.0,
5051.0,1273794.62456515,203089.21171601105,3.0,18793.773861220747,9.84128091637199
5052.0,1273657.02674101,202511.184323415,4.0,114874.98816768853,11.65159975665636
5053.0,1273286.36440463,264022.197506398,3.0,109428.42991010912,11.603026006416924
5054.0,1273613.86770096,264013.038402393,4.0,116325.5347206461,11.664147873484112
5056.0,1265552.14762871,242781.831788659,4.0,984205.8213094856,13.79959032215926
5060.0,1275795.3023272,284942.247191831,3.0,44298.42084191693,10.698704308488537
5061.0,1275793.79839119,285131.468248025,3.0,82004.51588755717,11.314529596529471
5062.0,1279763.28159526,201065.30041793,3.0,3053.3434562335037,8.023992484354888
5065.0,1266618.2501578,286069.60744898,4.0,531711.0727491936,13.183855524457446
5072.0,1273789.70526914,251917.339766011,4.0,744168.7853973372,13.52002315017911
5073.0,1273791.43230915,252169.365238264,3.0,240169.16853231227,12.389098822905364
5074.0,1275924.47007133,229839.582751393,4.0,149047.2749708472,11.912018816287945
5077.0,1279383.08978687,219853.483349174,3.0,36287.56304944207,10.499230345828918
5079.0,1275038.35173443,210427.013323516,4.0,335058.28198244097,12.72205977174211
5082.0,1272747.61221208,246661.238768622,4.0,561855.8649902502,13.239000627993411
5083.0,1273419.27883677,246641.164336607,3.0,623718.1812388002,13.343453912704703
5084.0,1275723.72933513,274778.819661424,4.0,180712.31461265573,12.104661623747212
5085.0,1275724.21093513,275657.55246231,4.0,81262.04357314829,11.305434317799806
5089.0,1274212.82814957,281413.893652216,3.0,43405.694501222206,10.678345921186837
5090.0,1274426.6758298,281407.251284197,3.0,172732.97218500037,12.059502167654442
5092.0,1267480.71857469,250573.194548637,5.0,790779.7038562957,13.580774704618303
5093.0,1267486.87211069,250903.111476973,4.0,422079.6301326809,12.952949272213983
5094.0,1272200.37841952,237766.982951522,3.0,50336.72653262031,10.826490239412063
5095.0,1272208.99224353,238190.200935945,4.0,135333.20110681694,11.815495172872058
5096.0,1282342.89158191,228244.499037772,4.0,179824.88633634822,12.099738802656104
5098.0,1284896.53574452,247697.648433685,4.0,647026.5880055838,13.380142666928618
5099.0,1279519.36607501,207329.76461635495,3.0,89580.70541025256,11.402895234370302
5100.0,1279509.595771,207116.314888135,1.0,0.0,
5103.0,1279956.09285946,220744.09935008,3.0,63089.390368805296,11.052307894436655
5104.0,1280059.37253956,220740.26370208,3.0,10753.655920083054,9.283001061328934
5108.0,1265438.64324459,243244.698669121,1.0,0.0,
5109.0,1265563.31134072,243241.538605124,3.0,817916.3425196679,13.61451533959652
5110.0,1275031.48197442,246617.72049658,4.0,70854.73924595282,11.168387134144272
5111.0,1275301.60549469,246614.183728576,4.0,70746.79692694549,11.166862541363248
5115.0,1277594.22687304,213238.265934393,4.0,92726.25877626512,11.43740697763653
5116.0,1274591.10558997,236123.753253832,3.0,957.576345646988,6.8644054522333535
5117.0,1275099.35787849,236111.216549814,3.0,38054.6394077617,10.546778285101789
5118.0,1278079.00869754,253858.756855994,3.0,245210.6587728816,12.409872951809371
5124.0,1272134.10885145,248544.630322546,4.0,210516.81352860303,12.25732080315994
5125.0,1268575.89713581,254749.799992904,4.0,97720.0887082691,11.489862433151341
5126.0,1270267.15652953,228983.091678515,4.0,15299.963560784256,9.635605725729603
5127.0,1270270.96004954,229225.914078772,4.0,84507.00556200556,11.344589715967984
5128.0,1286119.74560177,249807.063155845,4.0,466089.8320730623,13.05213366721849
5129.0,1284872.9498245,247994.255793989,4.0,294865.7990109896,12.59427561320828
5131.0,1273301.04613264,283431.957206279,1.0,0.0,
5136.0,1272528.99883585,252789.425654903,4.0,79515.14056963006,11.283702729926347
5137.0,1272864.4095882,252780.983414888,4.0,42786.50362374751,10.66397799594732
5140.0,1264347.52439548,246980.253232956,3.0,440884.2280487535,12.996537598532802
5141.0,1264075.54724319,247007.03070497504,5.0,1072194.4123513915,13.885217958975492
5142.0,1262712.3951138,245042.381742969,4.0,84054.41218161317,11.339219632183687
5143.0,1262469.72631355,245048.721326977,4.0,162915.11237154726,12.000984561137692
5144.0,1263485.48343459,243678.420909569,3.0,184842.5644344912,12.127259738694992
5145.0,1263327.42762643,243681.141997576,5.0,725447.2552666173,13.494543647445898
5146.0,1284402.75392002,251954.636662051,3.0,44183.69668196666,10.69611114667349
5147.0,1279569.95916307,230505.52694408604,3.0,98075.51177608638,11.493492989275573
5148.0,1279681.24012318,230612.92803219,4.0,351594.44881167216,12.770233656305814
5151.0,1264195.59261931,245503.40247944,1.0,0.0,
5152.0,1264198.51517932,245648.049839586,3.0,53773.70169611687,10.892539810583052
5153.0,1259688.1318147,250405.222068459,4.0,498343.34301275946,13.119044562250316
5158.0,1277095.60159253,225658.304411113,4.0,405139.3378092557,12.91198633089259
5159.0,1277103.47231254,225997.826971471,3.0,166082.0012995705,12.020236929101234
5169.0,1258217.7646452,249112.640051141,4.0,604221.44449728,13.311696039686995
5170.0,1258223.27971721,249378.52267541,4.0,197668.38587540528,12.194346086788627
5171.0,1279904.74751541,262411.024832755,3.0,26577.530678276693,10.187821426457145
5172.0,1279719.51756321,263162.300545529,3.0,325329.7952478864,12.692594701405339
5176.0,1265027.74410817,243633.91082952905,3.0,4270.460111955706,8.359476854973936
5177.0,1274070.59774943,232857.630242497,4.0,1009927.9441390472,13.825389543835863
5178.0,1274078.67947744,233519.748643175,4.0,875700.1480414456,13.68277901456528
5179.0,1277697.99800915,224575.284570009,4.0,90463.791144713,11.412704951779043
5180.0,1277946.86821739,224575.09097001,4.0,239588.21395020196,12.386676953488504
5181.0,1289992.48915774,187943.937588498,3.0,82358.80898678194,11.318840699973322
5182.0,1290283.76122203,187936.57899649403,3.0,24554.632357051323,10.108655806137735
5184.0,1275715.95768711,220859.435030207,4.0,203226.2990729336,12.22207541088335
5186.0,1256192.73225912,248092.609906092,4.0,538034.5224283307,13.195678005167638
5187.0,1273826.18194118,223685.009113103,4.0,140997.77496497988,11.85649938884558
5188.0,1273831.52408519,223991.838873416,4.0,59380.04544924967,10.99171351371405
5189.0,1262143.22269721,246598.311408564,4.0,556387.4701400121,13.229220219259547
5190.0,1262148.70032923,246863.953904837,4.0,468502.4892239397,13.057296693824599
5192.0,1270259.11947353,239996.572969794,4.0,159027.9353132926,11.976835159564315
5193.0,1285337.25536098,248915.58795493803,3.0,1117.6029973164116,7.0189414898615
5194.0,1285312.26489694,249495.317107528,3.0,37053.79318321312,10.520126005597461
5208.0,1266336.42884551,245217.010671139,4.0,202631.3752598236,12.21914372188576
5209.0,1277512.42162496,250653.86558871,4.0,250114.54654608012,12.429674278093467
5210.0,1277514.46917696,251309.837749392,4.0,411593.8124198835,12.927792249835555
5213.0,1280584.4902361,250581.66072464,4.0,393268.79083121073,12.882248603202228
5214.0,1280844.39852437,250577.151220635,4.0,253570.65299490004,12.443397773220001
5217.0,1287968.91641967,188453.596661016,3.0,65251.36944940552,11.086002312695053
5218.0,1277421.11896886,225990.374619454,4.0,349083.02442386776,12.76306506522467
5220.0,1280503.78438002,249262.364467293,4.0,316401.83919018146,12.66476832772278
5221.0,1268590.17335983,225720.072987184,3.0,22110.723450362228,10.003817993821038
5222.0,1268423.76555166,226000.901467472,4.0,48850.75687098152,10.79652515112739
5226.0,1280761.54962829,226073.419035539,4.0,54642.365014727424,10.908564776886431
5227.0,1281021.35385256,226064.695323527,4.0,256329.00182179987,12.45421706171253
5228.0,1268594.96075183,229695.527967244,3.0,569317.2068467563,13.252193039050761
5234.0,1271478.81617878,247086.345841065,4.0,544308.3706033117,13.207271222961605
5235.0,1271251.18545854,247628.162673607,4.0,494671.9940938901,13.111650183714945
5243.0,1278882.29388236,283383.015062228,3.0,105258.30963876208,11.564172699865297
5244.0,1279243.43026672,283532.560662374,1.0,0.0,
5245.0,1275912.91826332,261133.981823444,3.0,84778.0,11.347791354158918
5248.0,1288586.93190829,189896.971382499,4.0,121083.8582892766,11.704238628248016
5249.0,1279265.40101875,225949.961947411,4.0,387923.2711026958,12.868562844159374
5250.0,1284957.76761658,209954.049035043,4.0,19596.297444478,9.883095921479663
5251.0,1285267.79257689,209949.703563035,4.0,142785.36025361033,11.869097804399745
5253.0,1275776.76101518,213920.935503095,4.0,719549.1747668992,13.486380148723782
5254.0,1271339.31352264,218154.177683428,4.0,227144.3703618617,12.333341087089371
5255.0,1271642.01637095,218148.218003422,1.0,0.0,
5260.0,1273898.05842125,207316.272200331,3.0,55726.76239083328,10.928215784327909
5263.0,1270914.0348662,255951.447866142,3.0,126718.49836193342,11.749723356930167
5264.0,1270917.0387702,256193.127802387,4.0,279154.9077707163,12.539522131707788
5272.0,1274478.90898184,223917.14447332904,3.0,67892.46556008872,11.125680343620909
5273.0,1274480.12811784,223979.371737391,3.0,12970.941155956903,9.470466838745455
5276.0,1275818.71007122,226147.586523622,4.0,312851.15450861154,12.653482811714127
5277.0,1276140.61560754,226139.325723603,4.0,254297.0118473875,12.446258200839354
5281.0,1273614.27518897,262384.206976727,3.0,103498.74759947346,11.54731479112617
5283.0,1283177.29542276,252238.84082233897,3.0,1031.0616019056984,6.93834423189807
5284.0,1283893.22643149,252224.338550314,3.0,195939.20242004536,12.185559698358785
5285.0,1278507.38188198,232317.743137941,3.0,25373.76372999652,10.141470995157093
5286.0,1278686.43365815,232311.15785792505,3.0,4011.705713415005,8.296971794799992
5288.0,1282868.15430243,256817.304379031,1.0,0.0,
5289.0,1282872.11366245,256977.787707195,4.0,203389.8640795897,12.222879928904524
5296.0,1280608.59878013,261816.64416013696,3.0,359468.1664986745,12.792380902844693
5297.0,1280626.90194814,262474.112320811,3.0,23007.19759467955,10.043562384855234
5301.0,1269733.828209,242299.323244154,4.0,303431.5151447265,12.622911213754346
5302.0,1262974.92081007,250337.47717239,3.0,566142.9465051885,13.246601880961384
5303.0,1281553.00178909,211885.534029007,3.0,90659.27567735148,11.414863535022725
5306.0,1277294.69336873,263242.76921761,3.0,4376.178947646433,8.383931236237942
5309.0,1275174.41509457,253003.433079123,3.0,91288.08762883456,11.421775583030303
5318.0,1271996.60683531,210041.196811125,3.0,100710.30596354,11.520003416702712
5319.0,1272429.82283576,209690.192266762,4.0,87316.50671269569,11.377294804282963
5321.0,1279317.9885388,227874.726813391,4.0,243589.8128840034,12.403240994912254
5322.0,1284478.94080009,243238.459501117,3.0,28851.93915763872,10.26993248484686
5323.0,1284733.94816035,243232.991021112,4.0,309992.7283146394,12.644304119136658
5328.0,1281177.73055671,249908.331699952,3.0,4544.385431425612,8.421647778860493
5329.0,1284298.27187191,202512.555715412,4.0,773140.6507082185,13.55821626536227
5330.0,1284295.65702391,202335.680131242,3.0,233568.90982861756,12.361232429591668
5331.0,1272360.00408368,204864.555589825,4.0,666185.6283370265,13.409323631913747
5333.0,1292482.63834429,188139.807220697,4.0,110629.83588829452,11.613945095599261
5337.0,1284066.48627166,211240.594380349,3.0,113562.498175815,11.640108609075257
5338.0,1284330.61894394,210822.500427932,3.0,31765.30673003225,10.366129989880433
5339.0,1266687.00196587,244939.296686858,4.0,102160.7489386226,11.5343028217154
5341.0,1281894.31308544,243827.895341724,4.0,25101.842706434465,10.130696537024138
5342.0,1272173.50181149,249856.512883902,4.0,148259.79490927726,11.90672138489178
5343.0,1266026.0787652,243229.804333106,3.0,180704.3452080653,12.104617522821728
5344.0,1266035.6174532,243619.706157506,3.0,104034.22304596388,11.552475191742245
5345.0,1271033.47493032,214329.046223521,3.0,59790.76517532932,10.998606499507215
5346.0,1271263.31992255,214324.558671504,4.0,71631.32132807658,11.179287706012095
5348.0,1280016.76306751,269770.038664281,4.0,422938.2402480471,12.954981443227041
5349.0,1279903.46898741,225936.0347794,4.0,614197.621197216,13.32807201397129
5350.0,1280186.4034517,225929.88425140097,3.0,40165.00911812009,10.600751475624445
5351.0,1268238.25611146,254493.403192639,4.0,525505.1119126499,13.172115196963817
5352.0,1268275.38199949,227312.909020811,4.0,572250.0792814001,13.257331376358097
5353.0,1268492.10302372,227551.040413052,4.0,193649.3123028945,12.17380413369928
5354.0,1272643.95333198,224880.331866324,4.0,608677.2186328272,13.319043387517182
5355.0,1272488.13899581,225143.691866592,4.0,67394.16830559267,11.118313769501116
5356.0,1273444.7322128,247701.43448169497,3.0,21805.090249573164,9.98989871920768
5357.0,1266245.01630142,254532.227640688,4.0,333118.1521160847,12.7162525171914
5358.0,1282771.79295835,264384.432002768,3.0,61607.97296671912,11.028546572424014
5359.0,1283017.50803059,264382.269570768,4.0,86499.6898719527,11.367896107618199
5360.0,1282560.44332613,197921.782462716,3.0,2141.4270064995803,7.669227711253676
5361.0,1282562.29926212,197642.761982426,3.0,16631.64469973332,9.719062466859771
5362.0,1263465.74071458,243055.204972938,4.0,455626.0231237485,13.02942762728163
5363.0,1263447.96151455,243055.584876925,4.0,42690.78956908309,10.661738474991678
5364.0,1275394.87071079,277880.902032599,3.0,36345.71144816268,10.50083149658374
5376.0,1275793.20159119,215432.51150465,4.0,141676.37146274652,11.861300661335038
5377.0,1276043.16274345,215426.513168633,3.0,24688.89554492598,10.114108848447874
5379.0,1267598.5339348,255830.290618017,4.0,44109.0886848335,10.69442113282738
5380.0,1268258.39351948,255814.350073993,3.0,29579.02959608473,10.294820929644331
5381.0,1278442.15199392,250631.093044683,4.0,194523.44308056083,12.17830796475466
5382.0,1278446.35180192,251283.695413351,4.0,164990.81833184237,12.013645104860712
5384.0,1290002.81952575,248548.860978559,3.0,42406.00000000001,10.655045140642496
5385.0,1290105.69824585,248718.935090736,3.0,126652.71409239648,11.74920408506516
5391.0,1274227.70936559,229237.334302783,4.0,1095283.5785789113,13.906523863575428
5392.0,1268208.76369543,252708.81067881,4.0,128388.61245098592,11.762816978228544
5393.0,1270372.95787364,244046.648493946,4.0,136770.70673985852,11.826061129222476
5394.0,1270385.24132966,244469.576494381,4.0,155733.1916798438,11.955899512237586
5395.0,1254378.82710527,251528.135861605,1.0,0.0,
5396.0,1254381.19030526,251764.370613843,3.0,64107.09755316987,11.068310363037561
5399.0,1274808.05528618,207440.946440458,3.0,26252.59913755329,10.175520277882066
5400.0,1264014.64938714,259621.86572589,3.0,173302.655292082,12.062794797525624
5403.0,1293485.44608931,184591.264817059,3.0,63059.82190498192,11.051839108879744
5406.0,1273215.89509256,254609.836408764,4.0,161268.657840012,11.990826935499376
5407.0,1273216.10213256,254751.221624911,4.0,113980.57320354902,11.64378330235993
5409.0,1276638.05100006,263264.561217621,3.0,79616.85096611154,11.284981044982297
5414.0,1264878.72836402,242592.731116459,4.0,111114.7469728898,11.618318702848685
5415.0,1265298.87582044,242585.128812447,3.0,62312.80232142402,11.039922178390302
5417.0,1284982.7111046,245205.916527137,4.0,111166.33542268816,11.618782875959313
5420.0,1284137.60057575,248179.232114181,4.0,536435.0263144632,13.192700727128893
5421.0,1284141.57830374,248526.321330532,4.0,447177.1087026133,13.010710011459683
5423.0,1277742.68229719,225982.763035446,4.0,539041.8578603974,13.197548505243963
5424.0,1272053.47448337,215829.286673054,3.0,184202.50756036365,12.12379101595913
5427.0,1278147.6453696,276451.104719132,3.0,132080.51944376758,11.79116701138282
5428.0,1274287.52677365,205680.202310666,3.0,43560.87339395937,10.681914627212267
5430.0,1271016.9171703,223205.607512608,4.0,146757.08445339257,11.89653401218707
5435.0,1275508.69234291,204579.457733527,4.0,43910.70548146968,10.689913429959827
5436.0,1275496.11032689,204105.325829044,4.0,75307.5263078632,11.229335359760858
5438.0,1280206.51103571,226535.41942001897,4.0,175823.59197122304,12.077236453018022
5439.0,1278315.04005778,222431.742615819,3.0,41242.36300080681,10.627221235248037
5442.0,1269374.99563262,245153.460271075,4.0,110364.3200122238,11.611542172293465
5443.0,1285221.46259286,201200.58752207496,3.0,394076.1391696122,12.884299416233729
5448.0,1269717.91358498,223504.089560911,4.0,85817.6948536313,11.359980497938109
5449.0,1269847.83454511,223580.991640985,4.0,138329.2185601642,11.837391764754113
5450.0,1280603.09849212,217785.577363059,3.0,142646.79279414302,11.86812687334749
5451.0,1280838.92543636,217778.76635505297,3.0,67860.62047322455,11.125211181727375
5452.0,1276949.69599238,244690.299758613,3.0,158593.3683388067,11.97409877355587
5453.0,1282028.71046159,253202.397239327,4.0,42478.86402680507,10.656761914193035
5454.0,1259616.72016662,246920.092592895,3.0,30447.588655307667,10.323762079700442
5455.0,1259618.86160663,247020.372528985,3.0,3707.156759872174,8.218020489786225
5456.0,1284281.49107189,260460.165566757,3.0,67781.66271106403,11.124046975858452
5457.0,1284047.13657565,260822.721919119,1.0,0.0,
5458.0,1268535.57406376,256864.170811072,3.0,236559.53965849595,12.373955208542457
5465.0,1266179.81431735,244520.303406432,4.0,107386.33922836711,11.584188257700298
5466.0,1272250.76088357,257089.708027303,3.0,368308.2538116663,12.81667551274861
5467.0,1272581.28056391,257079.724155292,4.0,204985.51215030788,12.230694583185608
5472.0,1267679.11479889,245717.574959651,4.0,234295.73670455551,12.364339428447094
5474.0,1281716.85215726,213216.917198375,4.0,1030855.8525781444,13.845899940012044
5475.0,1265296.49393244,257603.891067833,4.0,117204.71728221075,11.67167740516326
5476.0,1265626.42468478,257595.748411819,4.0,164566.67474384297,12.011071084660328
5478.0,1281738.27833328,211886.42183701703,3.0,47086.00114714062,10.759731020267564
5479.0,1281832.53926139,211729.570764855,3.0,32305.442029907408,10.382990978916991
5480.0,1282927.2142705,201227.135746107,4.0,313753.36534540646,12.656362495571104
5481.0,1273742.1023891,273076.654731676,3.0,129727.73893538665,11.773193217409753
5488.0,1279075.40569055,274429.360717058,3.0,407018.815347394,12.916614692710965
5489.0,1269380.42443264,224370.651417792,4.0,79512.18819278658,11.283665599492643
5490.0,1269224.54974447,224634.002330065,4.0,102354.78530226744,11.536200344293189
5493.0,1284358.37183997,205860.86106284,4.0,227556.97806150344,12.335155939032619
5494.0,1272664.25054799,228387.928541914,4.0,290077.5640048504,12.577903628286741
5495.0,1272669.658676,228897.869086429,3.0,63249.819936156106,11.054847559726522
5496.0,1276395.54623181,223328.030808732,4.0,698828.0133720294,13.457159944263427
5497.0,1284211.36454381,248528.942066535,3.0,129133.9809160884,11.76860575611241
5498.0,1267536.22929475,228855.696606398,4.0,196913.4469078348,12.190519555377294
5499.0,1267309.8862545,229061.751966596,4.0,208682.3922071599,12.248568720589695
5501.0,1284152.35091175,255215.314169377,3.0,84777.99999999999,11.347791354158918
5502.0,1284302.20588791,255211.788601384,1.0,0.0,
5503.0,1282185.18815774,223658.676505074,4.0,109211.90260174568,11.601045334537556
5504.0,1282468.22764604,223559.970328972,3.0,980844.6674618132,13.796169384992718
5505.0,1287439.25805113,246693.558576658,5.0,222404.3950790201,12.31225260320925
5506.0,1288027.38905972,246517.839792475,3.0,53011.124162900414,10.878257060376509
5507.0,1263318.52842642,256994.702971205,3.0,31832.22540422405,10.368234433139248
5508.0,1262990.04970609,257003.19673121,4.0,57120.60288462566,10.952920151660596
5509.0,1280941.72972447,220296.479509622,4.0,121186.16100355017,11.705083162958935
5510.0,1280924.89574045,219875.844501197,4.0,152610.41138612473,11.935643622150803
5511.0,1259481.38384649,261243.627583563,1.0,0.0,
5512.0,1259579.28688659,261394.067903712,3.0,84777.99999999999,11.347791354158918
5517.0,1284972.2583686,248211.678578213,3.0,148375.5392029615,11.907501765960708
5519.0,1276219.87954363,285113.612951994,3.0,249604.09504563987,12.427631321775678
5521.0,1278889.29682636,223871.215129286,4.0,1038798.7609977244,13.853575566045457
5522.0,1278903.96178637,224556.185177982,4.0,920317.7709848292,13.732474292631634
5523.0,1276765.34732018,220837.335382178,3.0,43604.199525942575,10.682908744101063
5524.0,1287624.75667532,201397.226242274,3.0,75063.34524180011,11.226087639265852
5525.0,1288242.85587594,201385.386754259,1.0,0.0,
5526.0,1271572.58699487,244437.450862348,4.0,154766.5999210452,11.94967345407368
5527.0,1271866.51160318,244429.823278338,4.0,65934.35898825245,11.096414965320763
5528.0,1276037.64568745,212541.501197681,4.0,355829.5506305022,12.782207104813704
5529.0,1276277.43851969,212536.722061679,4.0,386453.4994672457,12.8647668279145
5531.0,1264066.86813919,246558.19268852504,3.0,199820.88102897056,12.205176649390344
5532.0,1276275.95160769,259293.396541566,4.0,748501.4928120195,13.525828477244668
5535.0,1279054.42245853,206039.470599025,3.0,87944.74547506397,11.384464003924583
5537.0,1270960.33265825,243600.969261497,4.0,106216.46591512456,11.573234422053318
5538.0,1270972.45931426,244026.767341927,4.0,102340.4727042206,11.536060501306991
5543.0,1268667.42647991,225649.776859105,3.0,456154.1126707592,13.030585997781992
5550.0,1272684.38827601,220290.860693619,4.0,4795.79950554029,8.475495710757368
5551.0,1272807.45592414,219852.61128516504,3.0,8367.744606790891,9.03213966561798
5552.0,1276708.60690413,218452.450003743,1.0,0.0,
5553.0,1276704.23589613,218120.2112194,4.0,233844.5110264158,12.362411690680206
5554.0,1286734.7141784,191809.840248451,3.0,128085.38014432444,11.760452352912072
5555.0,1286892.99603456,191805.60140045,4.0,108150.00427191556,11.591274470881118
5556.0,1278977.39077845,251273.330613345,4.0,601354.834469037,13.306940446066283
5558.0,1272731.46462806,222432.48437582,3.0,60438.88371171304,11.009387946853327
5559.0,1272810.34667614,222430.797399819,1.0,0.0,
5560.0,1269841.9983211,218183.959443465,4.0,370381.42212626274,12.822288624249705
5561.0,1269826.55083309,217409.079058677,3.0,247644.71854493264,12.419750411501605
5572.0,1272964.2154763,203441.683780372,3.0,132224.35904536597,11.792255448468213
5573.0,1273956.62456532,203678.577668607,3.0,44117.04395355275,10.694601470976698
5576.0,1277398.65151285,224948.034138396,4.0,51693.17390740061,10.853081019040564
5578.0,1263734.43210685,250973.976181045,4.0,43971.64302846578,10.69130022851029
5579.0,1273586.97310893,230427.779743999,4.0,465257.2228240718,13.050345698992421
5580.0,1273829.03589319,230421.132447988,4.0,395257.6837712648,12.887293195164263
5582.0,1280822.42713234,208705.142729759,3.0,16105.31316433036,9.686904506738017
5583.0,1281069.3088606,208698.509897754,4.0,617520.2118366841,13.333467078667924
5588.0,1281462.909757,245923.557167873,4.0,721672.0952956806,13.489326153071998
5589.0,1284327.59430394,204384.733765334,4.0,889490.4550611756,13.698404055351617
5593.0,1275160.19960655,231597.456545204,3.0,21270.254894635305,9.965064891885303
5594.0,1279103.70578659,232570.813218191,4.0,38353.01963242544,10.554588542481206
5595.0,1263827.39319494,247642.13476963303,3.0,13594.002962147028,9.517384015807622
5596.0,1255535.31235445,249652.946035683,4.0,345349.66128885554,12.752312693740196
5597.0,1291845.85063164,189102.73048567804,3.0,78879.7537626504,11.275679867601392
5600.0,1281043.29311657,274357.990796983,4.0,222254.85863017145,12.311580014240334
5601.0,1281663.36306921,244336.999982238,4.0,198503.95428868747,12.198564299760775
5602.0,1281913.01318146,244327.65060623,4.0,64645.90084831849,11.076679976904707
5603.0,1270368.70161764,245664.436271608,4.0,59226.70284908936,10.989127780814398
5604.0,1270720.557234,245657.63543959,3.0,81654.83504638833,11.310256313380071
5606.0,1270793.93829007,222168.396311536,4.0,167814.93858136854,12.030617095163313
5607.0,1270786.68075407,221835.395991206,4.0,226983.98412378208,12.332634739453669
5608.0,1272171.88965149,236387.106406108,4.0,176572.96291392975,12.081489457548702
5609.0,1282172.83679773,213975.35105516,3.0,10111.640765173132,9.221442590159578
5610.0,1282335.7636459,213625.302862793,4.0,141725.38861014057,11.86164658119009
5611.0,1275342.37867874,248364.29016237,3.0,2245.9256898798744,7.716873049212259
5612.0,1275593.22725499,248362.329842359,5.0,594547.4224081133,13.295555760490274
5613.0,1262712.3895458,245309.438319236,4.0,98982.367727262,11.502697009489337
5614.0,1262301.01828139,245318.484527245,4.0,79876.47612020178,11.288236671887189
5615.0,1278939.20485842,263188.190273553,4.0,204346.515830757,12.227572438838541
5616.0,1279281.56505077,263176.835329533,3.0,115750.1560846116,11.65918932041074
5618.0,1279553.93522705,256543.255418748,4.0,352046.6588338578,12.771518999301072
5619.0,1277350.27429679,213535.332238704,4.0,20915.4977054184,9.948245680170665
5620.0,1275724.28178312,221925.68879129,4.0,332246.46229017107,12.713632328784179
5621.0,1275720.59973513,221754.526743114,4.0,503203.2224830597,13.128749388328506
5622.0,1266255.08158143,255060.277049229,4.0,379981.3551734719,12.847877465165856
5623.0,1257070.68592402,253727.712823868,4.0,386133.572929649,12.863938632446795
5624.0,1287393.72038707,191791.521080434,3.0,127530.1594323113,11.75610816017551
5625.0,1280979.08198051,252562.949046671,4.0,138166.98631030408,11.836218278350904
5626.0,1280980.88582051,253222.96248734,4.0,151990.8394444058,11.931575531199176
5627.0,1278955.81535444,217314.53595458,4.0,184315.97780156552,12.124406834428461
5628.0,1279259.08741875,217306.984466568,3.0,754416.9026466758,13.533700415467507
5634.0,1259212.83191022,253708.761079848,4.0,143380.86550680676,11.873259763842869
5635.0,1263567.61284268,247931.08824192,3.0,454862.0730885504,13.027749515908942
5637.0,1270269.19332954,257479.554363698,4.0,542144.2174440551,13.203287328872875
5640.0,1276970.2559924,218113.245011389,3.0,437256.3477712402,12.988274910262584
5642.0,1284939.31257656,208665.40954572,4.0,47420.73282923908,10.766814813511774
5643.0,1284933.16659255,208236.279177278,4.0,117190.81342129892,11.671558769275567
5645.0,1277682.47570513,268848.620551348,3.0,61318.75890430436,11.023841093125094
5646.0,1284203.61753581,263072.261697426,1.0,0.0,
5647.0,1284143.91750374,263308.985985667,3.0,54960.15912833104,10.91436382224013
5648.0,1271294.12401859,223369.603608772,4.0,127028.30562622688,11.752165219553573
5649.0,1269730.14123298,244876.85783879497,3.0,46660.713020559866,10.75065782665369
5650.0,1269736.37547299,245146.77457507,4.0,144288.2224852631,11.879568123172266
5651.0,1271736.44427504,208289.89063333,3.0,69263.99657952628,11.145680520298622
5653.0,1279127.29273061,222904.594328299,4.0,83312.53119950621,11.330354251408691
5654.0,1279135.64767462,223269.360344678,4.0,101388.17016764254,11.526711698319941
5657.0,1272076.6266754,246150.237168103,4.0,301836.7087771726,12.61764145071303
5658.0,1284676.4830723,242566.077996433,3.0,2587.761954146956,7.8585486707670364
5659.0,1263998.91485912,251619.421109706,4.0,76638.41993792282,11.246853795755843
5660.0,1273357.7288207,276791.275279477,1.0,0.0,
5663.0,1292895.70906471,188722.383861288,4.0,58868.34347824986,10.98305876298618
5669.0,1269018.86872026,245690.361775637,4.0,195240.6189492362,12.181988020192925
5670.0,1269011.81720026,245949.975087896,5.0,854779.9817514145,13.658599383518625
5671.0,1283661.79609525,198580.07443139,3.0,87524.67491253463,11.379676031591856
5672.0,1285492.22521713,243006.32478088103,3.0,56646.04026913452,10.944577365851371
5675.0,1258701.9428217,255064.30264923,4.0,332075.10453275184,12.71311644078723
5676.0,1258713.73738171,255749.484025925,4.0,187578.6730609628,12.141953626047947
5678.0,1269336.03115258,226045.463067517,4.0,1005736.3575238488,13.821230525239647
5680.0,1279280.03551477,256551.175994754,3.0,194355.24896709216,12.177442943721644
5685.0,1261273.79626432,251667.399669752,3.0,130752.8504965074,11.781064182810043
5686.0,1261162.04586421,251669.27992574903,3.0,30757.91454395889,10.333902623660581
5688.0,1280653.14758018,245649.760111585,3.0,192.31422366631227,5.259130615882848
5689.0,1264273.82570741,255099.252089262,4.0,334243.7848070809,12.719625900347275
5690.0,1273547.05746089,254741.14514489504,3.0,18192.1313430582,9.808744435789354
5691.0,1279899.8357714,258523.305276766,1.0,0.0,
5692.0,1280931.66937245,258495.129468739,4.0,344882.70048123406,12.750959639595749
5693.0,1273005.68914033,239636.85386543,1.0,0.0,
5694.0,1257522.56426048,249393.801523417,4.0,161292.15000905754,11.9909725959052
5695.0,1282961.83494253,262400.701376736,4.0,400464.2101966376,12.900379678692557
5696.0,1273338.85714068,250740.445492804,4.0,391464.1972404316,12.877649340015157
5697.0,1273733.82546109,250081.821812123,4.0,564776.5234345602,13.244185398140333
5698.0,1276337.74251975,232817.36189045,4.0,622358.6248013545,13.341271772775057
5700.0,1267357.40977456,249475.296435505,4.0,89491.17370806426,11.401895281612902
5701.0,1267361.99275056,249735.741107777,4.0,738265.8011806688,13.5120592029405
5702.0,1263315.19837841,243378.527789265,4.0,23697.479023202668,10.073123951136497
5704.0,1258513.7037175,257813.817532048,4.0,66860.26622603048,11.110360141809274
5707.0,1273886.06731725,227120.968156621,4.0,141028.09771093843,11.856714424053433
5713.0,1278648.74117813,267163.95725362,3.0,555510.7009232818,13.227643151464548
5714.0,1272354.71045168,238187.22256794604,3.0,128928.20414185416,11.76701097136856
5715.0,1274822.1107102,207993.877129033,4.0,123280.10111278716,11.722214290181746
5717.0,1272269.45637159,222442.583767831,3.0,145316.0153124552,11.886666065868747
5720.0,1266080.20202924,249507.320691541,4.0,69814.60441559825,11.153598499179598
5723.0,1267658.50334287,244917.800942838,3.0,30555.856984131333,10.327311664199039
5729.0,1279888.73669939,214859.637008056,3.0,127445.2753107467,11.7554423381932
5730.0,1280175.00089169,214854.21480006,4.0,187747.52644890847,12.14285339483338
5734.0,1272691.01323602,220596.833877936,4.0,73269.70610010087,11.201902515955858
5735.0,1273008.79250035,220588.618325919,4.0,115268.73978823856,11.65502154884022
5739.0,1293830.27642566,185519.309234008,4.0,156390.2938198218,11.960110045191984
5740.0,1294486.77677834,185485.029105976,3.0,109407.54198347485,11.602835106113679
5746.0,1284290.2748159,206532.232711539,3.0,96053.21896296478,11.472657681044456
5747.0,1284373.27302398,206531.35245552697,3.0,114656.9236039234,11.649699675506957
5748.0,1276534.79032795,264589.937794983,4.0,160277.1235489202,11.984659618176016
5749.0,1276633.30751206,264586.655682981,3.0,126368.7603059578,11.746959580670246
5751.0,1273065.9564044,248776.850994796,3.0,162002.106803074,11.995364619087205
5752.0,1270729.75371401,254170.182072312,3.0,71131.58003914045,11.172286680880825
5753.0,1270749.91019402,254815.68146497,3.0,140368.40761928743,11.852025728297091
5757.0,1282525.82886209,252532.413366631,4.0,1015629.5670350592,13.83101924126311
5758.0,1253772.69872065,251341.020725414,3.0,423738.0,12.956870618691747
5759.0,1284891.65881652,198370.609919176,4.0,173021.43256556446,12.061170753468696
5764.0,1276886.94188032,228765.099358305,3.0,29589.00873099644,10.295158244697813
5769.0,1280201.68325971,255720.949945897,3.0,262915.25583413866,12.479587038072538
5771.0,1270954.82513824,204899.331141859,4.0,319606.76860513544,12.674846671014002
5772.0,1271255.92984255,204890.798021853,3.0,341613.2462538981,12.741434517234605
5773.0,1276779.92568821,214265.219535455,4.0,202860.1928865885,12.220272315765522
5774.0,1259655.89431067,248814.484786823,4.0,227241.35183342727,12.333767955577093
5775.0,1277519.18898496,237555.090983301,4.0,21232.9410179124,9.963309076328004
5776.0,1277945.2130494,237544.549671292,4.0,165857.44439638508,12.018883929689123
5777.0,1284456.70035207,203365.629828289,1.0,0.0,
5778.0,1284701.17984031,203303.267716229,3.0,93323.8204246636,11.44383066426721
5779.0,1280603.55186813,200359.622401208,3.0,342850.1569400285,12.745048770463692
5780.0,1280860.17113239,255963.400570154,4.0,110157.53182500476,11.609666727786651
5781.0,1281531.19570906,255954.695866138,4.0,171254.3034048061,12.050904885179865
5782.0,1280303.67257181,263142.912513494,4.0,210657.45712285972,12.257988667316347
5783.0,1280623.72473215,263131.934145495,4.0,109483.5815627747,11.603529876930573
5784.0,1264506.77604364,211680.12334080003,3.0,221105.12564791492,12.306393549064005
5785.0,1289168.6801329,189881.639414489,4.0,221020.59407020247,12.306011161996379
5786.0,1289459.55418119,189873.973046467,4.0,255679.646146138,12.451680557587476
5787.0,1284927.02585655,207807.494600832,4.0,475328.97004147375,13.071762411810248
5788.0,1280584.1356121,249918.871347964,3.0,9291.284664054949,9.136832106860467
5790.0,1278991.03839447,203047.644227967,3.0,45833.910266018,10.73277949496364
5791.0,1278984.29330647,202703.903107613,4.0,894057.6002108961,13.703525481846246
5796.0,1282171.37222172,252539.428470641,3.0,175003.65308805017,12.072562127476633
5797.0,1284964.53625658,245863.658671811,4.0,266141.52200887544,12.49178348390935
5798.0,1268373.66135959,226787.902876273,4.0,722894.6954124469,13.491018841034293
5800.0,1279069.57497054,231483.115233079,4.0,337535.83387262723,12.72942695809603
5801.0,1294388.98791423,181292.446893692,3.0,572681.6343348627,13.2580852293063
5802.0,1294387.48788224,181246.779373646,4.0,1025350.1188536668,13.840544691599126
5803.0,1273350.58936469,209091.423498154,3.0,127167.99999999996,11.753264325911488
5807.0,1293258.41338508,188502.917429075,3.0,100774.90273006888,11.520644622766035
5810.0,1282117.66175768,273166.087627769,3.0,1068965.0855314245,13.882201528605165
5811.0,1282320.03897388,273159.547339752,3.0,296581.62770185014,12.600077763752756
5815.0,1292156.61018395,187877.433780432,3.0,141922.92678721852,11.863039420126832
5817.0,1263498.6694186,244500.304110408,3.0,80444.35079172472,11.29532092983969
5818.0,1285309.93030494,196322.936893076,3.0,140844.70870608167,11.855413205726887
5819.0,1285509.66214515,196323.783997074,4.0,376423.3153155304,12.838469627696153
5820.0,1259224.53923823,254374.691192523,4.0,256787.11063789445,12.456002657318235
5822.0,1285472.7692171,251809.852149904,3.0,26124.9785820637,10.170647169441462
5824.0,1255568.03107448,251488.954485565,4.0,34104.27209299507,10.437177936744062
5825.0,1254905.5153618,251494.865269572,4.0,51268.7932477948,10.844837527301499
5826.0,1282325.65804589,249226.856307253,4.0,418981.0694764052,12.945581017636373
5828.0,1281411.08242895,211889.037005022,3.0,6769.170001939371,8.820133758972284
5833.0,1265456.88695662,248993.72459501,4.0,195737.45325416667,12.184529516034674
5834.0,1265697.66014086,249005.751475021,4.0,156022.84919825988,11.95775774472572
5836.0,1260285.32675931,247436.891761422,4.0,136333.6382361148,11.822860382805048
5837.0,1259627.88816664,247451.450417429,3.0,21083.691779858444,9.956255119193345
5838.0,1274087.78411745,239513.984361306,3.0,33627.69138541301,10.423105154902888
5841.0,1281600.57286115,221495.833046854,4.0,166335.9224830804,12.02176465197494
5842.0,1281768.66604531,221489.626070842,3.0,71507.77994641896,11.177561533202098
5847.0,1262042.76029712,259672.573629946,4.0,144349.46636366338,11.879992488261687
5848.0,1262055.16772112,260338.904318631,4.0,50781.81813825017,10.835293658836898
5849.0,1274165.21669354,224658.766682088,4.0,575951.0408734501,13.263777937581859
5850.0,1274493.24818186,224651.381850094,4.0,439468.9834998335,12.993322421375469
5852.0,1273738.87602109,222105.176983476,4.0,652932.9283650253,13.389229689912813
5854.0,1268239.47691146,242715.88343659,4.0,473519.5397830335,13.067948457458055
5855.0,1281635.95468518,209907.173514992,3.0,66964.44048297788,11.111917018421243
5856.0,1281785.95244533,209906.202698991,4.0,102622.20727684171,11.538809633491313
5857.0,1286166.65952182,205034.395206004,3.0,5001.276906554132,8.517448540122809
5858.0,1286164.33766581,204879.28557384,5.0,217777.5032414464,12.291229193243675
5859.0,1265084.87556423,245006.278126925,3.0,69036.49035180415,11.142390489468124
5860.0,1265089.18494023,245175.138415098,1.0,0.0,
5861.0,1282952.28179052,202798.668355703,3.0,146851.03255198337,11.897173967940033
5862.0,1283614.44550321,202785.566979691,4.0,82208.17064354022,11.317009975660913
5863.0,1254869.97571377,249664.353843704,3.0,366603.2915178733,12.812035592846817
5866.0,1269266.09886451,241885.346091732,3.0,25240.40168147935,10.13620123100868
5867.0,1269425.87281668,241881.122027725,4.0,116405.30834807764,11.664833417604555
5868.0,1276958.41548039,217566.493458837,3.0,110295.64287231745,11.610919701943828
5869.0,1268286.0230235,258193.11366044,3.0,84342.6352574271,11.34264277245419
5870.0,1263951.95268308,259871.750398159,1.0,0.0,
5871.0,1279329.09381881,281449.549460247,1.0,0.0,
5873.0,1276202.10136761,273608.887628213,1.0,0.0,
5874.0,1276385.69285581,273600.904396206,3.0,66029.2607278224,11.097853267121435
5875.0,1277445.68421689,281448.812884241,1.0,0.0,
5876.0,1277836.23167329,281453.63010025,3.0,206630.28690097397,12.238686421733549
5877.0,1279743.31442724,275069.901069716,4.0,92943.88675769648,11.439751221838739
5878.0,1293270.8720091,188916.898229495,3.0,112698.778013513,11.632473857143113
5879.0,1293267.02656908,188788.51198937,3.0,279531.0377035119,12.540868612651758
5887.0,1273334.00114068,243912.146477804,3.0,91813.36040298684,11.42751310417783
5888.0,1273347.28920469,244372.131118283,3.0,147758.02603348112,11.903331255508581
5889.0,1276799.30488822,217057.017426312,4.0,211854.7516745424,12.263656185232211
5890.0,1276789.85023221,216696.982417941,4.0,165886.9118014547,12.019061580971483
5893.0,1284235.49510384,198822.943999633,3.0,81785.84721703586,11.311859490715035
5895.0,1276341.66411975,206860.572935864,1.0,0.0,
5896.0,1276323.84427974,206154.251527146,4.0,280147.19224791,12.543070430626269
5901.0,1282939.07743852,202003.632514894,3.0,81334.25249583858,11.306322516721714
5902.0,1282938.53407851,201875.147906765,3.0,35047.31967847798,10.464454418168552
5906.0,1275423.88408682,242801.026348665,4.0,64808.947321888816,11.079198948763834
5907.0,1275708.71557511,242791.050284654,4.0,226476.13157062387,12.330394838973286
5908.0,1285577.67417721,209945.360075027,4.0,53792.62914566038,10.892891732036368
5909.0,1285886.94816153,209940.738379017,3.0,6482.423079537785,8.7768496514786
5912.0,1274267.18661363,211395.740364507,1.0,0.0,
5913.0,1274424.20926979,211393.822092503,4.0,166300.3664200638,12.021550868546383
5914.0,1264338.99089147,245019.279086947,3.0,317705.04817861976,12.668878709897246
5915.0,1264038.92292316,245018.881774947,4.0,221035.51983994764,12.306078690842973
5919.0,1274419.21912579,280587.58101137,4.0,477639.5227793023,13.076611590524685
5921.0,1273738.4252051,275452.057486102,3.0,107275.479410529,11.58315537883626
5922.0,1264061.04957919,285111.839320004,4.0,92103.95776548376,11.43067319380093
5924.0,1280401.50245991,274381.458253011,4.0,478215.0925792924,13.077815894736448
5926.0,1283194.48275077,201872.645570755,3.0,1491.987289139139,7.307864261383676
5930.0,1281569.03551711,257010.10681122504,3.0,240899.1930743658,12.392133838968318
5931.0,1282228.86098978,256994.5222352,3.0,225667.7587992002,12.326819102797458
5932.0,1267509.45572671,244620.952814534,4.0,481906.2838859236,13.085504942356486
5933.0,1267517.87825473,244921.937774837,4.0,522266.7961167018,13.165933839967625
5935.0,1278329.38751379,227037.868252531,4.0,153668.69872043707,11.94255425700049
5940.0,1272447.92024377,284119.368534982,4.0,686838.8374298337,13.439854954790224
5941.0,1273111.42091645,284092.039894953,4.0,767338.6798264293,13.550683547199421
5942.0,1282818.56486239,275419.095310077,3.0,11956.942811826142,9.389067377088551
5943.0,1283170.67539075,276394.661263078,4.0,247936.46971017527,12.420927821806359
5944.0,1270517.57764979,287111.195930049,3.0,43943.387878787886,10.69065744535116
5945.0,1267642.38686284,285007.042327896,1.0,0.0,
5946.0,1282328.34898989,263071.593089432,4.0,217065.18589778087,12.287952983255108
5947.0,1282658.03596623,263058.611457422,4.0,76935.1982280718,11.250718765053724
5948.0,1287338.33203502,189521.127670109,3.0,72824.73102752393,11.195810888412286
5949.0,1287330.24838701,189196.65355777703,3.0,104747.03987438136,11.559303578429306
5951.0,1278943.67199442,234681.48746036,4.0,631166.916921646,13.355325634151672
5952.0,1277489.66213693,227908.863517419,4.0,253120.2311611644,12.44161987680834
5953.0,1277512.75199296,228573.995742097,3.0,120419.79405032968,11.698739200755638
5954.0,1283916.75980751,199916.40704076,3.0,386053.1211691693,12.863730258587506
5959.0,1276003.72511141,267764.288774237,1.0,0.0,
5963.0,1274604.46974997,252143.648694232,3.0,654879.6411974116,13.39220674383549
5964.0,1258659.26013365,259082.524285346,1.0,0.0,
5965.0,1277868.14661732,218082.25685136,4.0,943506.3416034213,13.75735836512843
5968.0,1272904.05022824,242051.627563909,4.0,97605.99765741968,11.488694221921111
5969.0,1272914.75461225,242422.428332284,1.0,0.0,
5978.0,1271502.4782588,249600.307379633,4.0,440446.8087326785,12.995544965041557
5981.0,1265161.27306831,243631.75889352,3.0,43908.4066958067,10.689861077217774
5983.0,1283567.87993516,205879.785222858,3.0,214713.07608046147,12.277057885973463
5984.0,1283820.87487942,205874.192710862,3.0,168662.13275896353,12.035652778364485
5989.0,1264984.10577212,250951.284341022,4.0,144207.66498301364,11.879009657642305
5992.0,1274519.02238989,246873.105776846,4.0,116867.29958100084,11.668794378482454
5993.0,1263995.02506712,258294.793916538,4.0,192396.5501902838,12.167313886649062
5994.0,1258823.26211782,258257.96460449704,3.0,19837.07681030817,9.895308031793414
5995.0,1258827.26506183,258539.046716794,4.0,126627.93863155416,11.749008448638493
5996.0,1276976.3370164,251320.060469389,4.0,378251.0037873336,12.843313285413991
5997.0,1276979.95186441,251980.072950065,4.0,291641.82274082943,12.583281693869392
5999.0,1281472.11186901,246583.501360551,3.0,677436.9940553021,13.426071829707087
6004.0,1276476.92331989,217064.835346311,4.0,101754.09846122208,11.530314382210806
6005.0,1288907.25184463,191029.51141566,3.0,206114.9189757557,12.236189151331782
6006.0,1273144.96741249,279961.741074726,3.0,84778.0,11.347791354158918
6007.0,1273213.80357255,279958.592786714,3.0,169542.0,12.040855962718982
6008.0,1292850.67732066,187397.803507939,3.0,9957.049270679516,9.20603604872168
6009.0,1281757.1076453,215049.140240252,3.0,3144.287183492224,8.053342492727491
6016.0,1277128.36428057,217352.040146619,4.0,812336.1064818164,13.6076694577395
6017.0,1277447.84460089,217344.43355460503,5.0,689677.0669383543,13.443978748088478
6020.0,1280880.7406684,209682.091914758,4.0,121097.11808083724,11.70434813141191
6021.0,1281161.06815669,209728.859530807,3.0,11402.36962762088,9.341576474854266
6025.0,1263477.15409058,247650.385713637,3.0,69699.26709253316,11.15194508152164
6026.0,1286556.64333022,202661.748995572,3.0,235463.92440753305,12.369312993475088
6027.0,1286549.84646621,202481.778883383,3.0,199298.40529276404,12.202558504627298
6033.0,1279440.88031493,247827.250225812,3.0,43461.00000260913,10.679619263269796
6036.0,1274099.24766946,242774.870572641,3.0,814420.3125975733,13.610231866262017
6040.0,1284762.48684838,252921.153719038,4.0,143576.75369132357,11.874625040119497
6043.0,1292368.97095217,186981.625523508,4.0,536967.1600240443,13.19369221710338
6044.0,1291646.68627943,188705.659445271,4.0,187649.4510676972,12.142330879260179
6046.0,1274175.40760554,250356.069940403,4.0,228866.85738804852,12.340895704666933
6047.0,1274841.88530222,250311.178292364,4.0,174432.84724477874,12.069295117015912
6048.0,1269965.01675323,248279.910066277,3.0,22780.654933360376,10.033666986954895
6049.0,1269926.45150518,248471.354866475,3.0,7355.595010662692,8.903216528561869
6050.0,1274956.78463034,262857.382849216,3.0,955.4670208259922,6.862200247988898
6051.0,1258955.57520595,254377.584888533,4.0,316763.18725141103,12.66590973031253
6052.0,1275082.57343046,212026.298189163,4.0,753842.8056266118,13.532939144653682
6053.0,1275301.82987869,212023.149261162,4.0,696703.4895308574,13.454115189661985
6054.0,1282860.22879843,212497.269005641,4.0,225586.66382446708,12.326459682605476
6055.0,1283023.03852659,212510.263117656,3.0,162441.90578484075,11.998075713970028
6056.0,1268616.65527984,230547.584608123,4.0,316724.8753045524,12.665788774767602
6057.0,1262775.43172187,248214.902322218,3.0,30541.51467523218,10.326842173981273
6060.0,1282308.70726186,250550.173236609,4.0,318275.2362985308,12.670671810364668
6061.0,1275495.12415089,216418.906833664,4.0,21101.373526705214,9.957093413397882
6062.0,1275487.52043888,216158.838481396,4.0,139223.92345473566,11.84383887601451
6065.0,1279500.59116299,202004.801154897,4.0,252827.49457767932,12.440462695537395
6066.0,1274593.71742997,243141.475757018,3.0,68226.17011235279,11.130583496215143
6067.0,1274752.02091813,243135.612909019,4.0,42611.452354121015,10.659878330731695
6072.0,1278433.4555459,277769.735248476,4.0,293171.0104365845,12.588511371107005
6073.0,1279000.29004247,277749.481040463,4.0,202482.46524569852,12.218408570400214
6079.0,1275693.09355909,206574.50496757,4.0,216043.55190669675,12.283235295539537
6080.0,1276171.64210358,206562.691655561,1.0,0.0,
6082.0,1279896.7245394,219014.499092311,1.0,0.0,
6083.0,1284248.25619185,199690.938688532,3.0,43408.844807395646,10.678418496730055
6085.0,1271940.90059525,252811.254006922,3.0,13291.709819634663,9.494895798032047
6086.0,1272198.20024352,252801.796662912,4.0,17304.50163241839,9.758721956603509
6089.0,1278730.6275142,233714.217059374,4.0,130339.89329462512,11.777900881216596
6090.0,1279052.33125854,233705.429347351,3.0,262976.71652642713,12.479820776923095
6093.0,1269722.43486498,248088.204082087,3.0,37628.33510456594,10.535512638775742
6097.0,1269349.3001446,283421.86210227,3.0,68093.56544703298,11.128638000845733
6098.0,1269351.3293286,283707.180758566,3.0,29179.32570655624,10.281215713741112
6102.0,1282318.10687788,248560.768114567,4.0,426014.3563642351,12.96222832506919
6104.0,1272941.38840428,273778.305612385,1.0,0.0,
6105.0,1272944.78142828,273986.417036608,3.0,267630.6169332438,12.497363013745511
6108.0,1279565.88044307,258200.726844445,4.0,122404.88397614556,11.715089550030203
6109.0,1278684.98354615,248614.525554627,4.0,757421.7476921659,13.537675507652821
6110.0,1283553.34982315,264540.894274935,4.0,226359.34749246133,12.329879048642574
6111.0,1283757.68275136,264714.097987115,3.0,114583.84087166884,11.649062068710473
6121.0,1267051.10359824,245201.683247134,6.0,239049.071564906,12.384424130193564
6122.0,1270054.04939333,243203.10622108,4.0,139778.83417843533,11.8478166965931
6123.0,1270348.27089763,243195.131501079,4.0,154098.03098973454,11.945344243742698
6126.0,1284221.63321583,197902.597118691,3.0,516638.3862874483,13.155098462511397
6127.0,1271833.18129914,247097.07972906495,3.0,98745.73638267204,11.500303505959588
6128.0,1272168.16555548,246942.640432909,3.0,3847.546359018115,8.25519091476796
6129.0,1258426.05558941,254382.563896537,4.0,503633.8277786661,13.129604750815908
6130.0,1258437.92298143,255067.709177226,4.0,282919.5782254733,12.552917960358037
6134.0,1277937.72914539,200767.349889636,3.0,379453.5186260807,12.846487387752777
6135.0,1284029.06207962,262593.376832932,4.0,85072.91320500328,11.35126397018203
6141.0,1271995.74494731,205426.708998397,4.0,222122.3752926521,12.310983749034419
6144.0,1286118.65932977,203515.44122044704,3.0,37551.59619579353,10.533471164831921
6147.0,1293845.70976968,186038.858994544,4.0,163751.5307803049,12.006105501730474
6148.0,1294502.74093835,186005.914226517,3.0,47287.591498105074,10.764003203871585
6150.0,1271438.78712274,241019.330410853,3.0,93351.85260219211,11.44413099453826
6151.0,1273076.87077242,274163.527244791,4.0,115797.06181527767,11.65959447087407
6152.0,1273740.2335891,274139.940044761,3.0,276173.8701239374,12.528785910572289
6153.0,1280739.16351625,277185.235791877,3.0,279773.6232664879,12.541736066814458
6154.0,1281052.89746858,277331.500880033,3.0,194937.125953712,12.180432354547225
6155.0,1275220.90155861,261498.875391811,3.0,168607.13591307934,12.035326648168347
6157.0,1274978.48639037,207019.510280028,4.0,226630.89764461084,12.331077971522669
6158.0,1275703.68933511,207000.642248005,4.0,197557.6744025976,12.193785842984736
6159.0,1277954.8911934,263882.06784226,4.0,97924.0770565196,11.491947733485986
6160.0,1284527.91411214,249064.502643079,3.0,94008.44542680882,11.451139902182375
6161.0,1279005.90943448,228309.574365839,4.0,172075.36487647414,12.055687827714552
6162.0,1272783.99768412,247995.257393986,4.0,35627.58241295756,10.48087540372854
6163.0,1276338.73528776,267753.420358226,3.0,276391.9837274876,12.52957536802196
6164.0,1286391.66201805,192918.476153597,3.0,558695.9429181673,13.233360673774493
6166.0,1277906.56415336,206770.38183178,4.0,15534.365499757374,9.65080997772026
6171.0,1265590.64260475,255073.862649232,4.0,355630.7724189623,12.781648315489065
6172.0,1277364.5872568,223308.086296707,4.0,74870.67768280815,11.223517606643739
6173.0,1277369.0626488,223613.962649018,4.0,79433.23496406674,11.282672136030211
6174.0,1277199.72370464,282810.274389639,4.0,50163.18823210948,10.823036734533074
6175.0,1277427.96997687,282801.969941631,1.0,0.0,
6180.0,1274022.41477339,213963.549263135,1.0,0.0,
6181.0,1274141.93950951,213960.670927137,4.0,173107.9184261331,12.061670484925278
6182.0,1275496.5969189,226155.528155625,4.0,379036.0611389163,12.845386627662057
6183.0,1272680.43486801,250827.553588897,4.0,390107.03131781967,12.87417641973072
6184.0,1272525.15435585,251086.389045149,3.0,267787.94905172265,12.497950711419827
6187.0,1281107.41574064,196610.289021373,4.0,61389.46814547218,11.024993570847153
6188.0,1281407.41804494,196603.100989372,4.0,115875.22695056198,11.660269261447139
6189.0,1255572.59869049,251761.896885842,4.0,48770.2858971428,10.794876510838707
6193.0,1277970.13887343,225612.070555076,4.0,280523.9554204387,12.544414402866705
6194.0,1278290.52044176,225604.922907069,4.0,202719.00535600065,12.21957608905122
6195.0,1279965.07058747,204528.776133478,1.0,0.0,
6196.0,1261564.86423263,253015.147319138,4.0,318931.52386515186,12.672731699994568
6197.0,1261587.59351265,253681.547575817,4.0,595322.0039312834,13.296857721218805
6198.0,1259705.42211872,251692.31595777,4.0,252390.2977787552,12.438731969048064
6199.0,1259441.46167046,251696.948533773,4.0,117948.4450634323,11.678002901734361
6201.0,1281707.33938925,269716.176264226,4.0,580444.5418948296,13.271549540491426
6202.0,1281708.23212525,270380.003656909,3.0,46880.24968225064,10.755351750223285
6205.0,1285207.54662484,251816.634613901,1.0,0.0,
6206.0,1274186.20286955,250865.573172927,3.0,202436.55644343296,12.218181814925646
6207.0,1267211.47729442,227409.809436917,4.0,246222.1997939336,12.413989658423468
6213.0,1275722.94187912,273889.585228503,4.0,452200.5003127548,13.021880945222463
6218.0,1263999.58967511,243368.820781246,3.0,165953.69137223106,12.01946406078281
6219.0,1263518.92861862,243375.459565267,4.0,929007.5230818726,13.741872115806107
6220.0,1280213.89714772,209942.508747026,3.0,253066.8216884392,12.441408850182421
6222.0,1259694.06551071,251032.418357104,4.0,331324.7679138497,12.710854345269798
6231.0,1280438.24876395,254157.152888298,3.0,264494.33390758693,12.485575108151556
6232.0,1289732.39552547,189162.778613746,4.0,378113.12152942456,12.84294869313675
6233.0,1289719.16128546,188602.398197174,4.0,59460.74161677079,10.993071569006611
6236.0,1277626.13068107,202002.3143069,3.0,43745.917420968784,10.686153571339402
6237.0,1260588.49776763,253031.16267915105,3.0,29937.7143563826,10.306874314257328
6240.0,1272890.72613223,235139.25456482204,3.0,130504.06596734564,11.779159662097419
6241.0,1272806.46411614,235508.655397207,5.0,439114.2794541892,12.992514975843845
6247.0,1275683.03480709,206169.970631167,4.0,565057.7795259748,13.244683269547648
6248.0,1276308.29016772,263275.505089641,4.0,193093.48238963244,12.170929715333422
6251.0,1285326.85971296,243009.594476879,3.0,271.0215007215008,5.602198156188295
6257.0,1270356.30763362,245134.582703054,4.0,33319.687621238365,10.413903721123939
6258.0,1270362.62161763,245404.508975342,4.0,46997.92241883705,10.757858675860646
6261.0,1256859.6745318,247789.395953774,4.0,993523.9218930145,13.80901341908676
6262.0,1256865.61181182,248078.106354073,4.0,872840.7384177182,13.679508387959068
6263.0,1285804.59596945,249776.460851818,4.0,483967.6035206712,13.089773248583883
6266.0,1269801.07185706,284695.514711574,4.0,175520.14755971625,12.075509116209002
6269.0,1278094.60773756,283152.005973995,3.0,313726.5652888785,12.656277074332158
6272.0,1283362.67302294,251191.97246927,3.0,5340.450225208419,8.58306524023698
6273.0,1264459.84010759,247647.43102563903,3.0,109904.65590073491,11.607368504378195
6274.0,1277490.87896894,234957.609252647,3.0,19957.32127744734,9.901351336322515
6275.0,1256238.03862718,251483.24286955604,3.0,7271.911163773412,8.89177441957992
6276.0,1288296.05818,189904.637366503,3.0,6263.975944567936,8.742570397396333
6279.0,1264734.14858787,250955.929653019,4.0,104751.72317685516,11.559348288024784
6280.0,1264484.18122761,250960.642869025,4.0,64120.270710533725,11.068515828650536
6282.0,1276949.00997637,230809.968928397,4.0,331232.3278269204,12.710575304902942
6283.0,1277268.37285671,230802.516512379,4.0,156204.6477433217,11.958922271023933
6284.0,1283411.320895,197587.354942366,4.0,56105.76766818021,10.934993896710647
6285.0,1283643.90111923,197585.365758374,1.0,0.0,
6286.0,1272872.8570762,253645.635575771,1.0,0.0,
6287.0,1260270.3586313,245362.539567292,4.0,337564.41035388206,12.729511616579021
6288.0,1260272.8523913,245627.874991566,4.0,372727.7273800588,12.82860347867558
6290.0,1266158.04074933,243616.714349508,3.0,71897.60832578309,11.182998279258568
6297.0,1278903.40831438,219252.061268553,3.0,279989.0026505982,12.542505605132192
6299.0,1285049.16243267,206523.998151526,3.0,6859.6310700510885,8.833408939397806
6300.0,1279827.21420333,252427.455926523,3.0,16402.470777705053,9.705187259641775
6306.0,1281786.03410934,210548.948427647,4.0,884908.5003650114,13.693239529226947
6307.0,1282055.6890856,210541.462923631,4.0,821013.4390159944,13.618294757382195
6310.0,1263579.17482668,248462.709234476,4.0,397370.76711161126,12.892625046030824
6316.0,1273553.5968529,255386.299385563,4.0,61181.67745394647,11.02160303566747
6317.0,1274216.43768558,255368.342393547,4.0,79143.88810460414,11.279022843181734
6319.0,1280072.48108357,221069.933014423,4.0,360729.5753354263,12.795883857806485
6322.0,1282611.61676618,198661.42335946896,3.0,10481.146850715268,9.257333384207913
6323.0,1282613.61811018,198224.310015023,3.0,264.60368368960053,5.578233173313354
6324.0,1275601.708855,241094.243626922,3.0,254290.0,12.446230627003512
6327.0,1277855.6955453,253891.494008034,4.0,473336.2348807034,13.0675612709202
6328.0,1263241.29591434,244674.004846588,3.0,102710.13686478882,11.53966609469512
6329.0,1287942.17664364,187430.18923597,3.0,206309.60884072183,12.237133275001918
6330.0,1278253.72684172,260555.668286845,4.0,85482.10031377629,11.356062279952194
6331.0,1278260.31576972,261215.666367531,4.0,69352.51651156429,11.14695771220162
6332.0,1280135.58073165,247038.36433701203,3.0,445243.4756754317,13.006376547873144
6333.0,1280139.25394765,247278.25553725695,3.0,418276.4499484693,12.943897856415509
6335.0,1272396.01086771,221827.565655202,4.0,52636.78601170293,10.871170508126522
6336.0,1272389.23857971,221521.631254882,4.0,57230.130234477256,10.95483579103357
6338.0,1277594.28492104,230794.910560384,4.0,379894.3383579448,12.84764843608479
6341.0,1277483.99583292,206263.186695263,5.0,762639.153803528,13.544540267604702
6344.0,1286277.65440193,200199.776577041,3.0,36166.20775004072,10.49588047427507
6345.0,1273716.79006907,208426.77255347403,3.0,92941.35472234875,11.439723978843784
6346.0,1274032.5374614,208421.555081472,3.0,84336.07462989933,11.342564984006133
6347.0,1280628.72838014,219887.609877214,5.0,115397.11136446612,11.656134601239083
6348.0,1274273.85394163,260346.205502644,4.0,302832.2692940009,12.620934364530434
6349.0,1274936.75384632,260326.801022619,4.0,313804.0851667855,12.656524137573594
6350.0,1283552.83244714,259768.964158043,3.0,57320.54881585743,10.956414456492528
6351.0,1259615.36490263,246856.612720817,3.0,12630.66134916487,9.44388257732793
6352.0,1259537.61795855,246958.351024926,4.0,24586.87890747196,10.109968201878901
6355.0,1272520.27806784,231590.482465193,4.0,215320.8022022896,12.279884298296272
6364.0,1273565.87832491,227964.55471748096,4.0,527964.1903656588,13.17678373911127
6365.0,1273758.87429312,227962.847645476,3.0,141215.97223500974,11.858045715455626
6366.0,1261844.57303292,253678.209335804,4.0,600366.0570515036,13.305294843251778
6368.0,1278351.94744982,227900.486941412,4.0,137455.81080242794,11.831057768454093
6369.0,1278362.17413783,228326.362717852,4.0,96445.0995016742,11.476729208351252
6370.0,1281197.26886073,192895.878457561,1.0,0.0,
6372.0,1284130.39788774,247545.11492952696,3.0,160077.70009219018,11.983414601914214
6373.0,1279680.51205918,268743.028935239,3.0,65308.82300418301,11.0868824210559
6375.0,1269339.04260859,227215.98959671,4.0,241311.3270206273,12.393843192163397
6376.0,1269023.91723226,227502.639965013,4.0,197550.56937430735,12.193749878013604
6379.0,1281892.48537344,204724.152005687,3.0,775493.0550304072,13.561254306085267
6380.0,1275555.80971895,246608.601392567,4.0,75226.57670007163,11.22825986106685
6381.0,1275578.71909498,247378.854449362,4.0,94635.80571317072,11.457791179339358
6382.0,1282127.06886168,226909.321564391,4.0,79662.82605415494,11.285558332558217
6383.0,1282143.1846377,227349.349212855,4.0,70271.42273381184,11.160120490655707
6384.0,1269691.95460895,223844.29064926496,3.0,56110.75287366572,10.935082746471178
6385.0,1283701.5633913,242036.97994789496,3.0,218437.748032115,12.294256346892837
6386.0,1283708.8675193,242320.660140187,3.0,157537.83713245043,11.967420944157425
6387.0,1271772.24081908,222759.573656142,4.0,956463.6423715006,13.770998056028139
6391.0,1266831.84587002,251257.518965334,4.0,244670.1163331236,12.40766611828333
6392.0,1267492.2815187,251232.982581303,4.0,305911.4906787077,12.631051092946768
6393.0,1272193.17765151,230872.921888456,4.0,167894.48218170227,12.031090978807336
6394.0,1261944.08100101,251655.79570174203,3.0,53047.52311339411,10.87894345328944
6395.0,1261793.57968886,251658.444341734,3.0,81317.26200573686,11.306113597791994
6397.0,1280772.8976603,244611.748078525,5.0,264572.33937201544,12.485869987677837
6398.0,1281112.19916464,244864.576686785,4.0,64131.10669635393,11.0686848090711
6399.0,1268244.30891147,245445.245423377,4.0,85690.26967483333,11.358494558756279
6400.0,1268651.65387188,245437.323567376,4.0,63860.5562705051,11.064457177012311
6405.0,1276989.76844043,212522.579661667,4.0,99569.2879854644,11.50860904246236
6408.0,1285268.54156891,245858.495279804,3.0,109695.19590314728,11.605460852261054
6411.0,1263559.49380267,252440.821686536,4.0,967855.457867211,13.782838034724202
6415.0,1270358.49329764,224949.804826394,4.0,519241.60459836415,13.160124573284808
6416.0,1284352.62054396,205586.17395857,3.0,318017.30464228214,12.66986107739585
6419.0,1285269.7230089,252918.896183029,4.0,117485.65266125396,11.674071500100322
6420.0,1285009.58937663,253068.33221519,3.0,31912.595136653777,10.37075604271737
6423.0,1259236.50179824,255057.46181722,4.0,311718.476553975,12.64985574071976
6424.0,1275838.25989524,219835.972885162,3.0,103344.79974210708,11.545826246883228
6425.0,1276146.27704756,219987.21173331104,3.0,310667.39765136567,12.64647815795189
6429.0,1276666.19461609,262603.378432944,4.0,103978.7511571792,11.55194184145184
6430.0,1276895.31884032,262595.798400939,4.0,37884.88908776629,10.542307606758346
6433.0,1278598.21669807,238052.256935805,3.0,1213.046233401226,7.100890023140387
6434.0,1278828.2244423,238046.859687805,4.0,9557.03524518138,9.165032837151122
6441.0,1284598.03801621,206528.800327525,4.0,159873.5999839678,11.98213878190124
6442.0,1284594.0872322,206353.623815343,3.0,49747.72940180588,10.81472010138049
6447.0,1267022.13943821,244441.52075035905,3.0,318482.5033025451,12.671322817799503
6448.0,1278479.45740195,206294.821127295,4.0,166183.87434162927,12.020850131074228
6449.0,1282688.43583825,229404.861214951,3.0,200826.2263563765,12.210195267615557
6452.0,1282798.45727837,267094.915397555,3.0,134965.7151291855,11.812776063160722
6453.0,1282805.43692638,268350.617926836,3.0,138341.90854811764,11.83748349812792
6454.0,1271626.03313893,206253.84320724,3.0,62968.82525093263,11.050395045614511
6455.0,1275196.45445459,204111.545285046,3.0,126866.93610478494,11.750894068963508
6456.0,1270861.00152214,223468.961624876,4.0,232398.37736518387,12.356208321857997
6466.0,1257506.26608448,248596.4104186,4.0,349289.27847054176,12.763655735993874
6467.0,1261612.42026468,246609.974448577,4.0,656956.5072068401,13.395373096199146
6472.0,1270552.84100983,253255.520823374,3.0,184794.2450533338,12.126998296218526
6473.0,1271047.19569834,253502.64632763,3.0,175402.0369919908,12.074835972262083
6474.0,1275882.01343128,212893.722958043,4.0,440581.5337128972,12.99585080079003
6475.0,1276052.01016746,212890.362382039,3.0,134902.28689653223,11.812305994583898
6476.0,1277467.65823291,201750.74854663,3.0,412576.2219125958,12.93017624808125
6477.0,1277459.37016889,201509.635842383,1.0,0.0,
6478.0,1270069.86296134,218179.472915456,4.0,432894.0400628745,12.978248265866773
6480.0,1256196.70537913,249108.50155513,4.0,824867.0833505021,13.622977541246732
6481.0,1255526.80445044,249121.084211141,4.0,946394.8931915716,13.7604151955958
6487.0,1275228.63352662,262889.074113235,3.0,5724.837078097332,8.65256937004324
6488.0,1275622.35813501,262878.609217227,3.0,86815.94706530694,11.371545605724172
6490.0,1274491.23077387,214903.367248103,4.0,115485.44487026273,11.65689978256371
6492.0,1266713.31492589,245999.302767947,4.0,1077013.1073621977,13.889702126317205
6493.0,1281705.55366126,268388.520134866,4.0,271816.59167661256,12.512882822532235
6496.0,1288568.53370027,189178.920949757,3.0,966605.7188303778,13.781545954815074
6497.0,1263091.34314619,250335.381044388,3.0,1054135.302468514,13.868231370308148
6498.0,1274497.91416587,246081.934128031,4.0,441989.8547950026,12.99904220784393
6500.0,1280160.34937167,219412.577044725,4.0,201868.4155341776,12.215371355878162
6501.0,1269453.73361671,242793.206444666,4.0,410628.3230394578,12.925443760826216
6504.0,1271170.82763447,246964.801776931,4.0,549386.0894621692,13.216556732814519
6505.0,1271055.46763435,247239.724785224,3.0,172975.2827916692,12.060903989235854
6506.0,1285857.43641751,207796.330952823,5.0,154975.40311733322,11.95102169374327
6507.0,1285851.5377935,207368.008968383,4.0,110388.0713369684,11.611757357503384
6508.0,1276942.75608838,207694.462344721,3.0,261571.87171667893,12.474464368765247
6509.0,1274233.41765361,256365.364026561,4.0,31757.85585919159,10.365895402351377
6510.0,1274239.1532056,256697.749882907,4.0,64119.84921446166,11.068509255105965
6511.0,1282191.03231774,255939.07122612,4.0,263928.0099128458,12.483431655217782
6513.0,1288116.97587581,192795.344505459,1.0,0.0,
6515.0,1279647.64569114,264023.689922407,4.0,149042.2299852519,11.911984967490776
6516.0,1279354.99404284,264490.196546882,3.0,84778.0,11.347791354158918
6522.0,1270653.37201793,243171.386157051,4.0,154825.77426159076,11.950055726675984
6525.0,1270321.8759536,242283.258988142,4.0,392921.52446582704,12.881365187618973
6526.0,1276686.01016811,245353.705263287,4.0,314656.2950657349,12.659236195320133
6527.0,1285007.73209663,204641.898885593,4.0,666916.5208281003,13.410420160885312
6528.0,1277709.14527316,206781.66989578295,3.0,70272.15264858582,11.160130877680116
6532.0,1269400.47192065,240916.249258742,4.0,226856.50574647656,12.33207296330763
6533.0,1269694.66526495,240908.324714735,4.0,310666.1175753534,12.646474037536748
6535.0,1287426.57465911,248716.971826732,4.0,280877.695362243,12.545674605746857
6536.0,1288086.51891579,248700.779314712,4.0,239657.45141580052,12.386965897014065
6537.0,1277607.73048906,231232.092448831,4.0,386344.96041943936,12.864485929196002
6538.0,1277882.94904934,231224.493088812,4.0,263469.6972682477,12.481693639470931
6539.0,1280460.10335597,215895.085713118,4.0,71464.10116601046,11.17695052100267
6540.0,1269571.10609682,230097.55471965697,5.0,560043.884128734,13.23577042415659
6541.0,1269892.60024115,230089.385759652,4.0,271343.0118602727,12.511139025927104
6544.0,1257029.95830798,251070.46814914,4.0,40406.22759058616,10.606739200351452
6545.0,1257035.67875598,251730.306677818,4.0,43971.374582151126,10.691294123504527
6546.0,1273787.78501314,251665.346549749,4.0,302065.7605808546,12.61840002292059
6550.0,1270600.06667387,230057.274271622,4.0,169740.7188398352,12.042027368461296
6554.0,1282827.7236464,254489.054776639,4.0,272938.9190200799,12.517003309280415
6556.0,1281576.18412511,220696.766102031,4.0,398088.0619138684,12.894428520882071
6558.0,1260320.23747934,256388.638266578,4.0,189684.6482205953,12.153118226030529
6559.0,1260052.86691907,256392.95289059,4.0,263645.10606363806,12.482359182539561
6560.0,1277017.55154444,220331.233365655,4.0,67538.69797253121,11.120456015881828
6561.0,1277008.88223244,220071.39925339803,3.0,6176.744279068934,8.72854659595096
6562.0,1277362.10597681,263240.532033607,3.0,41637.17660292631,10.636748715505126
6563.0,1270916.3442422,230052.402527615,4.0,205745.6105965072,12.234395784637423
6564.0,1271232.06571452,230047.38614361,4.0,235297.99916541675,12.368608071344905
6565.0,1277948.78783341,246000.285039946,3.0,51350.00559226029,10.846420324261475
6566.0,1278041.3651135,245997.407407939,1.0,0.0,
6570.0,1285311.68358494,206521.03655152,3.0,6499.546806936726,8.779487731443302
6571.0,1285297.41126493,205713.93485470104,3.0,36403.8244450084,10.502429115276223
6572.0,1275435.33061484,243110.256044984,4.0,29451.01295295672,10.290483584174352
6573.0,1275455.31019884,243649.989549547,4.0,145720.47036694063,11.889445478999123
6574.0,1271103.3389304,224324.150553748,5.0,825198.1393028427,13.623378805332827
6577.0,1279656.39762715,215358.62619257,3.0,25404.18082285148,10.142669038786506
6579.0,1283057.09126264,227582.660445094,1.0,0.0,
6580.0,1283098.42220667,227780.841501296,3.0,44059.77212365832,10.69330244838786
6581.0,1286358.07552202,195279.443580016,4.0,122856.7392608189,11.718774234082623
6582.0,1286653.51680231,194944.346427664,1.0,0.0,
6583.0,1256806.67792375,253730.416567862,4.0,422871.8882898096,12.954824547592583
6584.0,1274197.68312556,253257.609079376,3.0,14670.292438234032,9.593579805378287
6585.0,1273474.73547682,239856.777961656,3.0,394752.2075058544,12.886013524264012
6586.0,1274512.99320589,239835.196649641,3.0,249314.62805331856,12.426470944297746
6587.0,1276217.69023164,229109.368990645,4.0,543505.6649037001,13.20579540849497
6588.0,1276539.84875996,229101.859166637,4.0,385163.45341611496,12.861423077499804
6590.0,1271269.85137856,205993.761350974,3.0,38284.6523376353,10.552804372603166
6591.0,1277236.87756068,250658.782900721,4.0,184715.2106520665,12.126570516083255
6592.0,1277240.35128868,251318.925941393,4.0,333171.35085758305,12.716412203758198
6593.0,1271891.3281792,254777.374072939,4.0,87911.81322645658,11.384089468573322
6594.0,1271974.36638728,254774.823224932,1.0,0.0,
6595.0,1277735.31781718,225617.311707079,4.0,302801.6785773999,12.62083334404856
6596.0,1279667.71615516,232280.458785892,4.0,34639.13704217894,10.452739450188776
6597.0,1279583.81413908,232555.20662617695,3.0,5252.781748110303,8.566513072044044
6600.0,1280440.98892395,214849.176400051,4.0,156369.75122146285,11.95997868187551
6601.0,1280431.67199595,214374.606799558,4.0,273392.7697698933,12.518664757311077
6604.0,1282243.3471978,259798.074366078,3.0,236967.4404584546,12.375678028647656
6607.0,1277355.9409208,234449.204772115,3.0,145939.2698366202,11.890945854131957
6613.0,1282096.37042965,212661.726733804,4.0,9238.602875109573,9.131145949210783
6614.0,1279594.53420308,231177.770400763,3.0,191610.79408618365,12.163221479498773
6615.0,1275630.09368703,265581.978819996,1.0,0.0,
6616.0,1275964.21867937,265573.936835989,3.0,42839.40597334373,10.665213658297102
6617.0,1283979.66361558,206535.529287532,3.0,19768.7793205333,9.891859170228745
6618.0,1284088.82380769,206534.370823532,3.0,5425.674515547148,8.598897505342816
6619.0,1284111.60588771,261149.28127946,4.0,82227.9611739656,11.317250683470105
6620.0,1284433.36083205,261245.877887562,4.0,104719.93425957268,11.559044772810214
6622.0,1282348.0536299,211541.845068663,3.0,39566.250522480885,10.585731774329627
6623.0,1282422.47705398,225578.13429904,3.0,46681.74463632341,10.751108460087764
6624.0,1272915.79858024,227551.991901055,4.0,277931.144568994,12.535128680588173
6626.0,1266207.47767738,228758.874654293,4.0,78890.25013023481,11.2758129267044
6628.0,1269795.33598505,283701.200470552,4.0,166786.35235269915,12.024468945131847
6633.0,1294478.44244233,185211.048369706,4.0,224355.8773179313,12.320988808154512
6634.0,1275064.90975045,274802.20935744,3.0,101790.11957476486,11.530668321165853
6635.0,1275397.04261479,274789.845581427,4.0,183789.460620881,12.121546145697506
6638.0,1273742.20536509,272827.923275426,3.0,44817.08681858435,10.71034474788829
6641.0,1283991.7649276,200565.144897416,3.0,684593.917147699,13.436581119773921
6644.0,1270374.78168164,245924.37476787,4.0,64115.76876408304,11.068445615214891
6645.0,1283360.92665495,264379.292546764,4.0,140478.41179451795,11.852809103242093
6646.0,1279477.55417097,200885.035009757,3.0,41897.04693505405,10.642970624549484
6648.0,1279358.55570684,216324.830289558,4.0,739416.2496880748,13.513616302100193
6650.0,1272409.07941173,228900.564638436,3.0,230676.10849459344,12.348769877874004
6652.0,1256213.39267515,249033.286195055,3.0,21533.89420070063,9.977383447235546
6654.0,1284913.80774453,199438.216384262,4.0,81502.48073385793,11.308388737217959
6655.0,1284907.33235253,199187.935744017,4.0,747460.619222152,13.524436899544318
6656.0,1282892.15756646,260103.371006384,3.0,371574.1481979996,12.825503714605128
6657.0,1278038.5022655,278752.793361485,3.0,65015.33288810434,11.082378411646186
6658.0,1278198.28504966,279029.010001764,1.0,0.0,
6659.0,1279051.56684253,244840.052142754,3.0,181550.4028586365,12.109288595835539
6660.0,1279055.66687454,245039.649134964,3.0,28916.813141492225,10.272178474540002
6661.0,1292812.97664863,186476.892914996,1.0,0.0,
6662.0,1271830.41982713,280004.746194765,3.0,165095.2609801588,12.014277925560208
6663.0,1272156.26430747,279992.647506759,3.0,82748.60225599552,11.323562401930435
6669.0,1275324.04114272,284482.37371935,1.0,0.0,
6670.0,1279900.7894994,225569.866587028,4.0,713086.8062299872,13.477358439853907
6671.0,1280200.45887572,225563.27605901696,3.0,50428.46300165561,10.828311036748996
6672.0,1273533.60997288,251394.198453471,4.0,111361.3972474085,11.620536022610658
6673.0,1262474.95888956,251646.43646973404,3.0,294814.42534958967,12.594101370764978
6674.0,1262313.54487339,251649.287861735,3.0,444432.22757586825,13.004552853415849
6675.0,1277635.86623308,233493.277539134,4.0,454355.87058903486,13.026636025891863
6676.0,1261083.79831213,261027.531199336,4.0,122127.89710618585,11.71282411152992
6677.0,1261097.48720814,261873.389120206,3.0,100166.2605948235,11.514586690319243
6678.0,1276663.62668009,232808.630306438,4.0,836415.6846453372,13.636880998925754
6679.0,1286756.39392242,247503.391601488,1.0,0.0,
6680.0,1285868.99737751,208652.355785698,4.0,25876.84223467705,10.161103725508692
6681.0,1281329.28402886,254653.336632803,3.0,4925.190793336831,8.502118292619647
6682.0,1281329.41266887,254851.76895301,3.0,76891.87059370024,11.250155435909521
6686.0,1259199.7134462,257541.794107765,3.0,169541.99999999994,12.04085596271898
6687.0,1259202.90832621,257736.40031597004,3.0,84777.99999999997,11.347791354158918
6688.0,1282612.73945418,198953.414911777,3.0,15705.318838406214,9.661754713479896
6689.0,1282631.54323019,272353.918986931,3.0,86516.20414464196,11.368087006527611
6690.0,1282754.84153433,272544.444555134,1.0,0.0,
6693.0,1265356.57879651,244987.270958915,4.0,104768.0257677885,11.559503906681721
6694.0,1282031.37714958,264390.81913878,4.0,988363.426037415,13.803805749212255
6697.0,1273811.76722117,240172.321257979,3.0,22579.412251214468,10.024793807746386
6698.0,1274322.56184569,240161.84656997,3.0,2622.75683384047,7.871981270209371
6699.0,1264917.41726007,246967.165296942,4.0,42840.73209929185,10.665244613568138
6700.0,1265157.22846031,246960.838192925,4.0,131863.60514545263,11.789523372999232
6701.0,1273981.85189334,247425.375025406,3.0,96587.10493258722,11.478200521979428
6702.0,1274113.24235748,247421.447217405,3.0,34818.65327387414,10.457908535775653
6703.0,1275556.42911096,228369.529309899,4.0,227070.51778461976,12.333015899255065
6704.0,1275878.25887129,228361.544733882,4.0,172453.8736607361,12.05788508062785
6706.0,1272439.13419576,211737.07438086,3.0,48097.39375191043,10.780983270673882
6707.0,1272437.68305977,211416.934220538,4.0,521940.19084805617,13.165308283380906
6708.0,1276721.81983215,246574.013552532,4.0,129399.28655780488,11.770658147570098
6709.0,1272476.6268678,228899.948510438,3.0,102838.18219339038,11.540911985157775
6710.0,1265717.07281289,249765.434675798,4.0,116311.88149307706,11.66403049573975
6711.0,1266086.66916525,249767.806067809,4.0,203167.697757552,12.221787014321173
6715.0,1287349.99801902,189996.729718596,4.0,150078.93055770037,11.918916638399766
6716.0,1277688.13189714,246569.558832526,4.0,76421.6722825348,11.244021603547841
6717.0,1277712.01336916,247133.989425108,4.0,25897.56402341094,10.161904190114198
6718.0,1273574.41406892,242381.711852238,3.0,45412.19647863584,10.723535992854732
6719.0,1273831.92696519,242482.669036344,4.0,409713.2832566481,12.92321288491968
6720.0,1273264.2880526,232205.871969819,4.0,25942.528018201785,10.163638909490484
6721.0,1282608.59219018,227026.999836519,3.0,38182.54497783684,10.550133752413837
6726.0,1279068.63077855,273765.390924379,3.0,693541.8461220245,13.449566857395377
6727.0,1279399.41388288,273753.487692371,4.0,810503.5182612865,13.60541096100136
6731.0,1285199.97574483,200548.28307341,4.0,1101280.1068685586,13.911983794672501
6732.0,1285604.99302524,200542.913025394,4.0,828242.0917492006,13.627060771971918
6733.0,1275109.11570249,222686.202392071,3.0,516340.9418606567,13.154522566311138
6734.0,1289406.41683714,248668.39352268,4.0,468265.0566125013,13.056789774861452
6735.0,1260946.33629599,254355.968760505,4.0,716716.1590166022,13.4824351681442
6736.0,1274650.76984602,232758.410274386,4.0,539445.3890054589,13.198296833358302
6737.0,1271471.49112277,248564.41112257505,3.0,103298.4360169474,11.545377514789315
6746.0,1262143.24829721,255699.740665883,4.0,297072.17409748764,12.601730398691837
6747.0,1281055.70489259,226968.291292459,4.0,323650.6629872257,12.687420012441281
6748.0,1281071.6017886,227389.331740886,4.0,281575.8479711846,12.54815713244003
6751.0,1262326.22884141,252339.720182434,4.0,608891.4613775801,13.319395306469241
6752.0,1262337.76100142,253003.063991114,4.0,776531.6708188916,13.562592707370024
6753.0,1277226.04620066,249618.254515648,4.0,16189.562615481944,9.692122030586054
6754.0,1277233.14655267,249982.513588026,4.0,44970.21661920839,10.713755696724652
6755.0,1266670.25758186,227902.275933415,4.0,169255.15954270473,12.039162675052587
6757.0,1272053.79473937,220916.784662262,4.0,142840.22694374304,11.86948199050398
6758.0,1277051.95007248,272520.155211106,3.0,89032.62053048535,11.39675810437564
6760.0,1279677.89593117,229184.136542723,4.0,391707.7378053442,12.878271273876331
6761.0,1279999.7834195,229175.597854719,4.0,804687.0251674978,13.59820869219101
6762.0,1283097.61715068,209550.077386618,3.0,152165.98355474358,11.932727201103992
6763.0,1283405.18835099,209545.767690614,3.0,272807.320278478,12.51652103845681
6765.0,1264760.9375799,211024.056076139,3.0,31424.92626472136,10.355356687066559
6766.0,1264915.70730805,210664.42490775895,3.0,77307.92218053699,11.255551715488938
6769.0,1281227.45842876,194258.357370958,4.0,259668.4015451829,12.467160717337745
6770.0,1285706.44326535,205158.216134131,4.0,924903.3917278976,13.737444569664936
6774.0,1275798.3114792,225295.321498752,4.0,579335.5383634152,13.26963710228301
6776.0,1275816.24063122,216410.523985654,4.0,182708.3953774462,12.11564669302051
6777.0,1281633.35231717,263579.687233955,3.0,120463.28300864129,11.69910028015827
6779.0,1271248.40952255,282018.089620829,3.0,96984.49802172396,11.482306430504837
6780.0,1271250.52696255,282110.289236918,1.0,0.0,
6781.0,1280812.16076434,227403.812700897,4.0,456095.0984974607,13.030456616089669
6782.0,1280828.48748435,227834.997213349,4.0,515940.0794317668,13.15374591258842
6786.0,1280576.74847609,203952.969860896,3.0,47915.479206949305,10.7771938879164
6787.0,1279773.27077927,221081.695126429,4.0,435589.0371463944,12.984454502475376
6788.0,1279759.92133926,220751.38639009,3.0,24487.831366228234,10.105931594217521
6794.0,1257173.28413212,258439.222716689,4.0,1104686.556171295,13.915072193121516
6795.0,1257322.30416428,258706.08082896503,3.0,37758.08487262695,10.538954900557615
6796.0,1274246.05413361,218174.333779454,4.0,378886.91369138943,12.84499305877866
6797.0,1274234.9567256,217627.939218894,3.0,195857.258430964,12.185141399581413
6799.0,1260778.32579982,253028.11384715105,3.0,28431.209121330063,10.255242733509588
6804.0,1273093.19518843,244793.776622713,4.0,491998.80544107285,13.106231567506198
6805.0,1273112.61413245,245457.017071396,4.0,71878.93318877184,11.182738499228813
6810.0,1273613.75026096,264674.616771072,4.0,106403.25978267234,11.574991492475567
6811.0,1274286.17413366,264655.372419044,4.0,184978.39061123648,12.127994289731104
6812.0,1276693.52722412,222071.24597545,3.0,217765.60904512036,12.291174575475681
6813.0,1269581.79275283,230523.28643210203,4.0,432120.71042226936,12.976460250468886
6814.0,1280856.46969238,204178.536005124,1.0,0.0,
6815.0,1284331.15142395,209532.791050598,4.0,306765.8296978864,12.633839965798776
6817.0,1255584.6908505,252555.124918655,4.0,179445.9737489706,12.097629459706443
6818.0,1255588.65571451,252815.123446926,4.0,184322.7255688696,12.12444344353783
6819.0,1274399.33630978,209736.292938814,4.0,614017.4972066181,13.327778703802428
6820.0,1274374.60139774,209073.792906135,4.0,501058.25769173936,13.124477656124522
6826.0,1273008.27378035,203626.65914055696,3.0,52262.70330681454,10.86403826576612
6828.0,1281483.09804502,264395.117314786,4.0,150531.8920451936,11.921930247998926
6831.0,1276990.87538442,253299.918391421,4.0,581945.8101683985,13.274132612702308
6832.0,1277256.25381669,253294.764855415,4.0,696516.0279943778,13.453846084133025
6833.0,1261150.5317522,251037.075509101,3.0,58864.07728042294,10.982986290207634
6834.0,1260882.45616792,251042.512821108,3.0,45413.913351421535,10.723573798564766
6835.0,1272187.25342751,234786.041380465,3.0,160347.62059587485,11.985099366195332
6836.0,1272516.78590783,234779.642468452,4.0,33152.52992474463,10.408874310190503
6837.0,1279961.80153146,227858.068701372,4.0,556080.1713436594,13.228667755902034
6838.0,1279973.11058748,228283.987485811,4.0,597778.0107183055,13.300974744479134
6839.0,1266674.95313385,243605.607405499,4.0,269968.35021722224,12.506060009691849
6840.0,1267035.43825422,243600.818669483,4.0,459909.1573972844,13.038784265043814
6844.0,1287536.69421121,189193.43474178,3.0,605033.6962730979,13.313039431781165
6845.0,1280678.7870042,213711.010382891,4.0,67897.74055109396,11.125758036867852
6848.0,1272320.89521964,245478.312943414,3.0,4679.556931136262,8.450958711595804
6849.0,1272340.39621165,246143.120368093,3.0,15064.96255627837,9.620126966083607
6851.0,1264983.47326012,258933.606909186,4.0,156714.15212811955,11.962178737783129
6852.0,1276677.6968881,285667.692888573,3.0,163254.18546874938,12.003063685209709
6853.0,1276883.59512831,285826.346776724,1.0,0.0,
6854.0,1275724.90847112,272123.843658701,3.0,497740.4572890529,13.117834050048144
6855.0,1276384.2735918,272100.483786672,3.0,150508.22511304088,11.921773013591599
6858.0,1267809.76350302,282724.949141547,4.0,608277.3377005872,13.318386204478504
6859.0,1280355.14719586,213605.379662782,4.0,161266.9596076805,11.99081640498901
6862.0,1273005.27410033,220280.746581614,4.0,72720.57076912434,11.194379577680904
6863.0,1275395.27723879,273018.746059611,3.0,84777.99999999997,11.347791354158918
6864.0,1275724.35039112,273006.796619609,4.0,339165.0048165635,12.734242007815029
6867.0,1273147.98744449,239058.41277684303,3.0,204801.8337763054,12.22979812609327
6868.0,1260921.68343197,253025.81099914,3.0,41353.18309198552,10.62990467673904
6870.0,1268917.47812815,229687.683167249,4.0,684766.1123960672,13.436832617182286
6875.0,1276724.10463215,223627.611609042,4.0,491655.85952176806,13.105534278212678
6876.0,1270680.21476996,244034.334893927,4.0,107506.27278771358,11.585304476361086
6877.0,1267269.85054247,249218.28446725,4.0,15693.812365012527,9.661021796773747
6878.0,1285724.26444936,205430.10010241004,3.0,98363.73096873374,11.496427427379075
6885.0,1281247.08767678,251232.506165311,3.0,21908.39255951316,9.994625064289414
6887.0,1272803.94808413,232511.264738128,4.0,122953.63610454608,11.719562621054509
6888.0,1272981.25413232,232585.80854621495,3.0,36668.56963805258,10.509675253979342
6889.0,1270643.06494592,206010.810886994,4.0,91128.52289115636,11.420026128548937
6890.0,1270982.95006627,206001.565830991,4.0,279165.1069437848,12.539558666930601
6896.0,1263032.42007414,259648.459837928,4.0,827597.2424584592,13.626281892874145
6898.0,1279324.50425081,207627.264648646,4.0,710706.9449288571,13.474015450722858
6899.0,1268658.85303989,245697.275439635,4.0,41588.385865442055,10.635576221342834
6901.0,1275375.97867876,230379.755551949,4.0,86006.68664486877,11.36218032389766
6902.0,1282587.57715015,210526.693259627,4.0,557530.7083567529,13.231272863053704
6903.0,1282588.76870215,209900.609866977,4.0,67442.64009770524,11.119032739265746
6905.0,1275954.53528737,230845.108000427,4.0,124246.10486241202,11.7300195942716
6906.0,1260397.18154342,259797.06553407,3.0,676797.0177497794,13.425126680866363
6907.0,1260411.29469545,260377.738238677,4.0,157132.86758112215,11.964847016754318
6909.0,1268901.53592014,282311.519509137,3.0,45472.60524442789,10.724865341074517
6910.0,1258670.16368566,260150.814782441,1.0,0.0,
6911.0,1259148.77987815,260452.769214749,3.0,145545.18000542806,11.888241832894947
6912.0,1281105.83794864,228280.678429797,4.0,390470.0609364523,12.87510657678608
6917.0,1279752.17759524,217502.776402771,3.0,71411.58543456493,11.17621539615309
6918.0,1279907.0890834,217498.51457876,3.0,29139.507304548824,10.279850171732159
6919.0,1277021.17490445,222338.677463725,4.0,390857.3246394876,12.876097873755565
6920.0,1277015.60172045,222067.945111439,4.0,235600.31590596997,12.369892071615928
6922.0,1264313.50346744,257628.154811859,4.0,179463.92820700057,12.097729509651831
6925.0,1274372.08568574,231242.92150484,4.0,142491.35941414745,11.867036641162231
6926.0,1274631.00152601,231237.312288836,4.0,170435.78497318155,12.0461138770404
6927.0,1280712.75999624,251568.749301642,1.0,0.0,
6928.0,1267898.95364711,226281.86677976,3.0,411868.57722385455,12.928459590123644
6930.0,1257829.5921648,250428.756468475,3.0,81441.44635574344,11.307639591397564
6931.0,1257840.65552481,251064.774901137,4.0,76816.98847491811,11.24918109877424
6932.0,1268233.34302345,245040.089134961,4.0,63818.79473543857,11.063803014280017
6933.0,1261301.80247235,255711.223609895,4.0,746332.9568159711,13.522927102423113
6934.0,1272369.15173168,220603.722645938,4.0,102173.3059877896,11.53442572877744
6935.0,1272363.19467568,220298.079573631,4.0,19876.5516935472,9.897296009106329
6936.0,1269709.00446497,241447.102507278,4.0,228878.919606356,12.34094840736313
6937.0,1280738.03359626,216842.573010087,4.0,105807.69070952892,11.569378486780813
6941.0,1289757.0004535,190999.300855622,3.0,519137.4591718461,13.159923980976082
6942.0,1266628.2717898,287081.882330015,3.0,331179.8395126681,12.710416828603895
6943.0,1266781.73866996,287077.946650013,1.0,0.0,
6946.0,1276923.29644035,260599.6206709,4.0,124219.48343340062,11.729805307622927
6947.0,1277577.49068102,260577.987198874,4.0,340135.77513649367,12.737100155514637
6949.0,1264921.96023606,254558.39288871,4.0,208959.68462156807,12.249896615792496
6950.0,1264263.11146739,254571.361400723,4.0,130694.12091450737,11.780614917074274
6951.0,1266388.97732556,243221.158061102,4.0,272125.7627056488,12.514019601309766
6952.0,1266675.42884585,243213.299757093,4.0,389951.8536730023,12.873778558364481
6954.0,1284926.91200055,200226.91827307604,3.0,521664.31099057145,13.16477957760506
6957.0,1284970.0316806,249835.107379869,3.0,22841.97408849033,10.036355091229835
6958.0,1285060.93900868,249832.59294787,4.0,10264.387301120874,9.236435639519737
6959.0,1274607.23941398,285183.876952067,1.0,0.0,
6965.0,1267346.92292655,244624.378030539,4.0,126371.72980016704,11.746983079035768
6966.0,1275903.05605531,217893.21883516,4.0,739366.5143371111,13.513549036843669
6968.0,1280086.65561159,217899.965907171,4.0,96877.31967115504,11.48120071136154
6969.0,1280346.51372387,217892.503315166,4.0,103325.32468915536,11.545637781781531
6970.0,1280406.60677992,207433.575752452,3.0,5711.501183951557,8.650237172466557
6974.0,1276775.02738421,225696.906971157,4.0,869037.7746461823,13.675141872400799
6977.0,1279639.90418713,227866.856093377,4.0,291752.6972164362,12.583661795063861
6982.0,1284502.45452811,241174.380971,3.0,85068.13333333333,11.351207783015342
6983.0,1284512.10182412,241307.404651135,3.0,190478.32384672255,12.157293681493313
6984.0,1288175.96000388,246571.787504539,3.0,12433.071910533625,9.428115290780305
6985.0,1289041.54483676,247281.140721262,3.0,16157.656899335512,9.690149327709461
6989.0,1271228.94430652,242727.173164591,4.0,256627.2758730084,12.455380022759293
6990.0,1270447.25924972,248687.251442701,3.0,112617.76735171412,11.631754773995816
6991.0,1274629.79909401,232062.951009676,4.0,194062.2983860084,12.175934512196717
6995.0,1279932.88594744,216310.548497543,4.0,228751.59444851108,12.340391953380191
6997.0,1279406.42866689,282448.173717275,3.0,42674.87619047619,10.661365646439362
7000.0,1277821.75564127,263225.277505592,3.0,45228.38650113038,10.719480188634842
7002.0,1270862.45752215,286660.28047359,3.0,371442.2105269004,12.825148573911559
7003.0,1273076.59384441,274487.294029117,4.0,88588.1221547636,11.391753066147482
7004.0,1276248.71218367,204087.540101022,1.0,0.0,
7005.0,1293737.56103358,183245.653615683,4.0,849220.3221789647,13.652073939494002
7008.0,1278214.57503368,205178.526790142,1.0,0.0,
7009.0,1261623.54455268,247142.08491312,3.0,177413.59332915716,12.08623897122733
7010.0,1260926.78186397,247157.050737128,4.0,194173.76767134693,12.176508746783078
7011.0,1259644.94352666,248282.851314291,4.0,157492.32897550604,11.96713203114428
7012.0,1272848.86494818,245464.140079394,4.0,61612.92039056938,11.02862687412802
7013.0,1277234.95493667,237822.673447579,1.0,0.0,
7014.0,1277396.70860083,237824.272807568,4.0,80307.56604763262,11.29361911775814
7015.0,1272102.12760341,247479.527793467,4.0,27950.182330933298,10.238179002030064
7016.0,1272110.00920342,247741.32945773,4.0,16812.35713158311,9.729869438558385
7022.0,1269142.54564838,228265.883165792,4.0,215821.65844604705,12.28220769028282
7023.0,1268827.04529606,228552.689374074,4.0,148694.42613244994,11.90964864776756
7024.0,1281536.51129308,225626.562011078,4.0,100041.78305015278,11.5133432082049
7025.0,1283512.0890871,195913.647356659,4.0,294302.2681337828,12.592362641068464
7026.0,1283495.56678309,195263.101051986,4.0,1084384.0249034788,13.896522664760287
7027.0,1277356.4245048,213835.248655006,4.0,34265.76010734065,10.441901886973666
7031.0,1270467.74737774,284867.365399748,3.0,47635.83593679599,10.771340612780772
7032.0,1294380.02369022,180864.640365243,1.0,0.0,
7033.0,1294374.63751422,180590.043820962,4.0,423896.4197971543,12.957244411438475
7036.0,1277566.31487301,279027.812497765,4.0,167823.9732806777,12.030670930990995
7037.0,1277590.92108104,279279.529490024,1.0,0.0,
7040.0,1270922.6539382,230472.197664052,4.0,60449.984117744905,11.009571593309156
7043.0,1286625.29773028,191812.815672457,3.0,173001.44502728517,12.061055226203905
7044.0,1276452.74424787,212533.228301674,4.0,225569.92705167012,12.326385487644599
7045.0,1276715.81458414,212528.012045667,4.0,150064.49229864267,11.918820429334572
7046.0,1280885.49164441,256836.234171048,4.0,559112.6175441948,13.234106194358366
7047.0,1281562.41087711,256818.146939024,3.0,378828.9121556646,12.84483996302994
7048.0,1258172.45994115,246959.67646493003,3.0,48385.24970215189,10.786950288036497
7049.0,1258182.26966916,247389.600817367,4.0,46827.63460713296,10.754228790697612
7051.0,1283866.75667146,254086.155320227,1.0,0.0,
7052.0,1276780.18981621,268543.976519033,4.0,18469.487481444725,9.823875324104694
7056.0,1265686.89143685,285889.67439279,1.0,0.0,
7057.0,1265691.83927685,286087.327576995,3.0,128839.23082635658,11.766320633436292
7058.0,1294380.17889023,179158.079467505,3.0,125285.65828052883,11.738351675279183
7059.0,1294258.1148261,178792.166827127,3.0,146216.44804422307,11.892843323692203
7060.0,1278980.16639446,267155.329349607,4.0,597348.3784338776,13.300255770642
7065.0,1266288.91415747,257579.906875804,4.0,278845.53445210506,12.538413267531698
7067.0,1259397.10711041,259067.775293335,3.0,171903.56420388428,12.054688925326348
7068.0,1268463.85732768,241734.694507584,4.0,676654.422921856,13.424915967982004
7069.0,1268766.24388801,241725.690859571,4.0,238008.06163224688,12.380059824484354
7075.0,1287615.29510731,200491.308801353,1.0,0.0,
7076.0,1288052.86374775,191773.425976425,4.0,274455.07341098256,12.522542859545863
7077.0,1288329.58534804,191740.55826439,5.0,179666.28951057675,12.098856462021805
7078.0,1270261.92036954,205214.675014183,4.0,77851.98200780434,11.262564636254751
7079.0,1270253.77105752,204919.203781888,4.0,115098.23176317968,11.653541231978412
7080.0,1281755.0581093,247244.695281222,4.0,202459.1586977884,12.218293459744467
7081.0,1281762.5187173,247904.630001903,4.0,169884.6468202597,12.042874937598313
7082.0,1276462.57099988,226131.064283594,4.0,421767.7736337488,12.952210142101745
7085.0,1265862.62142102,243624.459053516,4.0,172961.48461725234,12.060824216423455
7087.0,1267497.8858707,251563.665973648,4.0,306966.6660164938,12.634494440923293
7088.0,1267504.7595347,251823.198261917,4.0,400977.8497062809,12.901661467122855
7089.0,1284401.81235202,252493.954486594,3.0,70376.04632366792,11.161608233163337
7090.0,1255554.97897847,250709.157492772,4.0,284317.5270727696,12.55784694566062
7091.0,1257444.5148524,258087.818940327,1.0,0.0,
7092.0,1257450.83178042,258433.550844684,4.0,939772.8589066776,13.753393485585686
7094.0,1270449.97969772,282031.609300837,4.0,816037.6426253588,13.612215763550589
7097.0,1275884.82642329,277530.395216241,3.0,228156.84930239923,12.337788606954232
7098.0,1276375.9425838,277512.562576219,4.0,131148.17070560998,11.784083037089546
7107.0,1268577.03953581,208026.374089062,3.0,109038.85446162944,11.599459560644187
7108.0,1268910.73700815,208019.781577051,3.0,23654.583732468534,10.07131219046668
7110.0,1258632.51382962,251051.011125118,4.0,46048.61795024531,10.737453029294873
7111.0,1274192.01515755,237481.730855227,4.0,264486.981561185,12.485547310018854
7112.0,1274452.23838982,237476.60880722097,3.0,204272.51135064688,12.227210221340107
7114.0,1255604.64189053,253742.088759869,4.0,85255.22509053272,11.353404684652071
7115.0,1255616.71049854,254413.707512558,4.0,118082.86174792044,11.679141875210679
7117.0,1270509.57041779,212149.435405284,3.0,147333.8956161428,11.900456688783603
7118.0,1281333.03500487,208692.674249738,4.0,391199.1509075565,12.876972046658738
7119.0,1278923.7655624,225222.574618667,4.0,852924.1498982301,13.656425900947058
7120.0,1279354.70201084,269790.696776316,3.0,172088.71028668992,12.055765380319169
7121.0,1267219.64625442,250279.434292331,4.0,60793.59189520255,11.015239665939177
7122.0,1281911.51775746,230389.527519956,3.0,420824.6084723276,12.94997141890564
7126.0,1281461.904829,209631.419146702,3.0,26846.128626170943,10.197876904296288
7127.0,1281784.23295733,209629.208522707,3.0,12708.57955798218,9.450032600108244
7140.0,1280872.70066839,256505.580282703,4.0,260261.7676228681,12.469443202065419
7143.0,1275401.3821988,231219.369056806,4.0,71599.03894212912,11.17883693026269
7144.0,1275649.16383106,231212.997664809,3.0,5500.652333750072,8.612621970323787
7145.0,1278719.10911418,254070.586168215,3.0,18193.897687002544,9.808841524919044
7146.0,1278813.32844229,254296.654584438,3.0,398771.4665816156,12.896143766319593
7151.0,1264964.9837881,246306.804400265,4.0,349009.35486441525,12.762854005594422
7152.0,1265389.96126054,246292.969840243,4.0,476185.5966756049,13.073562966201166
7155.0,1274957.97855034,265006.915331408,3.0,256542.74029663036,12.455050558548685
7156.0,1288227.64691593,187236.110259771,3.0,288883.9227035547,12.573780234866188
7157.0,1288497.25491621,187245.440243781,4.0,553975.3276710561,13.224875429847923
7162.0,1270393.30360167,224259.310105681,4.0,242339.24958461255,12.398093881241198
7163.0,1287005.20640267,205663.494662642,3.0,56780.54100155719,10.946948958011813
7164.0,1284635.24524824,209098.485770166,4.0,800418.1630762008,13.592889573933245
7165.0,1284629.18163225,208669.552905723,3.0,54261.03240580018,10.90156161304629
7171.0,1271506.3798268,246166.700080112,4.0,907123.2770448684,13.718033637220628
7174.0,1270947.40421024,204607.838277563,4.0,272047.1892633121,12.513730820169142
7175.0,1281559.90169311,223852.410329267,3.0,937673.984976956,13.751157603583547
7176.0,1281979.39788553,223660.626649067,4.0,927126.755418808,13.739845572437426
7178.0,1274865.36453424,253498.622711629,4.0,299917.8396328684,12.61126384823924
7179.0,1281503.59698905,254848.012089014,3.0,142543.66404226987,11.867403646087277
7180.0,1262817.6967459,249544.579763576,3.0,61275.14448018932,11.02312956629136
7181.0,1262171.83741724,249558.691315591,4.0,131985.65719640066,11.790448538061817
7182.0,1276914.23250434,260704.322239012,3.0,193366.1198585404,12.17234066495171
7186.0,1279333.22668283,268064.267462537,3.0,35742.79933183153,10.48410411054354
7187.0,1279339.10361083,268463.807686955,3.0,26475.498529142347,10.183975000477112
7190.0,1286361.88550602,195492.429052234,3.0,20347.14317757776,9.920695796621716
7192.0,1277849.9402813,230124.502815694,4.0,205731.7031322065,12.23432818691652
7193.0,1277869.85528933,230783.735072359,4.0,208764.3571018997,12.248961416884152
7194.0,1258037.27882101,256451.230010644,1.0,0.0,
7195.0,1259488.6036225,254371.850936517,4.0,229487.5538298629,12.343604075333989
7198.0,1280278.64441179,199309.835776135,4.0,220178.67626486783,12.302194660547405
7199.0,1280246.65791576,198890.652543709,3.0,6645.929792108938,8.801759884926893
7205.0,1258398.38800539,260549.000382841,3.0,585069.07011983,13.279485187825353
7207.0,1279394.87909888,205349.838790327,3.0,38326.999392836646,10.553909871794415
7208.0,1260959.06820001,255027.152441189,4.0,443984.20734515047,13.003544271739315
7209.0,1272884.84722021,254621.728056774,3.0,127784.10380401208,11.75809742980913
7210.0,1273533.95090088,225778.429467246,3.0,62115.06791463957,11.036743878016567
7211.0,1280352.41362786,269759.412360281,4.0,555983.6493600315,13.228494165174464
7212.0,1275164.59359056,225737.656603202,4.0,205933.1013357386,12.235306644231374
7213.0,1266408.13246159,243610.806509495,4.0,352343.597840664,12.772362108704083
7214.0,1281839.03564538,195934.655484676,3.0,493522.2849876101,13.10932329385256
7215.0,1282121.68569368,195927.78905268,4.0,671058.8815310573,13.41661216401302
7216.0,1272718.57650004,274525.269965157,1.0,0.0,
7217.0,1267649.29303886,242730.411308601,4.0,417456.9848515374,12.941936787669343
7218.0,1277172.3084086,201930.696962819,3.0,459507.4821845213,13.03791050396309
7222.0,1274068.60402143,207314.91130434,3.0,57425.98340257402,10.958252152401073
7223.0,1264292.51991542,256171.340474367,3.0,42734.1387429772,10.662753381962549
7224.0,1277588.68492104,260245.55577454,4.0,195905.69770669568,12.185388688280968
7225.0,1272097.27070741,238192.484391958,3.0,83234.29066818,11.329414689353953
7226.0,1280600.08274812,202315.177219212,3.0,125330.56070446486,11.738710011420382
7229.0,1267913.57169513,240964.892202795,4.0,334395.10802673106,12.720078530979011
7233.0,1279242.11039473,251835.938741922,3.0,48097.03566180902,10.78097582554211
7234.0,1279512.19218701,251730.304437816,4.0,124951.14770922622,11.735678121568862
7235.0,1272760.40056409,235835.579941541,4.0,76142.35614681608,11.24035997438568
7237.0,1282724.94924629,211534.90318065896,3.0,43219.57466553624,10.674048788863361
7238.0,1272786.37330012,251714.964853793,3.0,336489.955864478,12.726323578778873
7239.0,1273069.39179641,251789.399093881,4.0,206275.5082139683,12.236967972738595
7240.0,1273071.14699641,236369.457830086,3.0,598393.7768713555,13.302004305974952
7241.0,1269023.89988826,240923.525482744,4.0,119216.20296563325,11.688693955295358
7242.0,1269239.45419249,240920.587178752,4.0,138861.59745142443,11.84123301428419
7244.0,1276351.38091977,221128.772118479,4.0,90527.59113223554,11.413409957612608
7246.0,1257511.66698048,248862.274354875,4.0,264147.6489949824,12.484263502287787
7247.0,1256882.54979584,248876.295346886,4.0,152586.10870224683,11.935484362904187
7248.0,1280196.2790997,225669.363739133,3.0,19867.86149200372,9.896858704791814
7249.0,1261276.58858433,253019.20306313,4.0,236590.0838728052,12.374084318713246
7250.0,1261038.21309608,253023.939319134,3.0,51119.687177794665,10.841924969662479
7252.0,1271215.53816251,242262.589420125,4.0,416693.8609366813,12.94010708472866
7253.0,1262383.20644146,255136.678521305,3.0,143913.21848487997,11.876965747481435
7254.0,1262395.17853747,255696.303673878,4.0,412546.5278779914,12.930104273251748
7255.0,1264748.83722788,251605.856501684,4.0,122452.69074179269,11.715480036347072
7256.0,1279408.0959309,223841.85167326,4.0,638512.1626787537,13.366896003104555
7257.0,1255300.41155422,253744.917815879,4.0,112270.42340280196,11.62866573473637
7259.0,1288311.82586001,190519.900919139,4.0,906386.3648595124,13.717220945400427
7260.0,1277500.12440895,236757.045286477,4.0,107098.33133948172,11.581502675917468
7261.0,1282803.92447838,194598.456059307,4.0,847895.9589010838,13.650513217271872
7263.0,1283254.61644684,196159.074684903,1.0,0.0,
7264.0,1283253.05875084,195904.616508648,3.0,50043.17502013258,10.820641412210941
7265.0,1285656.5503373,255895.855482087,4.0,779439.2036107001,13.566329970353218
7266.0,1280979.8539485,224745.409242183,4.0,205502.4603739441,12.233213285469354
7267.0,1280992.69087651,225165.270938605,4.0,272554.0297824769,12.515592147862767
7271.0,1253970.83843285,250893.335924953,3.0,330574.5232086774,12.708587399114908
7272.0,1260694.03395973,258372.354428619,4.0,1053859.718601367,13.867969904919509
7273.0,1260725.04931976,259703.692349985,4.0,929813.9787441422,13.742739822266438
7274.0,1282891.86361447,258768.271613017,3.0,496532.6081055517,13.115404436253497
7275.0,1275740.08031113,243639.48036553,4.0,110909.85272233657,11.616473012695431
7276.0,1276019.86981542,243629.215597525,4.0,47213.79895874013,10.762441479668238
7278.0,1269932.3553772,286482.692249402,3.0,42390.0,10.654667764346684
7281.0,1278200.00357766,202399.557571307,4.0,645345.6650022331,13.377541366959038
7282.0,1278976.89567445,202353.350019246,4.0,384511.9203190165,12.859730069577362
7283.0,1283848.79609545,253165.194551289,4.0,95034.40279980798,11.461994239762541
7287.0,1260961.67517601,248786.942834795,4.0,165162.17372460937,12.01468314123946
7288.0,1260313.63447134,248800.51038681,4.0,199158.3521253896,12.201855526597514
7289.0,1275616.50443901,262630.981760979,3.0,50044.27386910319,10.820663369988521
7290.0,1287393.21222708,189952.819702551,3.0,49659.95189973384,10.812954090469942
7291.0,1287779.84006748,189945.281974554,1.0,0.0,
7292.0,1264187.55421931,211038.231948152,1.0,0.0,
7293.0,1264047.53085917,211041.513740152,4.0,158732.41962021388,11.974975168072696
7295.0,1256229.31753916,250963.360053033,3.0,37944.89165607904,10.543890166545468
7297.0,1278776.69497025,236725.050278455,3.0,41775.13020287059,10.640056470224042
7298.0,1273108.04651645,211089.740364194,3.0,25752.734988176573,10.156296113584737
7299.0,1273104.94878845,210451.01197955,3.0,14506.095292609476,9.582324205087598
7302.0,1282853.52639842,210519.308107615,4.0,360428.82985846815,12.795049795574869
7303.0,1279146.45343463,230327.954463899,3.0,234406.19142773715,12.36481075027701
7304.0,1279062.62060255,231191.780832782,4.0,500752.34327428567,13.123866933046394
7305.0,1283488.99430308,245891.489007831,3.0,151611.03981658397,11.929073571548143
7306.0,1283917.91302352,246479.517040431,4.0,46273.35787103369,10.742321650502669
7307.0,1286639.5253783,251121.475573197,3.0,145382.15881830815,11.887121132414604
7308.0,1286645.13689831,252131.81080623003,3.0,55545.15710054787,10.92495161035907
7312.0,1292277.08500007,187399.986227944,3.0,36220.60776555445,10.497383511129712
7313.0,1291854.22919165,186742.16766727003,3.0,5357.629926405388,8.586276978365925
7316.0,1266377.73879756,242761.721324638,4.0,85200.09005555007,11.352757769806873
7317.0,1271999.1448833,205696.492294669,4.0,28250.039921915224,10.248850149738729
7318.0,1276378.69253579,246023.936559975,4.0,62287.94154838739,11.039523131440912
7319.0,1276395.37989581,246583.860976547,4.0,43506.42119959858,10.680663819966808
7320.0,1270024.02974528,215869.726545095,4.0,95077.37841523172,11.462446348683736
7321.0,1270254.21464153,215865.798737094,3.0,54001.94827560515,10.896775404073447
7322.0,1276364.48427978,221740.640663102,4.0,359001.72111126385,12.791082461640718
7325.0,1276712.32639214,251321.171061397,4.0,429797.40002931136,12.97106921391518
7326.0,1281984.51865354,204177.029125124,3.0,63165.87083262189,11.053519415801286
7327.0,1277368.17516081,214435.620111629,4.0,112746.54099893838,11.632897578392674
7328.0,1277362.58591281,214135.733583316,4.0,47515.315564989054,10.76880737099954
7329.0,1265324.08702047,243637.223149523,4.0,118299.46566208253,11.680974533152241
7330.0,1286705.89728238,205410.427910388,3.0,274815.7112354762,12.523856011041982
7331.0,1286701.37305836,205138.4665021,3.0,197600.7511801705,12.19400386580776
7332.0,1261514.24196057,249041.062067062,3.0,218312.52038604103,12.293682894929274
7333.0,1261519.78000858,249306.92440334,4.0,98234.8550542102,11.495116370818694
7334.0,1266214.89002939,250304.655028358,3.0,10351.694623883868,9.24490551706715
7335.0,1269548.6143848,208007.155337036,3.0,42456.518106747055,10.656235727814348
7338.0,1279384.25381887,272433.167499021,4.0,823830.9373499787,13.621720614721767
7339.0,1279392.69573888,273093.841739684,4.0,994554.093985682,13.810049768944907
7340.0,1268650.13451189,252982.22975109503,3.0,161837.43132849468,11.994347600042998
7342.0,1272826.08715616,249272.86769929496,3.0,77172.10061948813,11.253793279756152
7344.0,1285414.07737705,244278.754670188,3.0,601828.6206744709,13.307728000495986
7345.0,1260636.48093568,251678.123061761,3.0,27725.405772724564,10.230104447737242
7348.0,1274918.32805429,222996.75592839695,3.0,178912.52800762956,12.094652295036187
7353.0,1278216.43954568,246808.25553678,3.0,356112.5352817383,12.783002070223782
7354.0,1278575.75212204,246779.153904751,5.0,404881.0125803479,12.911348506824242
7355.0,1254914.85232182,252040.579062134,4.0,108086.37733980476,11.590685976627995
7356.0,1281511.09996505,251890.283061981,3.0,133063.75927798983,11.798583685399338
7357.0,1258844.29686984,248300.870962307,4.0,232448.46245618712,12.35642381258271
7358.0,1258201.63376518,248314.922162324,4.0,177430.7807397931,12.086335844177308
7359.0,1286331.35865799,247560.788785547,4.0,651410.1471566056,13.386894749161655
7360.0,1286606.97856227,247638.982897624,1.0,0.0,
7362.0,1277862.12268132,281369.707732171,3.0,137830.39032420586,11.833779152609353
7363.0,1277577.74328902,281275.576660067,1.0,0.0,
7364.0,1285835.36524948,253617.05816774105,3.0,165945.98407118366,12.019417617223992
7366.0,1281617.74834916,208695.062729746,3.0,209394.92544551837,12.251977343340396
7367.0,1260233.98698327,251683.673909768,4.0,637086.9914921167,13.364661489582069
7368.0,1259969.38256699,251687.684405774,4.0,91791.89759758452,11.42727931124909
7371.0,1275197.02136658,217399.415058658,4.0,46651.970336469225,10.750470441963813
7372.0,1273944.6669333,246292.103344247,3.0,354498.3278804527,12.77845890810385
7373.0,1273958.97957332,246889.42072086,4.0,221339.05274194077,12.307450980158135
7377.0,1264577.25092371,246582.304880545,3.0,92406.68549463549,11.43395460885041
7379.0,1277678.17029713,268516.253127009,4.0,55943.660667859454,10.932100403797229
7380.0,1277679.68933713,268633.524551123,3.0,25220.61604324484,10.135417035994763
7383.0,1287619.87155531,201148.526978016,3.0,132126.6700791597,11.791516363237665
7384.0,1281048.36038058,269038.36589554,4.0,425708.8909710156,12.961511037130245
7385.0,1281387.60972492,269060.231047556,4.0,372465.9969385477,12.82790102924872
7386.0,1268237.01758346,245175.378223106,4.0,115253.30694277988,11.65488765409392
7388.0,1270984.78014627,244452.651950359,4.0,180069.0806248369,12.101095837496255
7391.0,1261406.55684046,251031.855029106,4.0,413529.7705593871,12.93248478737031
7395.0,1281599.96722914,227377.302236885,4.0,22752.008985222477,10.032408727523006
7397.0,1275908.68498331,253325.395063445,4.0,977569.94139394,13.792825119580135
7404.0,1265160.28650831,248542.32913854704,3.0,292104.9060505603,12.584868284025816
7405.0,1265445.6091326,248523.875442535,4.0,485780.1827570112,13.093511501710765
7406.0,1265531.07121269,252134.569334224,3.0,91324.73695848836,11.422176971379985
7407.0,1272540.13067587,253447.68875958,4.0,444043.2648844048,13.003677280100403
7408.0,1272546.44856387,254099.543736234,4.0,518130.06314052304,13.157981576868385
7409.0,1282158.84735772,249890.736243933,3.0,70145.01310286846,11.158319993949753
7410.0,1273597.09246895,243391.016301274,3.0,272352.84402734006,12.514853725303066
7411.0,1273598.88018095,243608.010285497,1.0,0.0,
7415.0,1280430.31833194,223801.897369221,4.0,393971.0284339897,12.884032653683041
7421.0,1281067.19826859,272222.532426804,3.0,908244.8094796976,13.719269235208541
7424.0,1280903.70124443,248587.760178596,3.0,30634.703152163805,10.329888735286264
7425.0,1253446.86966431,251310.637621388,3.0,169542.0,12.040855962718982
7426.0,1253653.18486452,251547.36811763,1.0,0.0,
7428.0,1277249.78892069,204490.553733438,3.0,89936.08477952116,11.40685452790643
7429.0,1274071.91762143,231647.448225245,4.0,113280.31425731172,11.637620683087821
7430.0,1283777.41433537,260400.777534693,3.0,189210.4628158909,12.150615234366317
7431.0,1284009.1221756,260392.264766678,3.0,120663.4027914278,11.70076015308415
7432.0,1275424.23845482,222985.622040376,4.0,209107.6047027858,12.25060425349182
7435.0,1284345.19436796,205193.960454166,4.0,551511.9766797274,13.22041883399425
7438.0,1279505.14495499,252590.542838693,4.0,348383.472499264,12.761059084543819
7439.0,1279497.15449099,252919.407351032,1.0,0.0,
7441.0,1281058.91218859,275690.107854351,4.0,218865.4782391368,12.296212565451167
7444.0,1263518.56701863,210421.44903551,4.0,96650.95927261891,11.478861409808317
7449.0,1278124.72024958,217544.365586802,4.0,393174.8111585061,12.882009604059977
7450.0,1278436.8413379,217535.101458803,4.0,156162.14931882135,11.958650165120474
7452.0,1275017.8767264,209726.240138799,4.0,269314.4210432758,12.503634827470933
7457.0,1285102.02252872,259744.280510023,4.0,129655.42911750924,11.772635665273326
7458.0,1285402.51180904,259735.622718006,3.0,76710.64091367745,11.247795711939654
7459.0,1283328.58547091,253175.8241833,3.0,83611.73482751682,11.333939157972223
7460.0,1273332.02053268,236415.190054134,3.0,665409.2060650098,13.408157477855552
7465.0,1295389.58663526,181699.024494097,1.0,0.0,
7466.0,1295720.97639561,181686.750894085,3.0,552759.5589444378,13.222678392001981
7468.0,1273196.53291653,216474.425105706,3.0,177363.33377681344,12.08595564078028
7469.0,1273446.27486879,216468.220433712,1.0,0.0,
7473.0,1294038.46893787,187322.783283859,3.0,40156.88602095387,10.600549212040404
7474.0,1294210.62477806,186871.187763393,4.0,45033.95613517795,10.715172064981248
7476.0,1281013.07801254,212220.308301359,1.0,0.0,
7477.0,1281153.56754868,212215.889357358,4.0,97869.37227007626,11.491388932483655
7478.0,1258861.87984586,249098.207283124,4.0,541867.0420739325,13.202775940501713
7479.0,1284735.99737635,261335.983039647,4.0,160712.80477926717,11.987374229816107
7480.0,1254851.50825775,248132.353586137,4.0,47403.33486298597,10.766447860967515
7481.0,1280584.6250841,251245.288949326,3.0,82375.23076944442,11.319040073250893
7482.0,1277601.77151304,231527.850721121,4.0,439945.0800210115,12.994405179969947
7483.0,1277884.49464934,231519.792353123,4.0,357142.7105175641,12.785890730232211
7487.0,1279040.83161052,233339.997666985,3.0,191405.97860078848,12.162151993671921
7488.0,1268046.83127926,226430.677851915,3.0,14866.467114131556,9.606863426433696
7489.0,1276055.61970347,222359.480599746,4.0,639144.8602769674,13.367886406066482
7490.0,1276377.2378158,222352.385815725,3.0,322747.4612061936,12.684625442546869
7491.0,1281310.20799685,214009.623311192,3.0,840330.9354923766,13.641551064057627
7492.0,1281324.61970887,214355.995983541,3.0,928934.3445307232,13.741793342026945
7493.0,1270003.21681726,241439.093035281,4.0,346615.424738162,12.755971158268688
7494.0,1270297.64273757,241431.381099269,4.0,505165.1697763288,13.132640723646153
7495.0,1276358.39435977,233526.746339172,4.0,498336.4008181191,13.119030631607734
7498.0,1271753.08139506,209716.220426798,3.0,266461.6660210657,12.492985669919282
7499.0,1273599.74731696,248761.392690778,3.0,296908.28637379303,12.601178570008033
7501.0,1287639.94496332,202051.14656294897,3.0,318072.2020104772,12.670033686337698
7502.0,1287634.63757132,201802.699202687,3.0,538113.1190419833,13.195824075485062
7504.0,1267905.49329512,240669.234986484,4.0,504914.7158507127,13.132144814492209
7509.0,1284156.77151977,249854.616883889,4.0,279580.012298571,12.54104380001457
7513.0,1280440.95250796,259173.47590144,3.0,127798.08824230036,11.75820686183325
7514.0,1280448.89868397,259490.996221766,1.0,0.0,
7516.0,1275536.99147893,227516.962397024,4.0,161437.7538534598,11.991874922293544
7519.0,1292087.41965587,185449.048177943,3.0,224920.53940970224,12.32350246063242
7522.0,1273514.35870886,224673.74793011,4.0,686011.6035336604,13.43864982133707
7523.0,1273843.3082132,224665.950426102,3.0,607806.4183938205,13.317611719451556
7527.0,1272332.36139566,225406.963994861,4.0,294028.6674153767,12.591432549782768
7528.0,1272609.62072393,225571.210715026,4.0,387378.70011617406,12.867158046812548
7529.0,1281840.12556539,226482.75420396,4.0,237691.8358440456,12.378730306288283
7530.0,1286340.401986,191820.53906446704,3.0,406454.4953140165,12.91522725905701
7531.0,1278793.75794627,207161.883400172,3.0,337610.45866053173,12.729648020668789
7532.0,1280702.99398023,195317.66233204296,3.0,84778.0,11.347791354158918
7533.0,1280699.55890822,195144.272571877,1.0,0.0,
7534.0,1286968.64185864,204317.456645265,4.0,903332.634808562,13.71384613091282
7535.0,1286962.05197063,203929.086660862,3.0,290650.823188545,12.579877905358567
7537.0,1281617.46815716,222037.056023404,1.0,0.0,
7538.0,1281613.50457315,221926.051031291,4.0,121719.8032155514,11.709476987311863
7543.0,1282597.77529417,191474.97740010903,3.0,296213.7943220221,12.598836750703832
7544.0,1275625.31775102,230425.079648003,3.0,28456.39578028155,10.256128222031764
7545.0,1275942.01759134,230416.452319995,4.0,130001.89610584753,11.77530431476095
7546.0,1276114.87813553,215424.79201664,3.0,28280.251053123207,10.249918997379988
7547.0,1276303.11755972,215420.275024638,3.0,21369.67167494296,9.969727984364704
7554.0,1280117.87372363,245882.723567829,3.0,448810.05376244825,13.014355034371196
7555.0,1280603.77759612,245290.748399228,3.0,217905.2857422716,12.291815778290044
7556.0,1289303.61030903,190615.104119226,3.0,33783.45767139415,10.427726543660937
7557.0,1273223.84517257,255396.532985568,4.0,87370.82453345062,11.377916690508117
7558.0,1273230.47512457,256061.846266255,3.0,70896.83552881013,11.168981078644173
7560.0,1277920.90207337,251643.323637724,1.0,0.0,
7561.0,1277921.83186537,251957.618614048,3.0,47974.37853839772,10.778422366928481
7564.0,1268356.01374358,226130.948123604,4.0,45478.00104262415,10.724983994449637
7565.0,1279561.16191505,257206.350523427,4.0,376578.6019654968,12.83888207459331
7566.0,1279564.58450706,257537.63692376,4.0,195292.77714943505,12.18225513281904
7567.0,1259189.88048619,252361.434358463,4.0,68756.99403149394,11.138333741721718
7569.0,1278338.62136981,223287.530584693,4.0,325199.53487693274,12.692194226387036
7570.0,1278343.94386581,223593.940376997,4.0,182734.5449811793,12.115789804849417
7580.0,1280344.29714786,220318.917397648,3.0,6677.434991917152,8.806489209544312
7583.0,1278638.08601011,226530.968668014,4.0,153516.38084808583,11.941562555938392
7585.0,1272040.53553936,244417.894830331,4.0,116913.82514245973,11.669192405159142
7586.0,1262339.02608941,261261.679039568,1.0,0.0,
7588.0,1262077.78384915,253007.239543125,4.0,469089.9534880866,13.0585498275195
7589.0,1260623.77821566,255032.45004119,4.0,388040.255843004,12.868864365396217
7590.0,1260293.92451933,255037.424761206,4.0,292535.1662064554,12.586340164774295
7593.0,1287002.20281868,205480.432006449,4.0,304528.82987469254,12.626521041041714
7595.0,1281653.2814052,204994.63936595604,3.0,18561.430840989888,9.828841096094449
7596.0,1281647.24498919,204728.24026168897,3.0,4878.446553117292,8.492582118890429
7599.0,1260666.38506371,257045.724859253,3.0,103757.73729770193,11.549814011675657
7600.0,1260669.96938372,257217.725499436,4.0,118971.99272448232,11.68664338913682
7601.0,1274513.08472589,215838.775825068,4.0,290181.49886062066,12.5782618643352
7602.0,1281681.19769323,223570.613656983,4.0,127164.0,11.753232870962837
7603.0,1264969.40926011,250301.616628349,4.0,124151.51081013224,11.729257960094102
7604.0,1282935.5196785,261742.96614407,3.0,398319.9540315691,12.895010865910276
7605.0,1257125.61494808,259520.285245791,3.0,107380.94297783736,11.584138005627677
7606.0,1256845.19945979,259525.949565798,3.0,668702.8545859985,13.413095076891937
7609.0,1282247.77465381,257522.247547746,3.0,31724.07687781439,10.36483119453322
7610.0,1288328.88717203,191185.68107982,4.0,554083.4027149725,13.225070500815365
7611.0,1288619.85965233,191177.989815816,3.0,583102.8176847171,13.27611880944813
7612.0,1274525.18904589,251385.828085467,3.0,146118.05250735467,11.892170152784228
7613.0,1256915.91555586,250436.971380487,3.0,200185.58635164943,12.207000147025896
7614.0,1283545.64703913,242567.190508425,4.0,700563.4256317712,13.459640184031946
7617.0,1282324.33714989,202284.609027177,4.0,59626.212351418544,10.995850560921768
7620.0,1285002.81670463,204367.397829309,4.0,867371.4508123941,13.67322259632133
7621.0,1280691.61798021,214369.312527552,4.0,164496.5042153928,12.010644597991503
7623.0,1279936.18348344,217290.482514545,4.0,321965.7304632962,12.682200391730156
7625.0,1295370.35469924,185827.532018334,3.0,286090.1804053123,12.564062356202806
7626.0,1295816.34170771,185808.22168231,3.0,331554.1498056675,12.711546423098318
7627.0,1291982.65152778,187689.044340238,4.0,171858.73160628378,12.054428090450614
7630.0,1284727.38451235,242890.023212761,4.0,91067.9824137182,11.419361566080354
7633.0,1269750.253425,213569.490638733,4.0,64784.38874083059,11.078819938822452
7634.0,1269978.28113724,213565.004430741,4.0,120201.96951239707,11.696928686243492
7635.0,1282817.24396639,253847.163703978,4.0,316943.3975644571,12.666478480337295
7636.0,1274997.31800638,245403.85969533,4.0,222953.7366773075,12.314719570073537
7637.0,1275267.25547865,245396.477487326,4.0,196259.50416066023,12.187193063316144
7638.0,1262110.83364119,245056.502126977,3.0,351513.3335774823,12.770002922877508
7642.0,1277961.59685741,265865.605508283,3.0,328293.2594370911,12.701662571561242
7643.0,1277973.92165743,266550.372868985,1.0,0.0,
7645.0,1270663.15870595,206924.189959928,3.0,62062.82753658078,11.03590249830159
7646.0,1281331.06425287,254151.759224296,3.0,168933.94347473086,12.03726305048336
7648.0,1285453.43654509,255489.827385664,4.0,268384.0000000697,12.500174069784398
7649.0,1285406.64268903,255678.810617864,3.0,197739.333333287,12.194704944014708
7660.0,1274910.62821428,244210.605230108,4.0,349043.321851038,12.762951324859234
7661.0,1275190.44792658,244200.233518109,4.0,262474.22954769287,12.47790818304287
7662.0,1281529.64716507,265054.784643456,4.0,306741.19911564054,12.633759671422013
7663.0,1278315.97541778,226540.150364026,4.0,49062.180114799725,10.800843754550383
7665.0,1280612.85138813,202613.578499526,4.0,455287.5546022147,13.028684486449421
7666.0,1281400.94335693,196321.09862107,1.0,0.0,
7668.0,1287628.98368332,201570.674754456,3.0,154855.00849592307,11.950244529056027
7670.0,1295084.95303495,183603.772336051,4.0,94476.58650601184,11.456107320942653
7671.0,1266875.79652606,252657.638518766,4.0,565445.4644463847,13.2453691321273
7674.0,1275065.09515844,275239.473293886,3.0,91274.13638048076,11.421622744747832
7676.0,1254896.61974579,250974.863669038,3.0,40902.720120859296,10.618951846441902
7677.0,1274357.34130172,243374.630189255,4.0,919206.4665989524,13.731266040521259
7678.0,1274602.27845398,243369.302445248,3.0,518758.07856969535,13.159192923552185
7679.0,1276972.8649524,250659.902324721,4.0,209802.17864564847,12.253920359283402
7684.0,1274788.11506216,247401.795697376,4.0,27979.96393516137,10.239243959268011
7685.0,1275053.43339844,247394.146097377,4.0,97184.28365382372,11.48436428657088
7686.0,1284963.92569658,210384.003915474,3.0,39520.02320190591,10.584562738954393
7687.0,1279877.17343538,264469.281858861,3.0,141534.74268744237,11.860300497287556
7688.0,1276567.97074398,229524.29699108,4.0,92654.46801772986,11.436632455242906
7689.0,1276576.369976,229824.202527389,4.0,81337.94925698746,11.306367967156511
7690.0,1258888.40304588,250418.009460464,4.0,392812.5898928306,12.881087906610796
7691.0,1258899.33251789,251046.426165119,4.0,161992.73553993503,11.995306770862992
7692.0,1274082.48914145,207871.456072897,4.0,167112.16952421487,12.026420539724697
7694.0,1280622.99513215,229624.912287176,4.0,917074.62251846,13.728944124719904
7695.0,1272865.7228682,252908.970359027,3.0,3657.925829703781,8.204651552557106
7696.0,1273412.27333276,252888.666295007,3.0,19246.48819852995,9.86508389182813
7701.0,1265304.92862046,258264.015420511,4.0,98610.96866092844,11.498937778429212
7702.0,1282302.47110187,262424.733120769,4.0,582499.5519499755,13.275083695237106
7703.0,1270920.04241821,256434.808122635,3.0,136443.87563533607,11.823668641547918
7704.0,1271581.24318688,256414.645754606,3.0,144007.26703750505,11.877619042823024
7707.0,1282370.21407793,269701.152648211,4.0,277164.8830705652,12.532367853823112
7709.0,1281424.85964496,209908.53767499296,3.0,41582.82736565894,10.635442557312325
7714.0,1271238.85739453,230467.384032041,4.0,109801.27587858091,11.60642742801356
7715.0,1270670.33752196,224423.093273848,4.0,229965.06258502093,12.345682674562829
7725.0,1267487.40388669,285783.302232683,1.0,0.0,
7726.0,1267488.12638269,286057.635352969,3.0,469738.7630642587,13.059931995891692
7727.0,1268113.04177533,241742.154411584,4.0,480874.6669212079,13.083361947402851
7728.0,1285411.67059304,244101.99089400505,3.0,430541.12536576175,12.972798127592194
7729.0,1285665.61785731,244097.735982001,4.0,439357.6225257117,12.993068990325579
7730.0,1276234.82667965,237321.401447058,3.0,347579.0691014447,12.758747455086946
7732.0,1275705.02821511,269912.120712429,1.0,0.0,
7733.0,1276369.86808778,269889.957064405,3.0,280130.62437416846,12.543011288988836
7734.0,1280509.11935602,226991.037916481,4.0,400451.5100579961,12.900347964647443
7735.0,1283847.84524745,245886.038895831,4.0,73374.83238708225,11.203336272795008
7740.0,1282319.99071787,201510.616770387,4.0,96634.38926575084,11.47868995338874
7752.0,1281039.51097257,274006.325452626,3.0,578773.9442363005,13.268667255857311
7755.0,1279185.82937066,221104.79119046,4.0,1018033.900267609,13.833383776390413
7756.0,1268387.86142361,245702.605167642,4.0,1039692.504135682,13.854435558298524
7760.0,1283246.67814283,258738.546620995,3.0,165689.5257054782,12.017870989017622
7761.0,1268708.79582395,227789.187293306,4.0,247467.68044525356,12.41903526840446
7762.0,1278226.73119369,247134.706993103,3.0,254376.7469148147,12.446571702633802
7763.0,1278202.54488966,255919.145786107,4.0,81920.84546243417,11.313508760806432
7765.0,1285845.64179349,206939.91104795,4.0,478000.6743438251,13.077367422233738
7766.0,1257731.13206869,259371.947901636,4.0,297794.4552296008,12.604158779950584
7767.0,1257736.72099671,259629.780733898,3.0,37857.46670724741,10.54158351040752
7768.0,1256199.11414713,249654.075955689,4.0,323296.2251544509,12.686324287661602
7772.0,1281903.84095745,244077.845293984,4.0,13653.765318848358,9.521770610108849
7773.0,1279204.13439469,249283.32830731603,3.0,21033.904834635137,9.95389093071085
7775.0,1256258.89129919,253066.034999177,4.0,120215.5162880956,11.697041380007573
7776.0,1256270.6736992,253735.888951868,4.0,382006.3814717709,12.853192592872663
7777.0,1283835.99487942,206537.052935541,3.0,22188.42464625589,10.007326019546875
7779.0,1275394.84907879,284479.076823354,1.0,0.0,
7780.0,1275460.79973486,284476.005975351,3.0,62488.58910154537,11.042739244680488
7781.0,1281795.37170935,224254.995161682,3.0,571911.7785300129,13.256740025127613
7782.0,1281793.03308535,225137.508826584,4.0,498285.0385454032,13.118927558824563
7783.0,1284563.98918417,259747.155518025,1.0,0.0,
7784.0,1284802.92275243,259753.77260603,4.0,151194.67780650462,11.926323542415616
7786.0,1289404.45197314,248403.820594415,4.0,207142.91208004663,12.241164230555427
7788.0,1284726.28345634,240562.894954383,3.0,42482.0,10.65683573578683
7791.0,1282336.9907179,191782.98303243503,3.0,514498.8059030831,13.150948513365469
7792.0,1281569.37542111,196599.285053357,4.0,233096.77334099365,12.359208982547063
7793.0,1280016.62034751,268591.789063081,1.0,0.0,
7794.0,1279512.333627,219408.975380719,4.0,508670.2300690826,13.139555207512167
7795.0,1273323.48971666,230850.492192432,4.0,272875.4905528633,12.516770891570696
7796.0,1273335.95064469,231265.43094486,4.0,206451.90440754543,12.237822755817806
7798.0,1283996.6163196,207818.739976853,4.0,874622.734477147,13.68154791176575
7801.0,1278607.59724207,222916.085784316,4.0,581573.804342912,13.273493163511212
7802.0,1278616.07097009,223281.204504684,4.0,505127.9771566997,13.13256709626432
7803.0,1281730.38066928,274611.546701252,3.0,106530.58415593451,11.576187398077813
7807.0,1264508.64676364,252037.452086136,4.0,33204.536710508575,10.41044179347599
7808.0,1278861.22796233,214105.57550329,3.0,43141.71575853141,10.67224569102365
7809.0,1284910.83001654,206525.567687526,3.0,37238.839258494896,10.525107561691884
7811.0,1278400.62028186,210702.704715803,3.0,42390.0,10.654667764346684
7812.0,1278543.56127401,210694.65421979097,3.0,276035.3697212026,12.528284287652406
7813.0,1278382.57599385,201412.393538296,4.0,62262.58005356503,11.039115883123575
7814.0,1278286.28850575,201936.75405082095,3.0,20544.87777963297,9.930366932389276
7815.0,1278966.67199445,201871.083906755,3.0,3384.214498278717,8.126877104733474
7818.0,1276548.99960797,259284.890685558,1.0,0.0,
7821.0,1281641.11020519,204457.393733412,4.0,421507.5091623844,12.95159287159723
7822.0,1281628.90482917,203918.662148863,4.0,59197.13841995903,10.98862848220311
7823.0,1275282.34962267,251359.889461443,4.0,157364.4857330917,11.966319958840504
7824.0,1275590.34667899,251349.416053429,3.0,113394.22887612386,11.63862577723582
7825.0,1278453.45644192,229669.41449523,6.0,598358.5922135167,13.301945505743998
7826.0,1278446.26092191,230109.204959676,4.0,191424.12229124387,12.162246780839528
7827.0,1270939.71000223,247513.925041497,4.0,229085.4048424746,12.341850159919334
7828.0,1270661.21316995,248176.60645017,4.0,235740.99210704307,12.370488990251568
7830.0,1269260.25534451,230531.31497611105,4.0,227846.65329283636,12.336428108380673
7831.0,1257334.70147629,253725.015671864,4.0,357372.1441735698,12.786532938472908
7832.0,1279343.88351484,206022.976519004,4.0,192043.0529881979,12.165474860186693
7833.0,1279336.54751483,205753.44685474,3.0,60288.568760284106,11.006897791946141
7834.0,1283826.11763142,249860.679219902,4.0,317615.58785356244,12.668597087294186
7835.0,1260971.70762402,255715.7272259,4.0,489778.7413675567,13.101709019878731
7836.0,1259408.73501442,259536.829117805,1.0,0.0,
7837.0,1259410.47024642,259606.808637887,3.0,95711.1667698942,11.46909025579472
7840.0,1275743.57311115,281178.294035971,3.0,121739.87058914162,11.709641839037179
7841.0,1270592.81336187,256806.61413902,4.0,648140.2394540374,13.381862370829769
7842.0,1270924.54929821,256797.350395009,3.0,282961.4131966717,12.553065818200619
7843.0,1275185.14706257,226589.677852064,4.0,328481.13342166913,12.702234682751158
7844.0,1275510.63954291,226581.624092057,4.0,328192.0361541248,12.701354192121677
7845.0,1276172.06341559,249633.868339673,4.0,113371.21508552744,11.638422802829549
7846.0,1255580.7279065,252295.132662401,4.0,151914.78248440413,11.931075001060202
7847.0,1254919.30211382,252300.695350394,4.0,245462.1058670432,12.410897859382372
7848.0,1290256.87085401,189488.549942076,4.0,321346.0598630769,12.68027388952332
7849.0,1290468.66272622,189668.020726264,3.0,53874.97027980924,10.894421275755024
7851.0,1256876.91990782,248610.454706624,4.0,300153.51293019805,12.612049332526867
7852.0,1276983.80095242,203999.67642094204,3.0,458958.6488673118,13.036715395370669
7853.0,1276981.43346441,203936.626052871,3.0,169542.0,12.040855962718982
7854.0,1261286.39696833,252357.452406451,4.0,273688.0161064867,12.519744109293013
7855.0,1277979.52959344,212503.300493643,3.0,299545.2938343998,12.61002091660381
7857.0,1271864.02347517,230037.665695608,3.0,974079.7389572612,13.7892484467863
7858.0,1273414.33074076,277953.497040674,4.0,146700.98135914595,11.896151653673428
7860.0,1283177.48044676,252012.092214108,3.0,273190.40420564363,12.51792428236369
7863.0,1284756.18764837,201533.036994413,3.0,162163.22249991624,11.99635865327621
7864.0,1254245.67779313,251768.02315785,4.0,197221.2330945829,12.192081388247784
7865.0,1265580.42775674,254545.898168698,4.0,260986.27512532403,12.472223099195425
7866.0,1281550.11532509,256482.401530683,4.0,169666.96997359095,12.041592794526553
7868.0,1275764.19019917,214258.881999448,6.0,986737.3601834566,13.802159183900063
7869.0,1276136.41912755,214278.125711471,4.0,490764.4019016512,13.103719458425678
7874.0,1260611.69066365,254360.158712506,4.0,650272.4701252888,13.385146738846549
7876.0,1265321.81969248,259586.474045858,3.0,48227.17639952036,10.783677966864884
7877.0,1274551.8675099297,227089.594524577,6.0,536110.9167073519,13.192096352800528
7878.0,1274535.1398299,227533.018781036,4.0,398136.0270771124,12.894549002449924
7881.0,1276681.9232561,282830.007637665,3.0,35056.27112176623,10.46470979576718
7882.0,1272811.49106014,248784.5071228,4.0,191955.4064423414,12.165018365921021
7884.0,1260324.48451936,249332.33413136,4.0,207142.1057301637,12.24116033782531
7885.0,1259666.53635868,249346.78552337,4.0,233218.50636476255,12.35973108864923
7886.0,1281096.46137263,197087.880573854,4.0,114500.40632624572,11.64833365067097
7887.0,1281269.93478081,197083.261501864,1.0,0.0,
7888.0,1264612.20657174,244090.214701995,4.0,794240.2730401324,13.585141305333613
7890.0,1279462.57618695,220762.696726099,3.0,6301.229845597348,8.748500106914811
7891.0,1279696.7098832,220753.790550098,3.0,55347.57427464712,10.921388111966802
7895.0,1258851.88867785,248566.644082576,4.0,301560.12499768543,12.616724694829085
7897.0,1281774.89439732,250560.088884622,4.0,103276.52805006148,11.54516540808929
7898.0,1267016.4278222,243205.469101086,4.0,748957.4361426882,13.526437433304753
7899.0,1275610.11538301,212899.098254055,4.0,350330.2666398059,12.766631607507962
7900.0,1279611.26777111,222391.92015177,3.0,5050.986076718555,8.527338765924668
7904.0,1277494.94853693,249135.161331162,3.0,215237.89975903477,12.279499205885404
7906.0,1269772.35934503,227692.635293201,4.0,115350.93835320776,11.65573439840373
7907.0,1269457.3901287,227979.276125491,4.0,72259.187093655,11.188014754896518
7908.0,1262407.47805749,256477.796858683,3.0,290876.71629126073,12.580654801029851
7910.0,1284652.65433627,242468.916780338,3.0,180434.4266852595,12.103122703688067
7911.0,1271387.74520269,252884.660023004,3.0,39425.40049266168,10.582165570122362
7914.0,1278123.80261758,235658.20234136295,3.0,41093.53925445456,10.623606192372415
7916.0,1275325.35704672,237562.38755931,4.0,122477.42352961587,11.715681994264585
7917.0,1275468.81643887,237767.528167516,1.0,0.0,
7920.0,1264966.5651001,257612.036091834,4.0,162124.46994750865,11.996119652207131
7921.0,1290271.18810202,185855.854770362,3.0,1005299.1442466016,13.820795711151332
7922.0,1269368.24036862,244883.507758811,4.0,74786.57291822074,11.22239364140846
7923.0,1271384.87909068,252594.034294695,3.0,47499.22631800437,10.768468701848068
7924.0,1270711.81707399,245311.86545524,3.0,39723.27964582243,10.589692683879933
7925.0,1271007.75973029,245304.250671238,4.0,228650.83595184097,12.33995138511206
7930.0,1283469.05663906,247558.020401537,4.0,17018.425793984432,9.742051906309479
7931.0,1272981.58520432,251150.94040522,5.0,930547.1846475138,13.743528062696052
7932.0,1276513.36619994,268552.961351037,3.0,18506.794686522404,9.82589322398806
7933.0,1283810.9857914,248532.590002537,3.0,146106.67936315696,11.892092314442959
7935.0,1268278.3944795,225914.28617137705,3.0,449270.2704449871,13.015379924262263
7936.0,1283032.12479861,205891.627718881,3.0,205235.8877049415,12.23191526833666
7937.0,1265433.30110058,248028.921714023,3.0,310065.5212215221,12.644538912907313
7938.0,1271266.31793857,244019.240749925,4.0,101401.43522916683,11.526842524172846
7939.0,1271278.70046657,244445.040430352,4.0,174229.1641818149,12.068126747193798
7941.0,1262718.17559381,245575.314735517,4.0,322473.4854596154,12.683776196208974
7942.0,1262125.3149212,245592.631343529,6.0,538850.3980462583,13.197193256720555
7944.0,1260836.46941587,261944.86764827403,3.0,143628.102840228,11.874982618679077
7945.0,1258663.82282166,260783.450367078,1.0,0.0,
7946.0,1258297.25270928,256216.572026402,3.0,57592.79007382823,10.961152666519903
7947.0,1258304.25430928,256630.883194834,3.0,6194.210450023807,8.731370336388608
7953.0,1287207.83661088,206498.547783494,1.0,0.0,
7954.0,1293812.73184964,184942.660081431,3.0,306083.2328596173,12.631612346757667
7956.0,1269401.53099266,246213.986352161,3.0,69896.61214669043,11.154772459904134
7959.0,1278621.31436209,223587.620185003,3.0,236514.9142941416,12.373766547480276
7961.0,1279281.85669877,226512.619291991,4.0,312518.6157479327,12.652419316777733
7962.0,1264877.89406002,252419.479862526,3.0,111663.06034487144,11.623241226198523
7963.0,1265017.41342016,252417.16786252,3.0,198728.24133337117,12.199693548955528
7966.0,1277450.0417849,246565.877424523,4.0,80046.65305509433,11.290364906871124
7972.0,1278651.48786612,227028.507676527,4.0,189810.14406348573,12.153779609796612
7973.0,1279567.88601106,258532.151036784,4.0,199922.44884060745,12.205684814536493
7974.0,1279742.28556325,258527.50342077,1.0,0.0,
7980.0,1260005.05309503,253701.617719829,4.0,316162.7862194606,12.664012506190879
7985.0,1274988.70027837,207438.705672458,4.0,297425.7675929072,12.602919952136244
7986.0,1275701.5551271,207419.432072446,3.0,187697.22672581847,12.142585447429852
7998.0,1265710.04919687,249508.403699547,4.0,68172.03735042033,11.129789750230037
8004.0,1278124.30194558,214664.940879866,1.0,0.0,
8005.0,1278118.23832957,214420.114255607,4.0,592969.4876776369,13.292898222486805
8008.0,1278392.85029785,216347.536913589,4.0,133318.78287528217,11.800498403031686
8009.0,1278385.68562585,216087.637201324,4.0,57906.81612260401,10.966590378957125
8010.0,1280282.69228379,199974.458112821,3.0,1072330.817240184,13.885345171178075
8011.0,1278932.99391441,216335.412241578,4.0,281742.22091503633,12.548747821636342
8012.0,1278990.57413846,267814.907398283,4.0,449370.5265121365,13.015603052497493
8013.0,1279329.49311481,267804.333638281,3.0,284458.1757934565,12.558341512228232
8016.0,1273202.72382854,216784.463570029,3.0,106444.91606268613,11.575382910258503
8017.0,1273422.01246877,216779.100050032,1.0,0.0,
8020.0,1293973.38733782,188086.828020647,4.0,412707.4263686726,12.930494210172116
8021.0,1294068.07418591,188301.905652866,3.0,453245.9699805232,13.024190237194277
8025.0,1272625.28504395,242044.327083901,4.0,239712.72161252832,12.387196492074343
8028.0,1259335.53667834,247222.789489195,3.0,8422.605740187135,9.03867452969132
8029.0,1281840.75052539,249896.46129994103,3.0,44752.3366971389,10.708898939035599
8030.0,1284849.69235247,240614.864682436,1.0,0.0,
8031.0,1276895.09932032,256289.880890489,4.0,659897.3642963718,13.399839593268025
8033.0,1276241.63019966,229531.945887089,4.0,186123.2517446093,12.134164377032105
8034.0,1273886.97771725,240908.48913073505,3.0,113003.25525981006,11.635171904888486
8036.0,1271560.32651486,244011.605933905,4.0,80557.3064404862,11.296724091387665
8037.0,1263338.15402645,249667.422387704,4.0,351485.28643706103,12.769923130002708
8038.0,1261411.97181647,261019.420031324,4.0,115781.8353004437,11.659462969126324
8041.0,1276887.65413631,247492.192817479,1.0,0.0,
8042.0,1279698.64460319,230075.405471638,4.0,552732.692898249,13.222629787326284
8047.0,1267452.46334265,248953.086514965,4.0,166410.62022460977,12.022213628797818
8048.0,1278425.6035139,204965.160709932,3.0,61529.35829814651,11.027269710591034
8049.0,1278678.72505015,204404.062469348,3.0,252431.25889845507,12.438894248646658
8050.0,1271166.10392246,249892.531507939,4.0,86280.50480953477,11.365358951315077
8051.0,1271394.45912269,250164.500788212,4.0,14784.172713543405,9.60131247627693
8052.0,1281914.53810947,230462.771488041,4.0,405813.2404408206,12.913648333837678
8054.0,1271688.49528299,253479.320567608,4.0,75410.24174352073,11.230698376913882
8055.0,1279811.82514732,221995.77429536,4.0,130361.8851222613,11.778069593741856
8056.0,1279792.85369129,221566.221334934,4.0,120252.41847195652,11.697348299798666
8057.0,1276628.38271205,231555.917601153,4.0,409545.2701365411,12.922802725949067
8058.0,1276644.80524006,232145.846177757,4.0,493329.39477050334,13.108932373467015
8059.0,1286378.56000203,203276.814404204,1.0,0.0,
8062.0,1273836.8945172,224298.727705732,4.0,86107.62676483417,11.36335326680448
8066.0,1257886.45558886,253719.909367859,4.0,283073.849088049,12.553463093424789
8067.0,1257897.95293286,254387.52972053,4.0,1086468.8380370806,13.898443397215384
8068.0,1256530.99869147,253064.048439175,4.0,276386.9820434452,12.529557271515573
8069.0,1256542.67024349,253733.119927868,4.0,478804.9205616572,13.079048529475424
8070.0,1275215.29464661,209723.441930801,3.0,262964.85113914445,12.479775656369732
8071.0,1275188.19000657,208964.27610603,4.0,229477.93473898197,12.343562158932334
8072.0,1280591.26354811,265098.340355501,4.0,150971.07567092482,11.924843545600483
8074.0,1273744.65976509,277941.63419266,4.0,88016.10419708256,11.38527507895705
8077.0,1282489.51923005,227794.784349307,4.0,46425.97800711111,10.745614452388052
8078.0,1282661.72595023,227790.871325299,4.0,77378.04207485318,11.256458325205685
8079.0,1272519.13957185,238659.095976427,4.0,284644.52533148375,12.558996401211605
8080.0,1272829.22590816,238652.683560416,4.0,462727.7335912343,13.044894111701037
8081.0,1268091.8935513,240953.280362785,4.0,438705.907351853,12.991584552647993
8086.0,1281107.79692464,194280.114874989,3.0,84777.99999999999,11.347791354158918
8087.0,1265642.5329088,246784.232944757,3.0,140157.61671459107,11.850522901991623
8089.0,1259326.11216633,246796.890416756,4.0,73334.86574615315,11.202791432986512
8090.0,1259125.22019812,246621.321840584,4.0,92340.33179932804,11.433236289289612
8092.0,1256246.64457919,252290.068022385,3.0,40107.61370745392,10.599321463288318
8096.0,1276699.29951212,283762.836822614,4.0,271652.68135289947,12.512279622547187
8097.0,1277217.40511265,283743.829270601,3.0,96882.5770674222,11.481254978486543
8100.0,1272068.54731539,216589.274961829,4.0,160523.64537568056,11.986196533914171
8101.0,1272339.25707565,216583.942929819,1.0,0.0,
8102.0,1274113.04517348,231248.552736849,4.0,130983.2489713629,11.782824723559555
8103.0,1280074.03653958,205311.731590286,3.0,325199.7164608389,12.692194784763773
8104.0,1286099.94873776,195793.83526054,4.0,652465.0297189903,13.388512822442362
8106.0,1284557.69030418,250506.327860564,4.0,55184.81962268408,10.918443187608439
8107.0,1284558.02630417,251167.766837239,3.0,19325.59105540422,9.86918545800236
8108.0,1282420.04793398,225255.587354705,3.0,52929.181850985166,10.87671010754355
8109.0,1282416.00921398,225398.99189885,3.0,30605.56651822886,10.328937183756846
8110.0,1284134.02841574,247862.342001855,4.0,378532.7852930903,12.844057967112633
8111.0,1269229.67633647,208013.480777055,3.0,60916.14329563046,11.01725349731681
8113.0,1258288.68317327,259360.393789634,4.0,236176.63986614408,12.372335278049851
8115.0,1289150.46394087,189170.850101754,4.0,620757.0210272123,13.338695013861765
8116.0,1289441.42957318,189166.813749745,4.0,486805.5518324725,13.09562004478083
8123.0,1287974.31437168,188649.285877213,3.0,598861.7799150981,13.302786099076561
8124.0,1280911.30489244,257497.88012372,4.0,254788.87213833464,12.448190528799982
8125.0,1275193.70411858,229229.117150769,4.0,835709.678220438,13.636036556897027
8127.0,1285850.37606549,255812.574138001,1.0,0.0,
8129.0,1281631.71750118,198639.528383449,1.0,0.0,
8130.0,1281590.31826913,198617.796159431,3.0,84777.99999999999,11.347791354158918
8135.0,1281814.91302136,254905.931257069,3.0,99317.79254847288,11.50608001372542
8136.0,1278231.8981697,257577.399355799,3.0,72398.20792071926,11.189936825591207
8137.0,1278237.7787457,257909.156220138,3.0,934163.3954618544,13.747406643518461
8139.0,1278997.50521047,203370.048452288,3.0,212836.32784130325,12.268278735419686
8140.0,1272782.53406811,252234.885430336,4.0,171812.01672883585,12.054156232121315
8143.0,1269806.76971306,285687.993688583,3.0,120753.43893526544,11.701506050904436
8144.0,1282032.06150158,191792.174584433,3.0,134406.193594183,11.808621789299435
8147.0,1282935.49113451,242866.689900741,3.0,88.72878787878787,4.4855843899716525
8148.0,1282942.86284652,243240.134701118,3.0,21838.46796770599,9.991428279399546
8149.0,1282555.93875012,255138.182457298,3.0,43155.49840119315,10.672565113682031
8152.0,1281774.35468532,192967.781497642,4.0,167604.00229759127,12.029359346802224
8153.0,1259729.20816675,253039.59051916,4.0,212311.02491482568,12.265807577171183
8154.0,1259741.06243876,253703.997943833,4.0,237427.54774195823,12.377617793776789
8155.0,1263054.80548215,261143.204223454,3.0,254290.0,12.446230627003512
8157.0,1286329.90361798,202486.80185939404,3.0,87919.08485811083,11.384172180221134
8165.0,1278371.47698584,237534.003431275,4.0,364488.2266708413,12.806249529966374
8166.0,1287949.72128364,202044.208898932,3.0,261468.2025208805,12.474067958615196
8167.0,1266000.28714916,228076.5840296,4.0,37865.64553128036,10.54179952963396
8168.0,1258116.09066109,251719.682037801,4.0,41683.97561510248,10.637872056117963
8171.0,1277815.63589726,228566.908830091,4.0,519493.9759142716,13.160610493524006
8172.0,1281671.78431721,220696.067606032,1.0,0.0,
8173.0,1276142.54181555,214600.086671799,4.0,266784.0925924876,12.494194968279398
8175.0,1275843.66309525,223945.748441368,3.0,95623.351289383,11.468172329561986
8176.0,1276099.39160751,223938.28815335,4.0,400004.20228854805,12.899230331756305
8179.0,1279662.63775516,228718.633886248,4.0,329948.6926011757,12.706692444388732
8180.0,1279984.40645948,228709.83631824,4.0,683300.7639863697,13.434690398851618
8181.0,1275673.69695108,254662.540344819,3.0,6164.784451600759,8.72660845174322
8184.0,1273518.26885286,251915.247926012,4.0,212248.70127665403,12.265513985316966
8191.0,1293667.4899935,187237.311347768,4.0,22860.077631389355,10.037147333291825
8192.0,1281051.03692459,223449.332440853,3.0,1105831.6568574558,13.91610824048981
8193.0,1269340.32574458,213577.675662741,4.0,220578.25050352103,12.304007788481876
8197.0,1278447.76453792,251947.252790034,4.0,92629.46524177704,11.436362569174916
8198.0,1278713.47103418,251942.012342036,3.0,60080.20423286879,11.00343568578092
8199.0,1275143.97426254,214887.565072089,4.0,223605.52337205652,12.31763872197971
8200.0,1275391.93765478,214881.434832081,4.0,111612.5096424951,11.622788416218077
8201.0,1282859.12742244,256451.443258643,3.0,52531.62525743839,10.869170653074153
8202.0,1282913.91999848,256480.498618677,1.0,0.0,
8203.0,1277421.66917686,245344.208559275,4.0,131617.9911344846,11.787658999277655
8204.0,1277436.72031288,245992.741423935,4.0,86182.52159168656,11.364222670334332
8205.0,1280346.08588386,267772.421574235,4.0,244650.70125410944,12.407586763069627
8206.0,1280785.12434831,267763.969222233,4.0,108592.64350478529,11.595358944820939
8207.0,1277993.04005745,212851.98055800804,3.0,618256.1142044765,13.334658074868893
8208.0,1278247.16620171,212845.596430004,4.0,716067.5084697029,13.481529727070388
8210.0,1281845.5914214,196592.56786935,1.0,0.0,
8211.0,1282134.6994537,196585.536445349,3.0,45921.4979135436,10.734688650529883
8212.0,1280140.43340364,218811.258388102,3.0,47919.68574611882,10.777281674882161
8214.0,1269250.4236645,224293.64008972,4.0,111787.82956293072,11.624357974769788
8215.0,1282288.68895784,253197.075127319,3.0,66656.95777634117,11.107314712901616
8216.0,1282291.99993385,253858.727991998,4.0,58027.511000522085,10.96867250466599
8217.0,1272063.74616338,245276.967279211,4.0,174523.44322430916,12.069814356726102
8223.0,1283994.90105559,241020.392746851,1.0,0.0,
8224.0,1270807.32638609,222780.497496173,3.0,22356.0397935074,10.014851800380285
8225.0,1270895.34693018,222778.506008163,4.0,79659.36490687038,11.285514884156408
8226.0,1272176.66686749,225670.412635133,4.0,617880.6349892984,13.334050570517984
8227.0,1260369.9732874,251053.125941128,3.0,149657.23727701718,11.916102873468086
8228.0,1260222.59824724,251041.416373104,4.0,816505.1835021712,13.612788539813621
8232.0,1276363.09023178,269223.931847721,3.0,204293.2419082732,12.227311701003924
8233.0,1286133.99257779,252187.512502283,3.0,7551.412995194444,8.929489976413763
8234.0,1272263.21131559,226788.73551628,4.0,431386.6244634502,12.974760007503933
8236.0,1272584.74968392,252425.967414528,4.0,70295.99695084113,11.160470133799684
8237.0,1278281.43512975,263210.021953568,4.0,287224.31128637283,12.568018761899465
8238.0,1282878.66284645,257243.269755453,3.0,13743.57138154114,9.528326457877819
8239.0,1279395.09369089,229191.63855873,4.0,230503.828785734,12.348022752064978
8240.0,1276983.27666442,252638.56799075,4.0,511622.3944243633,13.145342121036784
8241.0,1279089.82130657,207350.714376375,3.0,188203.9722692085,12.14528161254834
8242.0,1285802.23705745,251802.656309888,4.0,52714.60381333888,10.872647808348527
8243.0,1285783.07040143,252465.832822561,4.0,1114855.5612350695,13.924235412991921
8244.0,1279464.04959495,249278.928051308,4.0,19966.965317597897,9.901834452799257
8245.0,1261617.97341669,246875.62872085,4.0,436263.8569006601,12.986002515663454
8246.0,1268608.65559983,258449.497340694,3.0,86009.38523834404,11.362211699959744
8247.0,1268952.72350419,258441.043260694,3.0,81017.20539123293,11.302416823335735
8250.0,1280138.05055565,218755.723028049,3.0,77885.30449606877,11.262992568312912
8251.0,1280395.74623591,218748.002900034,4.0,110106.28109472932,11.609201370081989
8252.0,1271847.07467516,213527.585230693,1.0,0.0,
8253.0,1272007.72363532,213525.071118698,4.0,276321.58662083506,12.52932063533288
8254.0,1282038.40172559,254506.815608665,4.0,56346.62797368956,10.939277676926542
8255.0,1282295.96550186,254501.557368651,4.0,68315.58530494363,11.131893208472746
8256.0,1281864.87878141,213831.274895012,4.0,180617.52010811848,12.104136925825241
8257.0,1281938.51775749,213580.276046753,4.0,195784.3398214844,12.184769025397223
8258.0,1284165.97324777,194569.598523289,1.0,0.0,
8259.0,1281578.49548513,257273.958971485,3.0,61091.7466090118,11.020132055986648
8260.0,1282238.31833379,257258.385211483,3.0,23193.296166709628,10.051618557566417
8262.0,1276995.47314443,221114.848598465,3.0,28897.986215246103,10.271527190539327
8263.0,1277035.17055246,220840.693270177,3.0,14581.757040146793,9.5875265086
8264.0,1258228.80074121,249644.683891684,4.0,323786.584108949,12.687839886720463
8268.0,1271121.55640242,210520.234955609,3.0,739920.5613510228,13.514298109892335
8269.0,1270576.01259385,210080.54778716,1.0,0.0,
8271.0,1281447.09254098,244723.719022647,3.0,398821.3410497213,12.896268828801837
8273.0,1263604.29815471,254583.552312732,4.0,70625.24752458345,11.165142973215463
8274.0,1276193.0377516,252985.86059910097,3.0,419276.6640603308,12.946286277091435
8275.0,1276841.66015227,252967.781943083,3.0,378284.8731300459,12.843402823382428
8280.0,1268904.13137615,282886.141077712,4.0,31231.35325640937,10.349177781275863
8281.0,1269345.50289659,282862.288405702,4.0,167838.50454825297,12.030757513606236
8282.0,1271883.4495872,254130.34879227,3.0,15106.173463545414,9.62285877789666
8289.0,1274874.20050226,254687.39167285,3.0,430013.3531325684,12.971571540984257
8290.0,1275199.35928659,254677.28472884,3.0,466022.8299396735,13.051989903194603
8293.0,1278994.52229847,268074.649350554,3.0,76286.32174438205,11.242248931796652
8294.0,1284173.56019178,256818.59577103,3.0,111488.41436760408,11.621675957466598
8296.0,1258818.76938182,247022.716720998,4.0,467049.6721930884,13.0541908954339
8297.0,1287439.65632312,248968.010418981,4.0,537068.5357257545,13.193880992397185
8299.0,1282322.96313389,202028.057346925,4.0,138766.8678870852,11.840550594576975
8300.0,1274432.0671898,281930.944788739,4.0,207056.0718427674,12.240744914034034
8303.0,1273077.02136442,231271.064160869,4.0,245317.33627015573,12.410307901496378
8304.0,1275129.46674252,213936.889487118,4.0,941655.316998183,13.755394581076642
8307.0,1283658.03987125,267080.397701532,3.0,218376.10123279103,12.293974090275576
8308.0,1283700.34099129,268319.778758809,4.0,388428.9348585855,12.869865510200674
8309.0,1275768.00971916,213600.386254773,3.0,244534.40078857384,12.407111276521729
8310.0,1281585.70022112,197824.957182616,3.0,108852.35526742385,11.597747704163318
8311.0,1276466.53323989,254639.658808798,4.0,113658.34931524604,11.640952291740604
8312.0,1276469.74981588,255306.879289478,4.0,149684.00703993192,11.916281731300037
8313.0,1281587.16114913,198075.67974287304,3.0,23675.15407644109,10.072181426013719
8314.0,1274575.34706195,235494.10096518704,3.0,782367.8078134917,13.570080251423594
8315.0,1274587.43205397,235973.614437684,4.0,109060.23305424787,11.59965560541384
8319.0,1263313.61041042,243275.850157157,4.0,99037.80725608276,11.503256947690321
8320.0,1261870.00304894,255012.932025179,4.0,402036.2470215383,12.904297530256628
8321.0,1286137.12614579,255213.700985387,3.0,28.0,3.332204510175204
8322.0,1286141.24160179,255388.922425568,3.0,42391.0,10.654691354537883
8333.0,1266249.95102142,254796.327800959,4.0,187672.6831096097,12.142454677138463
8340.0,1280866.1393244,256225.969978422,4.0,76931.56035490402,11.250671479035589
8341.0,1285318.94534495,197220.576509997,3.0,146560.1271187379,11.895191047257049
8342.0,1285525.52825716,197218.154557988,4.0,463036.0698586312,13.04556023469623
8343.0,1276303.48568772,264597.641538993,4.0,138656.4882399286,11.839754845765324
8344.0,1266934.39121412,256110.66738629303,3.0,37387.88431696715,10.5291019821757
8345.0,1271400.6739707,246169.72664012,3.0,159726.0379038939,11.981215363517324
8346.0,1265370.79396452,245508.135407448,3.0,42963.16185084564,10.668098326354427
8347.0,1265728.37265289,245500.295215443,4.0,377850.4689960077,12.842253811670824
8348.0,1283840.45356743,263221.701057583,4.0,130898.39034087834,11.782176654961257
8349.0,1285915.73190556,244094.292461991,3.0,334733.4492605458,12.721089820241636
8352.0,1267634.42923084,259199.635901466,4.0,62655.20040142674,11.045401964084842
8353.0,1280163.61119567,223574.923032984,3.0,84516.55802304142,11.344702747084398
8354.0,1266190.17028536,244950.059118867,3.0,59914.33224734024,11.000671025054766
8355.0,1276301.99589571,231564.594721168,4.0,149967.64360557747,11.918174840513647
8356.0,1276318.82853574,232154.523681775,4.0,154094.35151823785,11.945320365985129
8358.0,1254437.84764932,253112.47915923604,3.0,74052.846330276,11.212534256908286
8359.0,1285216.58598484,251409.099637493,3.0,84777.99999999999,11.347791354158918
8360.0,1285216.95641685,251499.098165572,1.0,0.0,
8362.0,1275965.10872737,265268.40889968,4.0,264382.4140221708,12.485151871972144
8363.0,1263614.24010673,250325.980468377,3.0,34083.93120799554,10.436581326637969
8364.0,1274055.23166941,232181.350753799,4.0,312116.93411346554,12.651133185401042
8365.0,1260136.17520717,261679.26944001,3.0,130189.75198715832,11.77674829588278
8366.0,1268079.15998329,286892.663193822,3.0,40238.18064898577,10.60257159125115
8367.0,1270891.99685018,280832.555283621,1.0,0.0,
8368.0,1276134.72325554,205769.654534757,1.0,0.0,
8369.0,1276297.76491971,205609.285446584,3.0,84778.00000000001,11.347791354158918
8373.0,1281736.00140528,274998.810701638,3.0,10091.403634753631,9.219439215144666
8375.0,1280918.65394844,245935.228719875,3.0,20809.500803475425,9.943164930799881
8381.0,1272958.36805229,264031.804098412,4.0,227984.65146639623,12.33703358754077
8383.0,1259538.57629456,246518.294832483,4.0,48650.18742925684,10.792410940212214
8384.0,1270641.62923393,242752.782316625,4.0,262854.1941585431,12.479354762591827
8385.0,1274078.23717344,230090.696799651,3.0,7621.159523493978,8.93868380554178
8386.0,1274088.01374945,230414.07209599,4.0,303361.97180414427,12.622681997909474
8387.0,1276455.23864788,252648.61099875,3.0,289124.0691816739,12.574611180096388
8389.0,1271575.34718688,255931.147066116,3.0,77481.5596157349,11.25779524658699
8390.0,1282779.54527836,229370.872414917,3.0,46377.37209585479,10.744566948916532
8391.0,1282627.2332142,230003.567007571,1.0,0.0,
8394.0,1280672.16166019,221047.676822394,4.0,52974.701216165085,10.877569743029326
8395.0,1261664.10877673,249037.880307063,3.0,217577.65544105132,12.29031110229909
8401.0,1295743.35885963,183577.631664023,4.0,132501.6959235852,11.794350723749787
8402.0,1276776.0638002,216127.474705353,4.0,81522.99805839857,11.308640444187947
8403.0,1267607.74391882,256623.219514832,4.0,27183.52896946844,10.210366516269994
8404.0,1268267.60446349,256607.30482681104,3.0,29168.49722569985,10.280844543732137
8405.0,1280324.62463583,251249.719093323,3.0,187919.28992488628,12.143767840722454
8406.0,1288105.8118438,246818.934320793,4.0,58175.85906812667,10.971225755025392
8407.0,1288073.38310777,247115.735537097,4.0,22848.73978235411,10.036651243044505
8408.0,1263447.49994655,246325.403824285,3.0,124563.85610694913,11.732573763855841
8409.0,1272949.05208428,231582.03401719,3.0,79411.75354230498,11.282401665780004
8410.0,1272969.36082031,232215.079649836,3.0,28264.785440649863,10.24937197808995
8411.0,1277920.38303338,207212.369480222,3.0,25058.752044399396,10.128978428502936
8412.0,1281774.85170932,228682.97219021604,3.0,65384.51997377637,11.088040811779301
8413.0,1281781.39993332,228948.650142491,3.0,33812.15040563631,10.428575496330547
8414.0,1283157.37715073,249208.869811237,4.0,312590.9127718305,12.652650626719181
8415.0,1283488.01068707,249202.677235231,4.0,520299.756961174,13.162160380165416
8419.0,1279850.08882736,222888.612440288,4.0,791205.6631611274,13.581313216950978
8420.0,1274689.23039007,238614.235496387,4.0,153734.34266983313,11.942981344189329
8423.0,1265248.7787964,251596.606837675,4.0,352699.1276879969,12.773370642980362
8424.0,1259790.00560682,256397.194362596,4.0,68277.13913352259,11.131330276990203
8425.0,1259527.13898253,256401.437114596,4.0,66138.01529841872,11.099498978501916
8426.0,1277845.39077729,250643.022452697,3.0,175303.79180389747,12.0742757010456
8427.0,1287092.58848277,207353.309832379,3.0,10594.09082837552,9.268051655635354
8428.0,1279705.2780752,270835.554569378,3.0,46052.96291257488,10.737547380820484
8429.0,1279910.20287541,270829.253769368,1.0,0.0,
8431.0,1282213.38002977,229851.842591405,3.0,459247.3045151772,13.03734413374099
8432.0,1282501.31878206,229500.330143049,3.0,176127.80699134397,12.078965186569192
8435.0,1279362.43461885,269126.545223624,4.0,949434.8674794995,13.763622210230224
8436.0,1279513.00421901,222007.253271386,4.0,212697.91560135596,12.267628201428774
8437.0,1274280.96382965,205410.37997438,4.0,191212.42918309613,12.161140283674369
8440.0,1273089.87826043,278959.525521696,4.0,832265.2668786175,13.631906499370693
8452.0,1272055.20318736,225242.998810694,4.0,242527.05454944333,12.398868548289089
8454.0,1273757.69650111,209487.38887456097,3.0,63833.29592243011,11.064030212862965
8455.0,1273538.25502889,209088.157706156,3.0,163052.6022763491,12.001828141079981
8458.0,1278011.73324147,249091.348403111,3.0,32644.6074526333,10.393434958816725
8459.0,1258093.57098107,250426.075700477,3.0,81612.9335285023,11.309743027516342
8460.0,1275353.31992674,213282.850446448,3.0,69305.62747125521,11.146281386372506
8461.0,1275338.16709472,212904.474894062,3.0,192561.06087422057,12.168168581759499
8462.0,1280024.89554752,269455.24435997,1.0,0.0,
8463.0,1272147.66264346,220581.278805912,4.0,251554.9231752637,12.43541662708658
8464.0,1272129.44382745,219658.817044973,4.0,451549.6905674408,13.020440702411166
8465.0,1286784.10317045,249376.594547406,3.0,84778.0,11.347791354158918
8467.0,1264056.19293918,284807.731991693,3.0,38079.22970253143,10.547424260300795
8468.0,1277350.47570479,220324.049941659,4.0,24075.190242389705,10.088937138707367
8471.0,1260319.12951136,249066.432755083,4.0,381788.1763675048,12.852621221663053
8472.0,1259661.38218267,249080.895347103,4.0,462161.61815997947,13.043669931747225
8473.0,1276817.02335225,265241.773123652,4.0,228912.90694316456,12.341096891171272
8474.0,1261013.91191207,251671.772021756,3.0,34332.250334895936,10.443840434402345
8477.0,1276181.30808759,227502.226205006,3.0,81012.97349452326,11.302364587428329
8478.0,1277017.24050444,268537.08179903,3.0,21079.49964255121,9.956056266251734
8484.0,1277027.46392846,222644.192280024,4.0,338238.2964096172,12.7315059450194
8487.0,1266824.78289402,242005.89732386204,3.0,124911.45875955308,11.735360435376696
8489.0,1270299.87595357,218174.904979452,4.0,773323.8425984809,13.55845318239711
8490.0,1280943.40358047,213915.071311086,4.0,259517.32485678757,12.46657874181347
8491.0,1281097.65689263,213932.658191115,3.0,33305.50880203155,10.413478091777023
8494.0,1264176.3324593,210405.627211496,1.0,0.0,
8495.0,1264037.55453916,210408.738763496,4.0,78403.5309128967,11.269624242478653
8496.0,1274286.74533366,263993.925570369,4.0,186700.54678921623,12.137261258230486
8498.0,1275123.76690251,230385.878623962,4.0,133943.9060348108,11.805176379610202
8499.0,1265957.66647713,257587.825531811,4.0,220098.93185215467,12.301832414491212
8500.0,1273478.31186083,265340.194819748,1.0,0.0,
8501.0,1273613.63314097,265336.195203751,4.0,169943.05980255318,12.043218717588763
8503.0,1283282.36742286,257048.726203263,3.0,148151.73829395857,11.905992286270429
8504.0,1262981.59569007,256475.298874676,4.0,53424.34570852593,10.886021833196603
8505.0,1275138.16779852,224634.916698068,4.0,324698.7819235669,12.690653206693593
8507.0,1269046.10718429,241717.358251557,4.0,116427.47023373692,11.665023785007815
8508.0,1255925.79645085,253068.48088719,3.0,10863.203635899952,9.293136544083325
8509.0,1277122.43941656,203080.616259992,3.0,540731.4382393021,13.200678017270173
8510.0,1266831.87537402,242289.050348148,3.0,53427.71850484993,10.886084963400963
8511.0,1276516.30123994,236250.140517965,1.0,0.0,
8512.0,1276713.82642414,236423.874086142,3.0,50543.743451254544,10.830594447278244
8513.0,1280560.65862007,210569.603595659,1.0,0.0,
8514.0,1280595.16114812,210316.180875406,3.0,43034.248512987855,10.669751554702408
8515.0,1264797.01655594,246708.699632674,1.0,0.0,
8516.0,1264585.00356372,246900.536496863,3.0,45872.80866021108,10.733627816591136
8517.0,1282938.49503851,274961.825869605,3.0,57806.82802852598,10.964862179664854
8518.0,1277600.17932105,213530.504142702,4.0,63211.45414370488,11.054240800164633
8519.0,1277754.7705532,213527.79585470297,3.0,81480.3924143913,11.308117686411512
8525.0,1269929.3455852,256825.176123038,3.0,608871.373712059,13.319362315372873
8526.0,1269988.67288125,240900.405162722,4.0,407879.763302443,12.918727712166243
8527.0,1274083.35691744,209741.428746819,4.0,364084.51807407785,12.805141312177572
8529.0,1274585.67845395,219300.726548612,3.0,120469.75687422746,11.699154020115154
8530.0,1274574.89400595,218734.18242003,4.0,199568.6491307519,12.203913562039748
8534.0,1271387.22449869,228834.716318369,4.0,280956.6489173552,12.545955662098915
8535.0,1271071.96894637,229121.460190669,4.0,241196.582996173,12.393367577052286
8536.0,1281677.58815722,259818.794110104,1.0,0.0,
8537.0,1281907.65657346,259810.369598091,4.0,84997.60689146878,11.350378380858102
8539.0,1276049.64824747,222078.102231458,3.0,340385.5129618554,12.737834115909237
8542.0,1276892.99372032,262373.813312709,4.0,101219.03810277584,11.525042141687702
8546.0,1287016.52038668,202471.119491369,3.0,47228.37549648509,10.762750166712872
8547.0,1287170.73395485,202467.596803367,3.0,78799.06561652331,11.274656418117335
8548.0,1269119.03812836,226412.067611888,4.0,344673.67555668275,12.750353380446482
8549.0,1269395.97816065,226576.088988051,4.0,10270.050078311073,9.236987179085114
8550.0,1281696.75084524,206009.269895002,4.0,740576.2279576298,13.515183848590599
8552.0,1286789.66189046,195000.075003728,4.0,460947.7068964799,13.041039881480621
8553.0,1261647.5373207,256226.497210413,3.0,70358.92788857096,11.161364961222198
8560.0,1275963.09989537,265929.485956356,4.0,1116181.717533117,13.925424237998886
8561.0,1275977.72024739,266589.431813031,3.0,45725.70830267847,10.730415963629598
8562.0,1275438.79288684,223654.612505063,4.0,943940.18433136,13.757818079064288
8563.0,1275445.71442284,223954.831769377,4.0,656202.9451636801,13.39422538770949
8564.0,1294381.39834623,180934.716013327,3.0,36083.15071347689,10.493581296125443
8565.0,1295008.39188287,180561.489708945,4.0,482947.1779448147,13.087662564221107
8566.0,1274864.81439024,230392.924191967,4.0,192074.21064314432,12.165637090099091
8569.0,1276260.47787967,256972.525883183,4.0,228994.54605909792,12.341453465916945
8573.0,1274494.00146186,214596.603087783,4.0,129269.5359826876,11.769654929751072
8574.0,1269780.92856103,215114.222480327,4.0,248211.23618707247,12.422035421425267
8575.0,1269765.59851302,214354.41262354,3.0,18668.629722072063,9.834599839202296
8576.0,1280357.48940387,268941.026887432,4.0,758692.6808219565,13.539352074280762
8579.0,1265373.81630053,245633.731631577,3.0,36166.972969076494,10.495901632449733
8580.0,1272486.41297981,229439.612766996,3.0,774.4879146535434,6.652202055672614
8581.0,1272488.66885181,229596.247647151,4.0,450161.61180716974,13.017361934621388
8583.0,1266022.09943719,251407.317493483,1.0,0.0,
8584.0,1269789.31633705,282842.336661667,3.0,360445.3269407271,12.795095565234126
8587.0,1261068.91543213,260361.850494653,4.0,174785.24611856506,12.07131333428529
8588.0,1260851.0444559,260367.114878654,1.0,0.0,
8595.0,1281385.16844492,269726.341256246,4.0,786310.1414513728,13.57510657558354
8597.0,1274869.55743025,219295.958868608,3.0,62790.37064230036,11.047557006978142
8598.0,1280454.93247597,252572.957878679,3.0,143676.7378946179,11.875321179315439
8599.0,1275727.63711113,222081.659607455,4.0,868591.048000633,13.674627692790551
8602.0,1259500.55703051,255054.109113216,4.0,176433.97179345033,12.080701987876033
8603.0,1259512.44778253,255737.107385918,4.0,104629.14086988868,11.558177385215402
8604.0,1290300.94586205,188586.68005316,3.0,8765.59286718003,9.07858943536219
8608.0,1275064.39595845,275684.687246338,3.0,76914.06628798347,11.250444055385302
8609.0,1285514.08243315,248437.865778446,3.0,46393.74563641587,10.744919936810422
8612.0,1284298.80601591,203016.35949192903,3.0,84778.00000000003,11.347791354158918
8613.0,1284298.34009591,202990.199811906,1.0,0.0,
8614.0,1265725.26078089,250029.784180075,4.0,31574.688924005128,10.360111095198826
8615.0,1265958.37745312,250040.74117209003,3.0,4886.739006019337,8.494280490077562
8617.0,1283537.22220713,265360.229571775,3.0,261491.24704921737,12.47415608983979
8618.0,1284171.18483177,265340.339523748,1.0,0.0,
8620.0,1271554.43384285,230462.591008037,3.0,551856.2808531207,13.22104293058615
8621.0,1282832.5044464,251739.045173824,3.0,24532.750306114,10.107764251070034
8622.0,1283100.02489468,251733.724341825,3.0,6837.707037849754,8.830207726030462
8625.0,1282417.48492599,273677.039372295,4.0,1087323.8423794606,13.899230044805261
8626.0,1282551.87839812,273902.807628512,3.0,171738.42978539984,12.05372784120925
8628.0,1265279.05988443,241713.000939563,3.0,65266.5020777569,11.086234198615994
8629.0,1265292.60452445,242325.029612184,4.0,93582.82366102522,11.44660213773102
8638.0,1274034.5178134,205948.70074293,4.0,784534.2108989757,13.572845458743565
8639.0,1285940.86963359,243334.39927721,3.0,40893.76502170991,10.618732885953085
8640.0,1286129.25478578,243330.257261217,3.0,239044.3082427122,12.384404203867891
8644.0,1261525.54282458,249572.589875609,4.0,160039.63638206813,11.983176790924528
8645.0,1279078.10418656,231754.910305366,4.0,103834.06460868336,11.550549371296992
8646.0,1277419.79743285,216111.999633342,4.0,144551.28615208704,11.881389645032629
8647.0,1277395.02911283,215403.976464614,4.0,100642.96041167444,11.5193344873569
8649.0,1283604.6229752,202193.047811091,4.0,659593.7001938609,13.399379318672699
8654.0,1277624.65330507,214729.973903924,4.0,120845.7949243868,11.7022705896999
8655.0,1277874.24434532,214724.378767923,1.0,0.0,
8656.0,1269238.7347044798,229679.56931123097,5.0,738301.2634401898,13.512107236328726
8657.0,1269249.5453925,230105.706271678,4.0,155309.70393434944,11.953176492273846
8658.0,1287040.89465871,191171.775287807,1.0,0.0,
8659.0,1289428.45485316,188610.395189181,4.0,50775.01870851715,10.835159754907743
8660.0,1273520.7760528603,225040.597274482,5.0,694689.3062547927,13.45121998323414
8661.0,1273697.88562106,225036.380122483,1.0,0.0,
8662.0,1279558.01164305,197878.35174267,1.0,0.0,
8663.0,1279748.46828325,197873.441982672,3.0,169542.0,12.040855962718982
8664.0,1268422.92503965,240942.712106764,4.0,727155.1786751653,13.496895184460666
8665.0,1268744.48375998,240932.444778755,4.0,125176.98123563998,11.737483864799191
8666.0,1274871.32683825,254294.508600444,3.0,77519.07705385707,11.258279340583776
8667.0,1254487.82198538,251489.628725573,1.0,0.0,
8668.0,1264804.49885994,245333.131823272,4.0,374685.3155554168,12.833841794143051
8674.0,1279407.0972749,282777.672789603,3.0,88197.42855651966,11.38733308688189
8676.0,1281808.53766136,225617.084635079,4.0,374895.2216774572,12.834401857050505
8679.0,1288714.55238843,187893.042292446,3.0,587489.9891135432,13.283614485048536
8680.0,1288826.97472455,187895.065908447,3.0,516059.0406823001,13.153976457845177
8681.0,1275667.08440706,253334.569591463,3.0,20734.838023574062,9.939570560910113
8682.0,1264636.63537177,257620.179771841,4.0,47340.810493975245,10.765128003622204
8685.0,1277525.54328898,237821.074343577,4.0,38534.82739807611,10.559317719107113
8686.0,1272773.61643611,211414.068428531,4.0,181528.98776433905,12.109170632134623
8687.0,1263349.46007445,258974.96902123105,3.0,100657.8566507241,11.519482487144424
8688.0,1266212.94186938,252669.653238773,4.0,903484.362563496,13.714014081242611
8693.0,1280120.38751562,246046.181935996,3.0,36999.98812455132,10.518672870668237
8694.0,1281776.97836532,223020.70236042104,3.0,195098.6587179241,12.181260651743512
8695.0,1281904.12998146,223020.17384842,3.0,405306.95457419584,12.912399971546895
8696.0,1272289.41566761,244402.860078305,4.0,110109.26402265954,11.609228461066223
8699.0,1256783.02377973,252401.5586465,4.0,132366.3368449269,11.793328636720052
8700.0,1256519.08035547,252405.961526513,4.0,156621.02889565253,11.961584337659245
8701.0,1280975.2785245,203522.843396455,1.0,0.0,
8702.0,1280967.93273249,203122.540100038,3.0,84777.99999999999,11.347791354158918
8703.0,1274349.24651772,208142.631113186,3.0,150674.39418591073,11.92287645767557
8705.0,1258150.47773314,253717.730871856,4.0,249280.07231987573,12.426332331779513
8706.0,1258161.99242114,254385.047160536,4.0,776862.8314358547,13.563019077646858
8708.0,1272434.43013176,280652.898771435,4.0,951566.025352733,13.765864354117777
8714.0,1286758.19315442,247806.932017803,3.0,250748.23119753372,12.43220465175158
8715.0,1286949.46899462,247803.248305798,4.0,222829.3484441887,12.31416150387274
8717.0,1276529.52395995,206149.205959141,3.0,209716.12949461903,12.25351013093071
8720.0,1273285.51800463,263360.523905724,3.0,38459.13397083082,10.557351501230139
8721.0,1273613.98482096,263351.459969714,4.0,29655.99996726944,10.297419743726895
8722.0,1271170.36145847,232252.935201868,4.0,380200.2839460588,12.848453455869587
8723.0,1271572.64638688,232250.486753866,3.0,436882.13378608704,12.987418720960983
8725.0,1276048.79659946,234152.288355812,4.0,17740.70319105589,9.78361689380717
8726.0,1255592.58486651,253071.037943184,4.0,28132.48615297239,10.244680278416526
8727.0,1277281.33119272,231241.054048836,4.0,277594.1907875211,12.533915580837903
8728.0,1254250.05865714,252042.788662136,4.0,20260.14332490463,9.916410852057249
8729.0,1262154.20234522,247130.708273098,3.0,146641.17961538248,11.895743926775983
8736.0,1267610.82199882,284320.893399194,1.0,0.0,
8744.0,1274890.68306227,243670.831661567,4.0,360014.77032532974,12.793900338272111
8745.0,1275170.45253456,243660.517421558,4.0,226813.9890947629,12.331885529245588
8746.0,1274054.79858142,206761.605639771,3.0,78703.13913571442,11.273438320976144
8747.0,1279818.53343531,263954.70713833,4.0,915673.820963355,13.727415489589577
8748.0,1282190.31679775,228668.902686194,3.0,63438.621360167264,11.057828124675488
8750.0,1276178.6831276,250268.190516323,3.0,29746.31760288071,10.30046062525821
8751.0,1263987.23082711,242867.899884745,3.0,917536.4221323852,13.729447555269966
8756.0,1285447.99628909,205165.263366133,3.0,285082.6023910252,12.560534250208297
8757.0,1258592.30493358,247757.471473753,3.0,5021.786945287317,8.521541114541872
8758.0,1287492.33273917,187440.633139983,4.0,207435.625529416,12.242576332106545
8759.0,1287480.41869116,186987.761651516,1.0,0.0,
8761.0,1263527.64644264,211053.990412161,4.0,339311.3024021502,12.734673261158138
8763.0,1269780.58865704,280713.329747498,4.0,1053786.6997290638,13.86790061542987
8764.0,1265537.28017269,252408.588790506,4.0,901047.674507178,13.711313448073188
8765.0,1263250.54922636,243379.130797267,4.0,116087.23135881312,11.662097181954856
8766.0,1274958.20325434,263018.362241372,3.0,1417.5458889614476,7.25668240824295
8767.0,1275345.16248673,263009.831041366,3.0,9043.246853322116,9.109773554092344
8768.0,1286262.24960192,199873.21062471,4.0,438989.3578899386,12.992230450054905
8769.0,1286635.6349463,199864.102720708,3.0,192423.23824759855,12.16745259083299
8770.0,1277597.05887304,232118.621217728,4.0,487595.49949432816,13.097241446633467
8774.0,1275197.46066259,229655.212063208,4.0,358432.54512502823,12.789495762670692
8775.0,1278943.00991443,200403.213825256,3.0,184683.92398419435,12.12640112387297
8778.0,1282131.95698969,196446.879869208,3.0,81700.5672939712,11.310816224446645
8786.0,1275410.53080681,282969.828245804,1.0,0.0,
8789.0,1275695.69330309,232834.564642459,3.0,63418.15585963554,11.057505469455045
8790.0,1277518.54693696,222328.088919714,3.0,56309.95078803234,10.938626544301068
8791.0,1260297.14371933,248002.567409992,4.0,911794.253762235,13.723169644660281
8793.0,1268946.65560019,257911.615548149,3.0,339641.29405238293,12.735645322176655
8794.0,1268949.78552018,258176.480508417,3.0,378176.1647842527,12.843115410439546
8795.0,1282107.53478166,226253.83964373203,3.0,779.5933955467949,6.658772496005416
8796.0,1284966.83091259,251504.663797587,1.0,0.0,
8798.0,1262680.34263377,258325.68326057505,3.0,58675.3871150777,10.97977561831276
8803.0,1277844.09516129,213233.80231839404,3.0,228832.42182911327,12.340745232247317
8804.0,1273877.02270924,225770.167707235,3.0,21360.84517490088,9.96931486040467
8805.0,1273887.34450124,226195.930267662,3.0,369397.70321434585,12.819629129116539
8809.0,1273086.34648442,231579.326305181,3.0,49002.62092216475,10.799629063869764
8810.0,1273807.82437316,247695.282289684,1.0,0.0,
8811.0,1274118.94251747,247686.113649681,4.0,55632.98934763183,10.926531637876396
8814.0,1282204.32460576,229601.34339115,4.0,211354.46610557396,12.26129193709684
8815.0,1278415.82168987,236437.02199015,3.0,82317.29358341293,11.31833649318678
8816.0,1268887.02219212,245692.894255638,4.0,555899.5920935152,13.228342967164561
8817.0,1281380.58284491,228692.212062225,4.0,261455.1926945209,12.474018200557012
8818.0,1285082.9553287,259085.248381346,4.0,169835.86802624902,12.042587767455714
8819.0,1273547.3652368898,226514.35023599904,3.0,50867.60598635966,10.836981575305018
8820.0,1273406.07742876,226753.959644243,3.0,69726.82614554626,11.152340402838217
8824.0,1274269.19186163,212241.658957377,1.0,0.0,
8830.0,1277666.22968911,244675.615790591,4.0,480874.20316050405,13.083360982991625
8831.0,1271215.33381051,240658.945962474,3.0,47953.07466904113,10.77797820065502
8834.0,1272799.82014813,248524.762930527,4.0,384110.8894398696,12.858686564465502
8835.0,1277939.9958974,205440.850374416,3.0,21509.537811184317,9.976251734870733
8836.0,1277295.57656874,264564.910658956,3.0,167455.20545869903,12.028471164384134
8837.0,1273111.32210045,224089.967001513,4.0,106048.55131761948,11.571652299528186
8841.0,1267465.90558267,249473.701939508,3.0,71194.3554362676,11.173168816676922
8842.0,1286233.21945788,245838.582895786,3.0,406.75807285772976,6.0082185931246395
8843.0,1285821.16710547,197213.386237994,3.0,236392.7241565876,12.373249786361027
8844.0,1285818.36921746,197034.758973807,1.0,0.0,
8848.0,1281975.49926153,252328.278262421,1.0,0.0,
8851.0,1275833.18674323,217080.417362332,3.0,337424.7452678437,12.729097787447492
8852.0,1276155.19397557,217072.635858327,4.0,160292.20092320445,11.984753684408462
8855.0,1275323.35871072,247386.322929367,4.0,82905.65790524792,11.325458588556213
8856.0,1262104.51933718,253674.820855811,4.0,693637.3568268111,13.449704562321653
8860.0,1273909.41272527,229666.026015222,4.0,899801.6306589905,13.709929607633612
8861.0,1274168.41285354,236404.064742118,4.0,246105.71115445587,12.413516442751307
8862.0,1267626.52075084,258539.100476786,4.0,92500.78967205404,11.434972460459255
8863.0,1267630.47479884,258869.395773128,4.0,257005.81366082435,12.456853984869843
8870.0,1273084.82155642,277965.821840674,3.0,92183.31501258138,11.431534428012132
8871.0,1282234.79238179,260457.455614746,3.0,630732.3786388051,13.354636928956978
8872.0,1282158.64460571,244067.554989964,3.0,18338.14509871513,9.816738601039832
8873.0,1276435.48805586,249622.594035655,3.0,53829.56409325258,10.893578113681839
8874.0,1279760.92434725,198373.45478317104,3.0,82003.27302925696,11.314514440440746
8875.0,1277816.84652127,229044.785822585,3.0,552794.640025406,13.22274185534193
8876.0,1277836.88255329,229698.507295251,4.0,188590.347360648,12.14733246738736
8877.0,1280619.17817214,204941.674565896,4.0,409708.67616928334,12.923201640194511
8881.0,1265516.70474868,251606.838133693,4.0,80702.52375178649,11.29852512702538
8884.0,1263465.34698658,247114.689969093,4.0,90809.3418185294,11.416517442761224
8885.0,1278304.73695377,266844.781061292,3.0,1015735.8806469364,13.831123913331936
8886.0,1282940.56031851,202259.94598715,3.0,29557.783082113787,10.294102375027574
8887.0,1282939.90188651,202198.432003096,3.0,2191.21029142102,7.692209314643306
8888.0,1290010.05702975,188594.53861317,4.0,37225.55917876795,10.524750879031542
8889.0,1280895.71730842,204935.852421895,4.0,233974.44076249457,12.362967160863372
8890.0,1280892.55724442,204746.175621703,3.0,25101.04874209732,10.130664906800687
8893.0,1276842.58994427,281840.904596642,3.0,153566.44229099207,11.941888601158622
8894.0,1277732.50808918,281797.49922061,4.0,355998.0795783664,12.782680615376826
8896.0,1275720.45861512,277868.688464582,3.0,634149.2896219093,13.360039678289807
8897.0,1285007.02668864,254163.050168306,3.0,13.766666666666664,2.6222502112988773
8898.0,1263780.9309869,211961.090317085,1.0,0.0,
8900.0,1265476.29770863,249761.107251793,3.0,29923.5332008388,10.306400513379872
8901.0,1265482.46698864,250008.48075605897,3.0,14037.656803844568,9.549498769338332
8902.0,1279651.27129115,228292.743005812,4.0,296834.9730022175,12.600931616898956
8905.0,1281506.73842904,253877.384760007,4.0,154257.37795853062,11.946377771797378
8906.0,1287936.82989164,187226.78443576404,3.0,165965.4213966755,12.019534740800909
8907.0,1283904.9189755,261838.300608173,4.0,195410.93664358897,12.1828599875649
8910.0,1276221.94219963,263938.956802323,4.0,629475.0448824709,13.35264148892057
8911.0,1273561.7109649,242294.385644153,3.0,265.54071810542405,5.581768192785196
8915.0,1272351.49918768,242207.376940057,1.0,0.0,
8916.0,1271040.74392232,254160.209016308,4.0,456144.7768584716,13.030565531216935
8917.0,1271039.05169833,254797.815032959,4.0,1080064.243316369,13.89253108188346
8919.0,1270606.63620989,230480.317408055,4.0,45430.567129043055,10.72394044225561
8920.0,1292287.13812009,184475.27652894,4.0,765531.3260600242,13.548325415594014
8924.0,1278140.7195456,279514.312786266,3.0,279530.5176748011,12.540866752288778
8929.0,1286331.74547398,246824.922800794,3.0,42406.0,10.655045140642496
8930.0,1286560.29165022,246820.313904792,1.0,0.0,
8932.0,1274623.242998,263984.366850361,4.0,70476.10212988222,11.163028954453607
8933.0,1285084.07539271,248425.62923443303,3.0,42020.35711224622,10.645909472988443
8941.0,1280100.02239561,209950.123531029,4.0,376804.40414378577,12.839481509895723
8942.0,1280160.24140367,209570.251274645,3.0,3777.278045376545,8.23675893540582
8945.0,1273165.9358605,242106.007083952,3.0,143479.89050842394,11.873950168532073
8946.0,1281512.36242905,193573.937466264,4.0,57836.97125190271,10.965383491213712
8947.0,1281787.29823734,193567.95519425,4.0,102194.04886449232,11.534628724767567
8949.0,1280418.56997994,213707.354510874,4.0,197992.65043380013,12.195985189966533
8951.0,1279638.81893913,280618.342739403,1.0,0.0,
8954.0,1257437.2534124,257767.920315996,3.0,64851.446901884425,11.079854501012798
8955.0,1257178.31133214,257773.123004004,3.0,125658.91748625856,11.741326511295119
8956.0,1264006.87415513,243669.392045557,4.0,184147.67534300857,12.123493298079214
8957.0,1263745.58167486,243674.249645561,3.0,64506.18456238922,11.074516382875427
8959.0,1283966.95820756,203026.782723948,4.0,158641.05838861686,11.974399434809198
8960.0,1278458.75532192,207519.124104545,3.0,42390.0,10.654667764346684
8961.0,1278659.45177013,207506.176328525,1.0,0.0,
8965.0,1280070.58085957,270703.318281248,1.0,0.0,
8966.0,1280364.48645988,270694.35636124,3.0,79920.85895226878,11.28879216091569
8970.0,1273590.55806895,230843.930528432,4.0,248809.36023505707,12.424442260663032
8971.0,1273841.4404372,230837.833376423,4.0,220818.3213438689,12.305095567043523
8974.0,1282826.5356144,249214.984627232,4.0,576927.9085171566,13.265472595773005
8975.0,1277687.87269713,218525.336339816,1.0,0.0,
8976.0,1273524.16709287,232197.812961817,4.0,36151.19449836391,10.495465269872652
8977.0,1286394.21024205,244081.218989983,3.0,91438.1779565912,11.423418372161144
8978.0,1286642.3665943,244055.59863795305,3.0,40306.10063343016,10.604258116960043
8979.0,1270937.68177822,249620.36241965,4.0,325575.25094221253,12.693348899601828
8980.0,1263642.99626675,256722.248506933,4.0,66659.81690243357,11.107357605119788
8982.0,1278183.45304964,252615.834806725,4.0,603597.5749774247,13.31066298826906
8984.0,1281416.33407696,197054.642749831,1.0,0.0,
8985.0,1258511.9986295,258951.53964521,1.0,0.0,
8987.0,1278479.29106595,236143.731237859,3.0,21603.04615928246,9.980589609621747
8988.0,1269845.1551211,208001.272777036,1.0,0.0,
8990.0,1257689.28176466,257444.911099672,3.0,164900.85258582,12.013099678854639
8991.0,1257170.86877212,257455.20076367297,3.0,84777.99999999997,11.347791354158918
8993.0,1279941.33439544,221560.503510922,3.0,10727.714328348,9.28058579600406
8994.0,1280091.7534036,221554.591766909,4.0,152223.89158053484,11.933107686995411
8995.0,1256893.81155585,249408.039027438,3.0,63335.747351709535,11.056205177827739
8997.0,1273887.03582925,260357.528638646,1.0,0.0,
8998.0,1262786.70468187,248747.01803475604,3.0,34867.200853927934,10.459301862685841
9000.0,1267340.31761454,244264.046382174,3.0,51904.19208563599,10.857154838254997
9009.0,1272911.80152425,257069.739579275,3.0,43870.40719287762,10.688995275924286
9010.0,1288060.66425976,192056.788280711,3.0,129857.81922883925,11.77419543267366
9011.0,1274224.01381359,228811.22723034,3.0,74115.58274502344,11.213381082630717
9012.0,1286354.91475402,200201.185345054,3.0,116613.80939820838,11.666622979832681
9016.0,1274285.56286965,265316.820227727,4.0,294662.99672662624,12.593587598326463
9017.0,1274284.95262966,265978.195524409,4.0,415950.6139752753,12.938321815790461
9018.0,1279429.00473092,247051.148721024,3.0,479670.04995582113,13.080853750593798
9019.0,1279428.38629892,247101.619121075,3.0,927384.4096293708,13.740123439960767
9020.0,1269527.55044878,224457.810393885,4.0,195690.4052742053,12.184289124457207
9024.0,1281698.56908524,212673.685005814,4.0,92509.86849386607,11.435070604230098
9025.0,1274133.93720549,213641.045262814,3.0,209287.85535751304,12.251465881702856
9026.0,1286914.36179459,200059.168896899,3.0,175806.30063632634,12.077138103388062
9027.0,1277221.74565665,249288.94347532105,3.0,28238.725567108668,10.24844956194539
9028.0,1277793.71928924,260570.875646874,3.0,112372.49760362996,11.629574503260173
9029.0,1280938.99481246,213781.985614955,4.0,367845.6686174428,12.815418750430254
9030.0,1281120.84089266,213819.490126997,3.0,35314.86002109886,10.472059118111504
9031.0,1278404.43916187,233723.126819372,4.0,107691.09744815165,11.587022199079355
9032.0,1278284.78124174,235753.935141459,3.0,59757.107888216,10.998043423190756
9033.0,1266428.7032776,244054.75281395,4.0,259849.24976412047,12.467856933244121
9034.0,1259752.66711077,254369.01042451,4.0,244698.93387672323,12.407783892562765
9035.0,1282559.24518213,225064.644186512,3.0,68260.24881857664,11.131082867613395
9036.0,1282581.73299015,225557.576923013,1.0,0.0,
9037.0,1280448.47967596,251247.617397323,3.0,66716.70283273603,11.10821061783694
9038.0,1280448.98789996,251576.566837654,1.0,0.0,
9046.0,1273310.98872465,230435.265312016,4.0,518976.82313593646,13.159614504380047
9052.0,1263020.24682611,252449.455542549,3.0,61414.62873403516,11.025403338754812
9053.0,1262899.58532199,252451.389238551,3.0,456133.7900417564,13.03054144467777
9059.0,1278020.29490547,223899.25736931,4.0,329395.396729479,12.705014121914852
9060.0,1278351.88447382,223891.884057313,3.0,143020.75303330785,11.870745024819318
9063.0,1274047.9724694,206487.991367489,3.0,110880.5658781023,11.616208917928946
9064.0,1284904.00032052,201204.061954081,4.0,545950.3407889523,13.21028329965477
9068.0,1267150.30718234,249087.175859109,4.0,25257.44455185617,10.136876224985459
9069.0,1267153.55684635,249220.985587239,4.0,6491.528717646959,8.778253331675135
9070.0,1278181.86220165,251952.525110036,4.0,104210.89232390518,11.5541719356972
9071.0,1265651.67959681,259577.545277849,4.0,145697.0443071435,11.889284705822028
9072.0,1265824.53521299,259573.39340584,3.0,52983.24481155512,10.87773100692182
9073.0,1280266.85311578,259881.122430161,3.0,92890.37770206336,11.4391753424952
9074.0,1280753.28518027,259869.073918149,4.0,71476.52617838267,11.177124369580705
9075.0,1284696.37702431,249841.593587875,3.0,21729.593062740947,9.986430346095876
9076.0,1263386.90820248,245029.137006953,3.0,26926.94047316607,10.200882568997473
9077.0,1263246.51409034,245032.213166952,4.0,69181.66749236237,11.14449118587749
9078.0,1271761.52363507,210462.870539561,3.0,84301.62346628153,11.342156402004765
9079.0,1271760.24869107,210346.332683444,4.0,495930.9291431293,13.114191940250262
9085.0,1273270.47109261,220277.511701614,1.0,0.0,
9086.0,1269114.06763236,280723.415059507,4.0,182710.82108264609,12.11565996930753
9089.0,1273076.89899641,273981.546316594,3.0,278110.90948800434,12.535775268104212
9090.0,1280075.86527558,275058.067469701,4.0,139604.96913856443,11.846572064225358
9093.0,1276705.23359212,204518.475589469,4.0,69668.21701841104,11.151499495884016
9094.0,1287413.34931509,205654.956614628,3.0,84777.99999999997,11.347791354158918
9095.0,1287530.78246722,205652.500230625,4.0,227073.29985058823,12.333028151171135
9097.0,1276732.34706415,254814.649912968,4.0,934362.6767965398,13.747619946761484
9099.0,1269376.37124862,240020.827817827,4.0,164977.8365771373,12.013566420085546
9100.0,1256193.84381112,249375.069939405,3.0,14823.158526314244,9.603946002074109
9101.0,1255531.05744244,249386.947571412,4.0,49061.81908204476,10.800836395845929
9102.0,1275730.62104712,208374.104713425,4.0,149251.10462554282,11.913385432403626
9103.0,1276606.25772002,208171.138889208,3.0,108902.93273131548,11.598212239057197
9104.0,1273198.27339654,225208.317402661,4.0,514233.7390936628,13.150433186390396
9106.0,1284812.06086443,250500.433204561,4.0,37253.35017601892,10.525497157374808
9107.0,1284812.44275244,251162.07032524,3.0,11767.259588455378,9.373076342937463
9108.0,1274854.89343023,227253.393692747,4.0,161185.9737757079,11.990314093952012
9109.0,1274857.22251824,227530.145757034,4.0,221546.07623525208,12.308385865955128
9110.0,1276453.68747987,216135.316561371,4.0,61500.80110367653,11.026805479785812
9111.0,1276436.76530385,215417.068304628,3.0,16389.39119272281,9.704389526003613
9113.0,1266400.04190157,286940.225113869,1.0,0.0,
9114.0,1266626.47748581,286918.375449851,3.0,163245.0844677131,12.003007936227236
9118.0,1277764.65471321,217033.904658288,4.0,88924.56429618092,11.395543697127183
9122.0,1282854.76262243,209898.648586974,4.0,67900.88776162239,11.125804388006566
9123.0,1283102.47571068,209896.709258974,3.0,21893.76818890644,9.99395731772622
9125.0,1261397.96336846,260353.900670648,4.0,197238.6414436974,12.192169652480723
9127.0,1277881.58719334,216100.537105337,3.0,113333.14841448252,11.638086976285985
9128.0,1278047.7633855,215386.693008602,3.0,111447.91688094789,11.62131264757561
9129.0,1272957.20926829,263369.583937734,4.0,125438.73095567206,11.739572718789374
9130.0,1272957.7994763,263700.467138067,3.0,360761.2668407033,12.795971707862078
9131.0,1265230.65348437,284770.600535646,3.0,39800.880233806136,10.591644307455255
9133.0,1282570.32191813,260445.127870739,4.0,661777.6372894886,13.402684883160573
9134.0,1282892.22579047,260433.305022731,3.0,580565.5973232359,13.271758075154054
9137.0,1277690.43864913,224210.13634564,3.0,25174.31296139626,10.133579426703795
9139.0,1286051.8392337,255498.578681678,3.0,169508.0,12.040655402328987
9140.0,1275539.24575093,246048.917807996,4.0,199888.5724907433,12.205515352725097
9141.0,1268906.29086414,254741.39090490303,3.0,43910.80145230648,10.689915615548303
9142.0,1272052.55224337,244821.656174734,4.0,171799.83430784708,12.054085324083905
9143.0,1272194.93880351,235153.012452841,3.0,145860.0999802804,11.890403221991715
9144.0,1280794.92255631,268273.834630758,1.0,0.0,
9145.0,1280637.05906816,230051.05935961,3.0,902465.5617321808,13.712885809715603
9146.0,1280500.56754802,200644.993537501,3.0,272631.1344582266,12.515875004702318
9149.0,1277268.1412407,245998.162031949,4.0,64071.94163461644,11.067761819068787
9151.0,1273738.79563709,275121.813389763,3.0,131769.77275430603,11.788811532974602
9153.0,1272934.73490027,277306.59182401,4.0,346778.2005621236,12.75644066309542
9154.0,1270475.34148975,286240.964057148,3.0,73230.86790215514,11.201372303714438
9155.0,1275828.53682323,205371.669446349,4.0,807984.100340741,13.602297659513509
9156.0,1275808.51947922,204571.541445524,4.0,865213.9774481882,13.670732128094889
9157.0,1283103.63283068,209980.035211056,3.0,4676.316982608874,8.450266109560596
9158.0,1283411.20409499,209975.725835055,3.0,243995.0037304628,12.404903027551196
9161.0,1270619.6056819,231317.423968911,4.0,197160.7800005151,12.191774816991824
9163.0,1276786.34034421,214586.844559774,4.0,142357.61790812106,11.86609760661058
9165.0,1280712.46668424,224513.451993942,3.0,46497.19401844742,10.747147246065392
9166.0,1280720.02380425,224753.301274195,3.0,16761.96557212378,9.726867644732614
9167.0,1264628.21866776,256960.839547172,4.0,85911.09736607279,11.361068288988688
9169.0,1269339.66008058,282048.255572855,3.0,164175.0799376267,12.008688697964045
9172.0,1255523.36912245,248906.311666921,4.0,178984.3691165094,12.095053757638528
9173.0,1286660.81965032,249378.913139403,3.0,155984.9271093589,11.957514660469702
9174.0,1273255.3284366,230097.914271668,4.0,390438.5984585291,12.875025997636236
9175.0,1274870.73919025,243131.238573015,4.0,28527.30769954832,10.258617072406203
9176.0,1275150.47749454,243120.850476995,4.0,35132.5027188226,10.466881984362574
9178.0,1278070.21509753,216356.43976159405,3.0,75504.45439353783,11.231946932086673
9179.0,1275795.93752719,204097.409541041,4.0,992959.6224818282,13.808445280047337
9180.0,1275247.55602264,249428.687923461,4.0,663814.5728597422,13.405758131717516
9183.0,1269387.63896063,240439.98250626,4.0,131072.99087502915,11.783509629267025
9185.0,1282724.80255829,212167.994445309,3.0,15567.119530283104,9.65291624644686
9186.0,1282770.75391833,211615.844620734,3.0,4290.723659114192,8.364210682804533
9187.0,1276306.81311172,264116.598850504,4.0,172676.12807617063,12.059173026880213
9189.0,1283540.79603113,196150.037948906,4.0,215531.61162473555,12.280862867442009
9190.0,1264008.66877913,252045.742070138,4.0,93372.11926221986,11.444348070684454
9194.0,1282329.17049389,227798.427421302,4.0,124117.62190932932,11.728984958769756
9195.0,1267148.63063835,283407.314198256,4.0,271584.37237305363,12.512028133884042
9196.0,1267752.29150297,283397.940566242,3.0,4497.499832830102,8.411276928655171
9197.0,1280778.0958683,226515.265627995,4.0,345266.2770563932,12.75207121587026
9198.0,1276385.6682798,275314.262157962,3.0,52839.58678753266,10.87501593853628
9199.0,1277923.76133738,275138.748045787,1.0,0.0,
9205.0,1271128.86808242,222773.459736168,4.0,282576.3124995049,12.551703925830964
9206.0,1271450.89041875,222766.58741615704,5.0,765010.701914398,13.547645102141407
9207.0,1276268.02808768,230408.292575985,4.0,130831.5436967756,11.781665848692176
9208.0,1280032.28895554,264461.980738848,4.0,833652.0226655338,13.633571355262317
9209.0,1279417.4207309,265152.446531564,3.0,32622.80937765676,10.392766996858198
9210.0,1279321.8851788,265294.407171711,3.0,79185.05440311001,11.279542852963665
9212.0,1280854.26988438,255700.758393884,4.0,312431.8718560596,12.652141714330336
9213.0,1278226.01989768,257245.734011456,4.0,307663.9662156253,12.636763447581043
9214.0,1278877.56716235,257226.281275436,4.0,417122.7650434939,12.941135858037509
9216.0,1294382.36391424,187367.0273159,4.0,119000.07030223582,11.686879362868583
9217.0,1295020.55393088,186946.864755481,4.0,318807.8273179229,12.67234377803695
9221.0,1284294.8223999,200560.959233418,3.0,1091465.0700675198,13.903031452689588
9223.0,1287014.52857868,195435.579068169,4.0,146452.57894814512,11.894456961852589
9224.0,1284804.03264043,195890.98137264,3.0,35878.23621419008,10.487886157054467
9226.0,1284222.92723183,260776.72659108,1.0,0.0,
9227.0,1282637.42809421,262544.350016892,1.0,0.0,
9231.0,1274222.49541359,226613.659420103,4.0,805029.477957724,13.59863417431128
9233.0,1268566.07070379,243669.782125562,4.0,109300.48612850062,11.601856121807993
9236.0,1278881.75839436,257557.898363784,4.0,148869.43844207033,11.910824948727697
9237.0,1282587.72742215,259111.522557378,3.0,66858.57048566657,11.110334779034579
9238.0,1270277.62801754,229644.437151194,4.0,309632.42892013374,12.643141159786454
9240.0,1272736.15947607,204599.775301561,3.0,134383.05981293597,11.80844965606858
9241.0,1279651.04626715,266474.663684919,4.0,388287.8662671444,12.869502266885252
9243.0,1269371.48772863,224721.158298165,4.0,644370.3669615148,13.376028943755083
9246.0,1286970.30029064,204662.781445622,1.0,0.0,
9247.0,1282700.38956627,268354.237702832,3.0,43028.73102742857,10.66962333498247
9249.0,1263853.98333897,248990.668147013,4.0,344813.37159973255,12.750758597761406
9252.0,1272419.05413175,226525.348251998,4.0,839699.4483564869,13.640799307218344
9258.0,1257293.91875625,251068.219765142,4.0,46238.90058600779,10.741576726809443
9259.0,1272768.9596041,210453.826571554,4.0,10815.173922374628,9.28870541984589
9260.0,1284114.70041572,196424.210301176,1.0,0.0,
9262.0,1268989.84350424,244630.728686541,3.0,77005.80675980588,11.251636110457456
9263.0,1277952.70450541,263220.932033584,3.0,15466.423214125234,9.646426708956314
9264.0,1263238.62929034,244505.042286411,4.0,243810.7040507256,12.404147400113605
9265.0,1282369.49126193,269036.353479534,4.0,112258.233521784,11.628557152774523
9266.0,1281616.77228516,227799.519901305,4.0,32434.06404918113,10.386964509031674
9267.0,1270284.28708956,230072.786719635,4.0,164486.5308829316,12.01058396670417
9270.0,1276324.80357574,206985.243335992,1.0,0.0,
9272.0,1269795.79857706,215874.255057096,3.0,207473.11990513952,12.242757067635686
9284.0,1280202.74201171,216303.839185536,4.0,149506.31989780552,11.915093944483292
9285.0,1281584.44953312,230471.329568043,3.0,375288.0446060026,12.835449129049506
9287.0,1259166.15773417,251041.820533112,3.0,63592.63527767629,11.06025294510235
9288.0,1264623.67735575,244549.994606465,4.0,645812.3915798301,13.37826432507489
9289.0,1278400.82501787,216657.333521903,3.0,77948.94689796279,11.263809364426256
9290.0,1275594.05176699,248435.333298445,4.0,485551.5879938303,13.093040818522415
9291.0,1275597.64459899,248691.508018702,3.0,59993.52732187666,11.00199195741627
9294.0,1286411.56256206,249799.971635833,3.0,69370.8256064543,11.147221677799866
9295.0,1276962.7336884,249620.314227656,3.0,35367.566236359016,10.473550471134304
9296.0,1276969.20223241,249987.935220033,4.0,65429.59568021558,11.08872996841959
9299.0,1283285.41068687,274967.393741608,3.0,42528.15871419431,10.657921693498913
9302.0,1277081.82501651,215401.182864621,4.0,186143.9574195547,12.134275617960434
9304.0,1275432.11371882,223347.596056744,4.0,224518.7568850643,12.321714532273768
9306.0,1277073.32140051,236767.522342488,4.0,649010.9061088128,13.383204800027025
9307.0,1277245.38437669,236763.298278496,3.0,79894.54119887383,11.288462809005825
9309.0,1272615.40216394,235144.864484832,4.0,72449.68123223378,11.190647547908007
9315.0,1260247.49712728,261048.14470335803,3.0,151078.55332941742,11.92555520125379
9316.0,1287782.40070747,192385.113721043,3.0,5366.317549536105,8.587897207306943
9317.0,1287765.60185945,191782.385272428,3.0,41045.26503921924,10.622430762045456
9321.0,1270564.92830583,239988.139561787,4.0,120554.60500397476,11.699858082829737
9322.0,1270576.45777786,240407.906090215,4.0,66710.74981546198,11.108121385566372
9323.0,1286612.02937828,249795.216115832,3.0,257390.85610114707,12.4583510494306
9325.0,1286872.36089854,202474.412099376,3.0,113353.23401804543,11.638264186786236
9327.0,1262968.08260207,243832.001325727,4.0,126181.61648993664,11.745477548826546
9328.0,1275329.41023073,247704.340977699,4.0,174827.80813076984,12.071556814967133
9329.0,1275583.48152699,247700.719601691,4.0,216267.4654469648,12.284271186605473
9330.0,1278784.94527426,201030.925825894,3.0,9120.38471242952,9.118267265559114
9331.0,1279987.0190035,263886.683330268,3.0,101440.04537222542,11.527223216952354
9332.0,1280323.99634783,263750.467714131,3.0,73821.43999010003,11.209404483168322
9333.0,1287808.9944995,248192.946994185,3.0,85711.50909013505,11.35874239066985
9337.0,1282285.47404584,245910.783535853,4.0,53957.98143862928,10.895960901145871
9338.0,1278988.58533847,218037.977107316,4.0,323818.99273768684,12.687939974273515
9340.0,1274244.83890161,257030.115003243,4.0,155254.0082248174,11.952817817335669
9341.0,1274250.54392561,257362.467387587,4.0,757221.6476213685,13.537411286949016
9343.0,1286465.61203413,206933.636103943,4.0,264721.77839176526,12.486434660583525
9349.0,1267263.26526245,241123.42538695,3.0,204792.3525741285,12.22975183050366
9350.0,1260381.44765541,251682.413109764,3.0,30778.26122206452,10.334563915285997
9351.0,1282324.42873389,242984.739244863,3.0,162043.190105438,11.99561818427069
9352.0,1282945.62527852,243380.107501268,3.0,70151.58595807721,11.158413693373083
9355.0,1275386.98130278,218718.879636005,4.0,43843.37269244317,10.688378850515969
9360.0,1279652.22930714,219434.323092744,4.0,703092.6593564565,13.463243967735163
9361.0,1274818.5421342,207853.482376888,3.0,44248.147935193054,10.697568794988241
9362.0,1284613.80435222,245213.485743135,4.0,52504.29347643432,10.868650225739383
9364.0,1282832.2357744,252022.111222118,3.0,334507.92114029825,12.720415838809048
9365.0,1282580.39571014,208313.274761349,3.0,17962.174604066407,9.796023414931138
9366.0,1262723.96957782,245841.258799791,4.0,288579.3010150602,12.572725200695219
9367.0,1281573.95711711,257147.36639536903,3.0,97669.0094255531,11.489339586335756
9368.0,1286326.23929799,243325.925549209,3.0,197311.5165915061,12.192539061272754
9370.0,1270150.94814542,223404.780376807,3.0,333984.1654328797,12.718848861951408
9375.0,1279017.9093705,238042.4088718,4.0,97982.51721411884,11.492544345963992
9376.0,1256254.48841919,252810.000438914,3.0,46481.500328580245,10.746809670019042
9378.0,1270935.52926622,231312.499424905,4.0,151152.83001802745,11.92604672327432
9379.0,1270938.20510623,231486.601121083,1.0,0.0,
9380.0,1275064.15973444,273630.79143624,3.0,84777.99999999997,11.347791354158918
9381.0,1275285.27743067,273506.635532111,1.0,0.0,
9383.0,1274916.66040629,257011.081275225,4.0,114354.29729482542,11.647056778935674
9384.0,1275588.56882298,256991.803707197,4.0,101595.9556980385,11.528759007212566
9385.0,1257569.19837253,251069.493365139,4.0,221005.15075017384,12.30594128679017
9386.0,1264881.18833202,243636.492525533,3.0,11299.162099098006,9.332483851428846
9387.0,1275240.20927063,210421.271243513,3.0,141121.63893017138,11.857377484907387
9388.0,1257875.26301284,253066.121975183,4.0,157637.99122350826,11.968056488418236
9389.0,1282808.76863837,253186.447159305,4.0,326832.5918791389,12.697203367347566
9390.0,1272886.29010022,254753.679288909,4.0,110713.81836445526,11.614703938046986
9392.0,1280591.98303612,228693.767134219,4.0,803413.665628611,13.596625010507005
9396.0,1265337.16183649,284242.843415111,3.0,64563.025594235965,11.075397166688273
9399.0,1276385.1299118,272984.016523585,3.0,167735.281286027,12.030142309023287
9400.0,1273101.83659644,281970.991636783,4.0,192020.51032994373,12.165357469939698
9401.0,1282294.57145385,255144.410745308,3.0,112618.77524077371,11.631763723600955
9402.0,1268273.74353549,257135.877563357,4.0,183940.94894091343,12.122370055413226
9406.0,1284951.61145657,209524.094218597,4.0,61204.65894607423,11.021978592172777
9407.0,1263274.80541837,246330.530736282,3.0,238153.8170427277,12.380672033993601
9408.0,1277752.88696921,249096.67909111097,3.0,143914.66439656666,11.876975794539227
9409.0,1259452.91799046,252356.871734455,4.0,143984.54191205505,11.877461224962996
9410.0,1259201.0832382,253045.045559168,4.0,98060.56471486764,11.493340574059411
9411.0,1280924.06796445,257828.750844061,4.0,780989.8843406279,13.568317476549247
9412.0,1280927.77465245,258161.943420395,3.0,94828.72402632024,11.459827638407308
9416.0,1270756.68312204,286006.702360913,3.0,59267.64159451624,10.989818763109763
9417.0,1270757.58341004,286333.318233252,1.0,0.0,
9418.0,1281348.16492489,227805.370653316,4.0,97719.53692950842,11.48985678661207
9419.0,1282499.85817407,228240.780189767,4.0,85988.25669468407,11.361966015850022
9420.0,1282839.58483042,228232.731677756,4.0,120049.3123396218,11.695657873516558
9421.0,1282014.43654157,213900.997839078,4.0,49273.91266985106,10.805150065209233
9422.0,1280269.73561178,230060.806431621,3.0,38467.476076867904,10.5575683860263
9423.0,1280351.15871586,230058.645983621,3.0,98643.29393787084,11.499265530811401
9424.0,1278928.9928904,261231.32710354,3.0,113186.95269158349,11.636796179200129
9425.0,1279953.86751546,216872.200210124,3.0,3417.2435107689344,8.136589514068032
9426.0,1280213.27839573,216861.903698117,4.0,229329.1942142572,12.342913779600151
9428.0,1276368.07679178,221912.428375289,4.0,538869.9955415414,13.197229625143017
9432.0,1262460.94416954,250344.915764391,3.0,140469.23714306895,11.85274379106392
9433.0,1262467.87325755,250988.633973062,4.0,289007.58239840314,12.574208203423069
9434.0,1283639.86143923,203864.138628796,3.0,249342.6218931522,12.426583221176768
9435.0,1283633.27123122,203587.284228519,4.0,53754.728444168846,10.892186913174987
9436.0,1281797.48780534,195686.475196421,1.0,0.0,
9437.0,1275777.99787918,203416.850180343,3.0,261469.49302277705,12.474072894200859
9438.0,1287695.30611539,191783.09196043,3.0,42315.80285544173,10.652915885230176
9440.0,1264941.29054008,255632.844857812,4.0,680031.0291494927,13.429893707213418
9444.0,1286746.83456241,195426.664060161,4.0,235326.834050968,12.368730610078742
9445.0,1271147.01995444,233005.681442648,4.0,85218.269619858,11.352971121988075
9446.0,1271099.7729784,233186.291938826,1.0,0.0,
9448.0,1281180.46022071,245130.593199059,3.0,19980.406373067435,9.902507390988074
9449.0,1281190.72230072,245929.39441587,3.0,6536.192047616941,8.785110019158493
9450.0,1271892.02865919,205976.236486956,3.0,9045.748807943912,9.110050181350662
9451.0,1286953.69600262,247574.035505563,1.0,0.0,
9452.0,1286952.04441862,247663.60254564896,3.0,84777.99999999999,11.347791354158918
9453.0,1285457.35846509,205709.835078686,4.0,225339.07690576723,12.325361555258924
9456.0,1280015.23679551,229641.119583189,4.0,1006072.5661203522,13.821564760360769
9458.0,1277186.06264862,205926.23424691,3.0,20945.11284696182,9.94966062114231
9459.0,1277305.43941675,205982.690822974,3.0,15225.246368825849,9.630710274307656
9460.0,1270009.60920127,227435.384796932,4.0,628034.5468766708,13.350350454887401
9463.0,1270317.35070559,232137.681185752,3.0,56146.8529687309,10.935725911734478
9464.0,1270318.39467359,232189.285729811,1.0,0.0,
9465.0,1265740.12490889,250951.57662901297,3.0,134415.84705020627,11.808693609720144
9466.0,1265741.7991489,251283.965045363,4.0,79445.30559777602,11.282824083973463
9467.0,1276839.98661627,252641.304886743,3.0,327253.3019981632,12.698489773860777
9468.0,1264032.95121115,260350.969598636,3.0,313176.48553420923,12.654522162164731
9471.0,1275891.1433513,251669.139829755,1.0,0.0,
9472.0,1266042.07838121,245753.62903969,4.0,362091.80229817535,12.799653056166267
9474.0,1267818.39671902,284723.801751599,4.0,104842.0573826967,11.56021028126899
9477.0,1293139.03866495,184314.69976078,3.0,132860.50090862217,11.797054991410997
9479.0,1277000.10700043,219808.325909123,4.0,69024.79705717042,11.14222109665887
9481.0,1274170.42238954,249754.298163787,3.0,94151.1740813017,11.4526570043347
9483.0,1259993.28963901,253038.030135155,4.0,195274.97960026815,12.182163996011807
9484.0,1277581.39519303,212860.120654017,3.0,41912.12215263414,10.643330375586437
9485.0,1281706.44633324,269052.497095555,4.0,80212.79536062924,11.292438324278942
9486.0,1282037.97062159,269044.425287545,4.0,129369.74993420843,11.770429861959693
9490.0,1278596.70585006,247104.823473081,3.0,21974.427406505587,9.997634665627123
9496.0,1273781.94085313,227124.061596617,3.0,50244.46812934888,10.824655732883175
9498.0,1272000.73477131,205865.528006852,3.0,11194.632292294596,9.323189682785035
9499.0,1279943.64837945,216620.027537867,4.0,28844.557944662043,10.2696766213755
9500.0,1281722.71762927,273967.696908593,4.0,620127.4360157618,13.337680277861326
9501.0,1281727.12345327,274332.311372966,3.0,182814.5875454415,12.116227735395103
9504.0,1265081.13841222,283601.00117445,3.0,111457.41319695444,11.621397852501028
9505.0,1265029.38129218,284116.523094982,3.0,82905.6161818444,11.325458085292443
9506.0,1287515.1479712,192699.288313374,3.0,16885.45222341921,9.73420771501472
9507.0,1287502.72576319,192588.499449253,4.0,42997.66217731343,10.668901025228253
9508.0,1273481.40869282,240179.113257989,5.0,131297.5649171497,11.78522151417184
9510.0,1259958.02922298,251027.921973094,4.0,64006.27446771047,11.066736396094319
9511.0,1285759.2561294,242672.67390054505,5.0,169628.43177226314,12.041365628456543
9514.0,1285166.19040079,248326.813170329,3.0,46384.69187511542,10.744724767295349
9515.0,1287445.67302713,246305.402864262,3.0,42398.47619047618,10.654867701670367
9516.0,1281976.00812553,226476.887387961,3.0,51981.52030254275,10.8586435556043
9517.0,1262037.40106511,259384.744509652,1.0,0.0,
9518.0,1287588.54675527,204301.660421252,5.0,876715.1239287399,13.683937388401691
9519.0,1271768.54693107,224362.36540179,3.0,860928.4170788996,13.665766640672421
9520.0,1293861.2284897,186557.580083072,4.0,48910.2668811255,10.79774261009438
9521.0,1289517.99008524,186792.796147317,3.0,205062.44887244568,12.231069840376737
9522.0,1286749.68365042,246634.794288591,3.0,87554.42357707252,11.380015862731963
9523.0,1275835.61720724,246600.43211256,4.0,76041.7525020262,11.239037843443915
9524.0,1276480.8911919,255638.542969823,3.0,35063.17808907523,10.464906801516912
9529.0,1267594.18027081,255566.038521737,4.0,160967.29475726697,11.98895648517763
9530.0,1274020.33176538,266377.502468809,1.0,0.0,
9531.0,1274294.20920566,266369.28531681,3.0,60265.88113171678,11.006521403868296
9538.0,1275388.92747878,261045.17420736,3.0,52203.21689470115,10.862899398307176
9539.0,1263615.31588273,255111.436729282,4.0,335056.6702305209,12.722054961367668
9540.0,1263620.82506673,255375.379129544,4.0,299320.8008060267,12.609271189608418
9549.0,1278005.84972146,213230.911566392,3.0,271134.24016967707,12.510369328395562
9550.0,1274565.49867794,218168.302291453,4.0,257784.1376754463,12.459877838018741
9551.0,1271494.6518268,228953.39164649,3.0,127732.07814958954,11.75769020976738
9552.0,1271293.65880258,229138.247582674,1.0,0.0,
9555.0,1279090.07167457,277746.922320455,1.0,0.0,
9561.0,1272145.12849946,250712.935028777,4.0,221310.3980941259,12.307321511352512
9562.0,1272421.97477174,250726.889396787,4.0,333924.4604459914,12.718670080050009
9566.0,1273054.24088439,243461.137197345,3.0,52493.729298652455,10.86844899951553
9569.0,1279654.62009116,224541.03234598003,3.0,194897.89347666828,12.180231077210811
9570.0,1279669.21618716,225206.404698655,3.0,54235.8607577225,10.901097606238439
9571.0,1279808.3812433,210297.099851385,1.0,0.0,
9572.0,1279791.30713129,209966.617931053,3.0,456121.4178953864,13.030514320368116
9573.0,1281683.96607722,245450.48983939,3.0,308511.9412941689,12.639515829177062
9574.0,1281704.61894125,245920.004335865,4.0,256264.30090799968,12.453964616298984
9579.0,1280352.97561187,268431.357958913,4.0,295744.55613484135,12.597251374688438
9580.0,1281748.24121329,217744.64072302,4.0,293126.19285728293,12.588358487623553
9581.0,1281890.02278143,217738.227027014,4.0,91292.41806442576,11.421823018933448
9582.0,1274605.91525398,230399.971103966,4.0,226785.2809841225,12.331758950070654
9584.0,1258173.85789315,255071.115641236,4.0,624773.435288956,13.345144359460578
9585.0,1264758.51569189,252033.245750129,4.0,112724.6811532637,11.632703674749145
9586.0,1275114.6032545,230081.678431645,3.0,35823.44504830093,10.486357847659507
9587.0,1275200.83864659,230080.95107165,3.0,93122.0150249225,11.441665901744487
9589.0,1281777.72703733,249239.947507262,4.0,89551.20671093668,11.402565882673741
9590.0,1282051.56441361,249233.396979257,4.0,143035.21799253995,11.870846158588297
9591.0,1269254.34136049,241459.658923298,3.0,18812.37068905909,9.84226994779633
9592.0,1269414.66417666,241455.340075299,4.0,111743.79548221592,11.623963989522506
9594.0,1258276.40362126,258819.714109078,4.0,743474.2727174143,13.519089441348095
9595.0,1258282.54403727,259090.054461345,4.0,67074.16560105367,11.11355423542597
9600.0,1288523.61645223,202029.762754917,3.0,84778.0,11.347791354158918
9601.0,1288522.10528423,201957.990914851,1.0,0.0,
9603.0,1275519.66968691,245389.373871326,4.0,173270.92175050869,12.062611670225888
9604.0,1275799.5569192,245381.12254332,4.0,151620.5681096802,11.929136416534288
9605.0,1281242.53420478,253882.298104018,3.0,94315.4556005739,11.454400353395034
9606.0,1275867.85074328,212544.884109691,4.0,548811.7028084497,13.215510679525872
9607.0,1276453.94635987,205351.528390318,4.0,654958.1519034052,13.392326622352513
9608.0,1276727.67020015,205336.226950303,4.0,310770.92893313203,12.646811356849657
9609.0,1279156.97669864,220667.01384601,4.0,202732.53101694435,12.219642808053298
9610.0,1257500.90813246,248330.546098337,4.0,235077.32657108823,12.367669788240141
9611.0,1271534.54968284,243128.723501012,4.0,46465.10013199445,10.746456774987385
9612.0,1271548.05560285,243585.718317479,4.0,49681.81430743787,10.813394235816489
9614.0,1282059.40626961,229209.272350758,3.0,28118.693485354022,10.244189882731193
9615.0,1276096.03762351,223334.252632737,4.0,572187.0013024787,13.25722114228747
9616.0,1278716.87948219,253928.529016063,4.0,39641.61001234558,10.587634603470423
9618.0,1284988.36960061,253615.916151747,4.0,21468.02360664149,9.974319832916084
9619.0,1295160.69370703,185836.809202343,3.0,204212.52708255427,12.226916529954229
9621.0,1281934.75724548,245446.422639385,4.0,38788.12811257593,10.565869502311008
9623.0,1282072.23135762,193561.755066246,4.0,150550.74348032865,11.92205547232564
9626.0,1287088.02873877,189199.858933777,3.0,178294.6797973937,12.091192964916956
9629.0,1281088.31570862,227811.029725328,4.0,286258.3381285321,12.56464996225965
9630.0,1278220.24434568,268499.084870979,3.0,17561.156431010586,9.7734447210008
9631.0,1278066.37228152,268964.94970347,3.0,55534.04133593692,10.924751469112023
9632.0,1274194.09784555,244762.54046267303,3.0,192665.37431481996,12.168710151255361
9633.0,1282321.17119788,201767.116290659,4.0,48586.245337477085,10.79109575208412
9634.0,1263397.98001051,285315.665048212,3.0,428777.8636780137,12.968694263520941
9635.0,1263183.28324229,285321.716568217,1.0,0.0,
9637.0,1274052.83173342,285745.790808648,3.0,82894.54400576848,11.325324524793105
9638.0,1274835.29112622,285713.150808617,1.0,0.0,
9639.0,1283539.09164713,258209.427580446,3.0,43661.0613106372,10.684211938343466
9645.0,1276279.8181037,251983.080502078,3.0,294481.9178292625,12.59297288062767
9646.0,1271864.80197117,226197.285915673,4.0,1043498.331872905,13.858089406909619
9647.0,1273875.23922123,253011.445559129,3.0,114084.03835265482,11.64469063432606
9648.0,1274195.38066156,252997.73394312,3.0,3970.7644663728006,8.286713915942979
9649.0,1283192.22649477,201548.141314432,3.0,36376.212903741965,10.501670348350649
9654.0,1281920.01023747,213215.718030378,4.0,633376.2791664355,13.35881996237978
9656.0,1270805.12069009,285342.753240228,3.0,3246.1162166163404,8.085214550457758
9657.0,1271128.65880242,285336.516376227,3.0,30854.734882210378,10.337045498341341
9658.0,1276478.36786389,260851.180863157,1.0,0.0,
9660.0,1275398.02719079,275671.367118329,4.0,95618.48088111111,11.468121395012597
9661.0,1275399.79787879,276552.739023238,3.0,500096.98073574726,13.12255732006773
9663.0,1275132.66687052,224402.952217832,3.0,107555.2884033901,11.585760305066632
9664.0,1274148.19339751,223677.907097086,4.0,51585.42196372259,10.850994391470442
9665.0,1254581.59638548,252033.962934121,4.0,22125.5814910886,10.004489751613862
9667.0,1280195.1160277,215899.927249119,3.0,28274.10117670957,10.249701511856932
9671.0,1281481.13087702,247250.048305228,4.0,670434.9268919862,13.415681925378824
9673.0,1269670.40248093,240012.747817814,4.0,170356.43898599054,12.045648220942365
9674.0,1279325.61253881,264533.876546919,1.0,0.0,
9678.0,1278610.99289007,283554.292950407,1.0,0.0,
9679.0,1278827.0003143,283548.735830396,3.0,180857.52411739423,12.105464840702783
9682.0,1258866.49725387,249364.816371396,4.0,227612.31862143372,12.335399103765416
9683.0,1280763.82156429,249258.173875287,4.0,212123.1103756909,12.264922094427037
9686.0,1276079.39231148,245372.77284731,4.0,107414.1788133279,11.584447471089263
9687.0,1276359.21291977,245364.39063929,4.0,36767.77490942215,10.512377058714549
9688.0,1278812.05714628,245803.349039748,4.0,197359.77146475887,12.192783593241273
9692.0,1280159.26405966,223444.20712885296,3.0,86154.26383574997,11.363894733891515
9693.0,1274128.22200549,244088.473901987,4.0,874650.5358636194,13.681579697978853
9694.0,1274143.45362151,244763.989934683,3.0,289503.525911156,12.575922755234167
9695.0,1279117.4534986,222615.217943996,4.0,99560.7205869161,11.508522994170443
9696.0,1272616.86545995,263378.976961747,1.0,0.0,
9697.0,1276191.2923436,227928.236829445,3.0,26464.389019465183,10.183555297664936
9698.0,1274204.68216556,254046.739704192,4.0,131940.8206868185,11.79010877290924
9699.0,1277510.01119295,249976.833204016,4.0,138628.39578461225,11.839552220544615
9700.0,1282891.93708646,259101.27750136,3.0,308018.72486868047,12.637915855135953
9709.0,1285549.03840119,243452.737325341,3.0,612379.3690259424,13.325107253475037
9710.0,1285789.54611343,243337.727021217,3.0,359189.82681900787,12.791606293235748
9713.0,1281855.15666941,191797.506296441,3.0,42800.20567797793,10.664298187118574
9714.0,1274359.55358973,230825.087712407,4.0,185756.2070353807,12.132190378093737
9715.0,1274618.49003799,230818.7071044,4.0,187129.8687031553,12.139558139837192
9716.0,1257299.64803626,251728.015349805,4.0,43185.32028382104,10.673255908239414
9719.0,1278970.12831445,202032.728578925,4.0,310377.8127493433,12.645545585191774
9721.0,1277110.06738454,214259.007631451,3.0,116322.026497409,11.664117714360852
9722.0,1277107.70655254,214140.901903316,3.0,47843.17106398013,10.775683671209968
9728.0,1282329.63014188,275700.490062356,4.0,110020.44096191177,11.60842145443734
9729.0,1269092.00305633,282309.830869123,1.0,0.0,
9736.0,1254258.58979315,252577.786294684,3.0,50625.99519604931,10.832220462409188
9737.0,1288622.91744433,253076.264631197,3.0,211918.0,12.263954686377824
9738.0,1260230.76554327,260601.744318902,4.0,339433.59186826024,12.735033601157644
9739.0,1259802.44189481,256967.040635183,3.0,53255.35541364214,10.882853649662941
9740.0,1259539.71440655,256971.236155182,3.0,27585.76958752086,10.22505532408557
9742.0,1283125.5163507,228168.125149682,3.0,83017.68045009252,11.326808881564729
9743.0,1268176.78967939,227837.858077347,4.0,122490.8500713558,11.715791612882182
9744.0,1268393.41687962,228076.074781597,4.0,178797.7362289233,12.094010480729338
9745.0,1263561.45572267,247647.99697764203,3.0,40648.18203564957,10.612709391605637
9756.0,1270793.46424207,232611.77078624105,3.0,80307.01000252382,11.293612193789937
9757.0,1270860.3892981398,232581.01853020492,4.0,427474.58584228536,12.965650117269691
9758.0,1277951.8104894,237810.492007568,4.0,236772.69948515776,12.374855886009334
9759.0,1279009.10399449,261858.95046418897,3.0,74782.98319052652,11.222345640628244
9762.0,1274545.36914192,217111.910738364,4.0,55944.95977561963,10.932123625242896
9763.0,1274506.43186188,225328.160026774,4.0,846724.520380372,13.649130679150062
9764.0,1269422.60740867,227575.070237085,4.0,81942.11003802413,11.313768301782542
9765.0,1272307.72856362,222517.907095894,1.0,0.0,
9768.0,1270713.972914,245397.159279332,3.0,20536.957218683176,9.929981333204221
9772.0,1284379.05875199,246936.0443369,3.0,8174.601501893343,9.008787248631563
9773.0,1284634.06188825,246933.772976905,4.0,403805.97455139767,12.908689780569638
9774.0,1269010.67512025,240450.780714259,3.0,15483.28506848782,9.647516338356173
9776.0,1278368.62130584,214415.613967597,4.0,1020551.781790115,13.835854001532295
9777.0,1278343.75128981,213224.256718382,3.0,1059611.9358086742,13.873413300764206
9778.0,1276208.92255162,236788.74109451505,5.0,326543.3642933989,12.69631803447941
9780.0,1271135.63941042,223079.43912847296,6.0,616540.2156887015,13.331878831719672
9783.0,1281516.46380505,205868.59623085,3.0,12947.640198934178,9.468668826502343
9786.0,1264064.82679519,285359.015064254,3.0,164372.83585280954,12.009892515913029
9787.0,1264065.38877919,285402.571352288,3.0,208717.9943501258,12.248739310479877
9789.0,1272651.05765198,227161.990364656,3.0,26227.82301448668,10.17457607340004
9790.0,1278176.19884163,231783.41481739297,3.0,11160.825036078642,9.3201651611668
9791.0,1278490.02034596,231773.393185377,4.0,41893.485761690805,10.642885622741982
9792.0,1276295.95845571,262615.626816958,4.0,132393.15600922235,11.793531229375734
9793.0,1278625.4026181,259551.809405819,1.0,0.0,
9794.0,1278827.69490631,259544.571581811,4.0,781552.5679061784,13.569037691976435
9795.0,1278056.75973751,228336.473245859,3.0,41874.786201296345,10.64243916347365
9797.0,1270389.22129767,253510.427511632,3.0,201599.97768637235,12.214040704496668
9798.0,1271050.96401834,253827.57515996703,3.0,321509.1451606069,12.680781267544853
9799.0,1278715.77285819,253267.425655395,4.0,73583.54757946785,11.206176741406106
9803.0,1271889.38821121,245281.451823205,4.0,44067.65246411685,10.693481288074063
9804.0,1271880.9837312,246156.18302410803,3.0,36936.73411879019,10.516961839416812
9805.0,1282002.40242955,273943.148108557,3.0,203749.17849291163,12.22464499915835
9806.0,1265439.75089259,286590.428889513,3.0,71067.5684540548,11.171386371841177
9807.0,1271784.21387509,284147.583063006,4.0,253724.210999129,12.444003172642773
9808.0,1271786.47441909,284464.42203933,4.0,35705.356422352226,10.483055996354679
9810.0,1275725.53605513,271507.338314071,3.0,638507.1291744414,13.366888119896613
9811.0,1279500.87596299,276926.694607615,3.0,68449.79047345472,11.13385576969591
9814.0,1260892.99319194,261032.246783346,1.0,0.0,
9815.0,1265303.93322845,242787.873132661,3.0,54983.1351761679,10.914781784032463
9816.0,1271977.87921929,207772.102984801,1.0,0.0,
9817.0,1272565.04862788,207762.253896788,3.0,156322.91323202266,11.959679103438821
9820.0,1279130.12933861,203362.37126828695,3.0,84778.0,11.347791354158918
9821.0,1274266.78206964,219306.081876606,4.0,912655.9833967042,13.724114290538802
9822.0,1273569.01771691,256717.087418929,4.0,89840.38340523811,11.405789857048344
9825.0,1269683.39627294,224194.549465612,4.0,172706.52977991497,12.059349073378966
9829.0,1269115.72708836,281384.315988183,4.0,166847.5415586941,12.024835749631016
9830.0,1269783.11224104,281375.748372167,4.0,882619.7687012597,13.69064977382333
9834.0,1274109.04850148,283899.559638754,1.0,0.0,
9838.0,1274922.94085431,212028.351629153,3.0,792985.4366624204,13.58356013558381
9843.0,1272783.62891611,280432.026195198,1.0,0.0,
9844.0,1272764.32645209,280643.99790743,4.0,216267.6601359754,12.284272086828363
9845.0,1288689.99174841,247641.246001631,4.0,11254.654876263896,9.328537088833711
9846.0,1289043.85325277,247638.980913624,4.0,13184.10184810505,9.486766977248742
9847.0,1285428.47660907,245855.174447805,3.0,24954.859840427023,10.124823865395332
9848.0,1271892.87576321,237773.023591518,3.0,12755.705134993854,9.453733912073645
9851.0,1276747.18559217,247683.181617677,4.0,85978.54209539066,11.361853033584003
9852.0,1277163.8937526,247754.35601773896,3.0,34007.89407071509,10.434347955199474
9856.0,1265788.68586895,241531.373355374,3.0,51646.04097312761,10.852168820557234
9857.0,1265806.76292497,242313.22839617697,3.0,24043.90897750436,10.087636978488286
9858.0,1279329.40908282,210844.047627941,1.0,0.0,
9859.0,1279687.50354718,210832.727051929,3.0,106455.2002571692,11.57547952076928
9861.0,1267070.72657426,245991.285679936,4.0,105116.21382817748,11.562821815453516
9864.0,1275185.91147858,221937.32923930895,3.0,160501.0362695306,11.986055678039342
9865.0,1274950.57535033,205873.890566856,4.0,699971.1683288859,13.458794425075697
9868.0,1270180.87755345,248345.163890347,3.0,136272.95409185495,11.822415168734882
9869.0,1273932.3749653,237486.812199235,4.0,357745.1564225744,12.787576158326553
9870.0,1276551.80210397,229281.416222826,3.0,18803.8729446136,9.841818135293583
9871.0,1276902.31288832,229274.009118825,3.0,17399.925628214114,9.764221210952918
9873.0,1272090.8576514,209712.680458784,1.0,0.0,
9876.0,1284958.99462458,201858.55897875095,3.0,602792.9505591207,13.309329051172268
9878.0,1275617.58482301,203678.086532608,1.0,0.0,
9882.0,1278973.23922645,227020.12578851,4.0,315093.0376201708,12.660623231722674
9883.0,1271298.96913859,254789.911480948,4.0,393839.6604325335,12.883699152235218
9884.0,1275773.92440717,237392.325223133,1.0,0.0,
9885.0,1273408.07678875,246114.456688061,4.0,1099583.144493916,13.910441706394296
9886.0,1273797.11768515,264007.835650384,3.0,45786.2249769951,10.731738560169074
9887.0,1261937.06692101,251010.813045084,4.0,77333.94910558534,11.25588832452086
9888.0,1272211.12677152,224979.812954426,4.0,63499.12425840775,11.058781393579507
9890.0,1285838.19628948,258400.974140644,4.0,490479.352926887,13.103138463170668
9893.0,1277204.39269663,283115.979477957,4.0,101586.88853952845,11.528669755991086
9894.0,1259585.19171859,245443.710383371,3.0,26664.21607278437,10.19107772349451
9895.0,1259589.4705666,245644.084655583,4.0,58034.94951471064,10.968800685891267
9896.0,1284301.41228791,203183.133444101,1.0,0.0,
9897.0,1275329.55263072,264624.831747025,1.0,0.0,
9899.0,1278534.28178601,213493.405518666,1.0,0.0,
9900.0,1278595.13004206,213491.375630662,3.0,60173.390312406205,11.00498551218806
9901.0,1257592.14518856,252388.217142493,4.0,98669.989247681,11.499536118878682
9902.0,1282041.8610536,265747.211396173,3.0,308247.9261703237,12.638659693251563
9904.0,1277627.96863307,265354.233859763,3.0,150061.35267980667,11.918799507318765
9908.0,1285799.42995344,251140.050037205,4.0,183377.2607898732,12.119300844148416
9910.0,1280406.48108391,198189.564734995,1.0,0.0,
9911.0,1280404.42367592,198106.62815889705,3.0,47081.43551687438,10.759634051921996
9912.0,1275561.33887096,241186.46231502303,3.0,312382.386729464,12.65198331485075
9914.0,1281175.1560927,247256.474097237,3.0,68403.29538560807,11.133176280602276
9915.0,1274277.26859765,261009.340991318,3.0,171042.6336772459,12.04966812415977
9916.0,1284654.56908827,195893.423932642,3.0,49702.23734884904,10.813805228150938
9917.0,1283752.29459135,257503.376187727,3.0,84778.0,11.347791354158918
9918.0,1283754.53676735,257672.873915896,1.0,0.0,
9919.0,1260234.07063127,246161.67051211,3.0,22849.38983112432,10.036679692732742
9920.0,1259600.83011861,246176.06123213505,3.0,752.179164528246,6.6229745462751035
9922.0,1273492.00773284,240681.829802498,3.0,5812.1229706652775,8.667701182529882
9925.0,1276158.14085557,283774.219670624,3.0,255234.69794608816,12.449938784949131
9926.0,1254892.1705938,250714.81528477403,3.0,273261.59328186075,12.518184832519779
9927.0,1263064.50333816,243684.021293581,4.0,139155.08047915544,11.843344277097131
9934.0,1266443.47652562,228108.600669622,4.0,186255.29156295775,12.134873546914502
9935.0,1277541.49240899,229078.512094617,3.0,329257.5938859069,12.704595683533652
9936.0,1277560.789625,229705.87503926497,5.0,315976.883125859,12.663424335228113
9939.0,1276180.76811959,250663.29765272103,3.0,226033.84909407643,12.328440041791856
9940.0,1283606.2683512,195911.099452659,3.0,3517.8898286815597,8.165616608343676
9949.0,1274092.09118946,234175.115747839,4.0,738736.498688906,13.512696571649018
9955.0,1277919.33682537,266552.145476997,1.0,0.0,
9956.0,1261680.23671274,251660.444981739,3.0,75879.26648281864,11.23689875719699
9958.0,1278738.04677822,217313.510354578,4.0,34084.041291172696,10.436584556400366
9959.0,1281816.24370937,211552.398220673,3.0,245802.1459507018,12.412282206550744
9960.0,1284900.14764853,198813.261631623,4.0,144131.31119181894,11.878480046321684
9961.0,1263694.5000748,260085.215870366,3.0,179134.46965547343,12.095892029918582
9962.0,1263700.29335481,260268.161342561,1.0,0.0,
9971.0,1277061.3628085,224223.558553651,3.0,27976.70837333068,10.239127599173672
9972.0,1288077.78957178,247645.589169636,3.0,20701.47863260568,9.937960408229195
9973.0,1270512.99960178,227872.748765379,4.0,67680.26203353803,11.12254986592654
9974.0,1270205.58251348,228168.873821691,4.0,71496.80079843922,11.17740798360328
9976.0,1255548.67715447,250448.596020505,4.0,503456.4141223456,13.129252421598974
9977.0,1274553.85733393,217619.494674891,4.0,191192.22084410075,12.161034592809926
9978.0,1282461.68895802,205252.534150228,1.0,0.0,
9979.0,1283017.03788659,205228.561094195,4.0,49975.10714186711,10.8192803032756
9980.0,1282439.704382,226534.94799602,3.0,23007.892055290475,10.043592568893393
9982.0,1270801.20107408,222486.212631866,4.0,71471.14358511222,11.177049060997055
9983.0,1270800.96389009,222474.822551861,4.0,124844.11503891616,11.734821158344799
9985.0,1281884.69074944,243563.736749455,3.0,424147.2325205373,12.95783592044868
9986.0,1278994.28447448,203209.451012135,3.0,238286.0826589905,12.381227258775336
9987.0,1277103.77311254,213944.073551118,3.0,107977.0691282358,11.589674160675957
9988.0,1288092.96505979,249492.289843529,3.0,104838.33785426966,11.560174803193672
9989.0,1294049.30061789,179360.483243704,3.0,64071.77992261656,11.067759295152703
9994.0,1265095.24830024,245397.756079331,4.0,110078.11778258852,11.60894555438898
9996.0,1282076.14214163,262433.08288078,1.0,0.0,
9998.0,1268293.69361551,258853.54214111,4.0,364591.98171341146,12.806534148975578
9999.0,1269331.77784058,213143.782478303,4.0,299547.8067151147,12.610029305552748
10000.0,1275121.97887051,223963.050201386,3.0,394280.3066791111,12.884817373599684
10004.0,1272775.1925641,211734.07438086,3.0,28342.666239593076,10.252123589256685
10008.0,1281448.41273299,217754.834963024,4.0,293144.9278460318,12.588422399994789
10009.0,1283767.25983936,255631.740473807,1.0,0.0,
10013.0,1266681.75396587,244509.142318428,3.0,36468.26861416478,10.504197808427495
10014.0,1279659.60594715,267134.860549584,4.0,387040.8864214568,12.866285616099233
10015.0,1288508.31334822,187888.830708444,4.0,968234.0107178112,13.78322908365202
10016.0,1258414.46634141,253715.553399846,4.0,196328.787485407,12.18754601997298
10017.0,1263991.70353112,243048.919852927,3.0,95615.07442224809,11.468085768850043
10018.0,1263721.43997884,243052.64823693,4.0,937027.7748468916,13.750468203093819
10019.0,1258357.54717334,250423.397556484,3.0,293739.87080103724,12.590449861466528
10020.0,1277518.93240896,252628.43615073,4.0,727336.948722468,13.49714512744052
10021.0,1277521.43634497,253289.645111412,4.0,784937.1386846316,13.573358915449372
10022.0,1282322.13932589,249887.573811933,4.0,391396.0969795321,12.87747536194634
10024.0,1282913.97247849,211864.33230099097,3.0,103194.73875563036,11.544373149679927
10025.0,1282902.86783847,211528.168268651,4.0,221590.76923974705,12.308587577932377
10026.0,1279642.28805913,265814.386116236,3.0,174889.27481582944,12.071908337318712
10033.0,1280214.98245972,225194.677018642,4.0,262011.35320605015,12.476143114651913
10034.0,1280208.00709972,225371.715418831,3.0,36884.58901320117,10.515549100873274
10035.0,1267166.36881436,249740.471091777,4.0,478892.6988306205,13.079231840506862
10036.0,1267190.92023839,250009.78488405,4.0,63323.05576946523,11.056004771981891
10037.0,1271976.98680329,212059.662605196,4.0,371615.6668900174,12.825615445662843
10044.0,1273398.73758875,242298.08375616404,3.0,209422.54061183773,12.252109215425957
10047.0,1268925.45092817,228027.40790154,4.0,210892.3046069235,12.259102877450859
10048.0,1257528.17219649,249659.572019696,4.0,323796.5983736639,12.687870814839002
10049.0,1264885.20503603,242852.690284729,4.0,165923.9563475549,12.019284868089597
10051.0,1265423.44151658,247630.347057611,3.0,86318.39914420532,11.365798054164648
10053.0,1254782.23478568,254424.843320578,3.0,125601.64094916804,11.740870597812801
10054.0,1254783.83516969,254590.388280749,1.0,0.0,
10055.0,1260921.27171996,246891.383280858,4.0,369852.107761236,12.820858495962154
10057.0,1278742.03429821,234080.375139743,4.0,142654.8785739038,11.86818355566361
10058.0,1278429.9909699,234569.092644244,4.0,390273.7124039166,12.874603598617366
10060.0,1269681.74436894,240432.098986238,4.0,127376.4265072904,11.754901969734467
10062.0,1270584.62673786,256142.472762331,4.0,633280.5191333785,13.358668761149316
10066.0,1284969.17536059,202507.348419413,3.0,412817.4877615004,12.930760856015496
10067.0,1275987.49157539,242781.20452465105,3.0,99660.84514712356,11.509528152103709
10068.0,1276289.25343171,214903.046352103,3.0,36417.126152457306,10.50279444166891
10069.0,1276469.94040789,214898.641168103,3.0,35784.93201033939,10.485282190222295
10070.0,1269560.46737681,229671.398751229,4.0,289602.4956379582,12.576264556990953
10077.0,1272717.88030805,221820.579095185,4.0,22271.400378033264,10.011058640090027
10078.0,1272879.92594022,221816.608983189,3.0,13810.763334276058,9.53320351890012
10079.0,1265427.09732458,247779.026225775,4.0,221182.63543196357,12.306744043885082
10080.0,1279668.41305116,267793.75949426,4.0,304376.7470129699,12.626021512475521
10081.0,1279671.93004316,268053.829190537,3.0,22979.71779735277,10.042367270968455
10082.0,1269575.48766483,228742.184670269,4.0,74295.39934136366,11.215804308753244
10083.0,1254562.19651346,250876.656500936,3.0,74083.18897408471,11.212943916099862
10084.0,1254557.75689745,251318.313781396,3.0,108534.84809760156,11.594826581018252
10085.0,1272386.55256371,252220.69157432,3.0,186389.0875545246,12.13559163635749
10089.0,1268610.20023984,228314.326941833,4.0,201928.01769479152,12.215666564830704
10090.0,1275272.49823067,265698.55667612,1.0,0.0,
10092.0,1263965.18263508,247103.979313076,1.0,0.0,
10094.0,1269421.28196867,241706.752299547,3.0,31088.059492771023,10.344579085304629
10095.0,1285677.91251332,204350.292229295,4.0,1080927.517139002,13.893330042697983
10098.0,1268078.3233113,228362.431517884,4.0,242184.76926961183,12.397456223192377
10099.0,1270052.54808132,245410.497839347,4.0,163627.84810812908,12.005349909374718
10100.0,1277690.99212115,223607.150041014,4.0,212661.72010596667,12.267458013698494
10101.0,1278012.95276147,223600.33736901,4.0,399037.55678570736,12.89681081872478
10105.0,1272159.63243547,279780.85365054,1.0,0.0,
10108.0,1272752.58200409,210086.784331173,4.0,24300.448112003734,10.098250069981809
10109.0,1259124.03517413,247061.417073041,3.0,51955.45992466725,10.858142090613406
10110.0,1272755.49637209,246925.110256895,4.0,183360.42143726992,12.1192090109203
10111.0,1278795.91314627,231200.096096799,4.0,387551.4329792768,12.867603849236758
10114.0,1276267.02514368,259956.459198236,4.0,148393.99704354265,11.90762615770818
10117.0,1274161.93650152,208419.604937464,3.0,176266.41146665535,12.079751831044037
10118.0,1255288.3600982,253073.248567194,3.0,27492.31192176252,10.221661678087306
10119.0,1266575.58782175,255590.670393765,3.0,62857.701538563306,11.048628744913138
10120.0,1266598.45886178,255989.25714618,3.0,39893.38040849571,10.593965684565292
10121.0,1273241.11026058,228393.62665392496,3.0,63770.136478400455,11.063040279473256
10122.0,1261627.5383447,255706.773817882,4.0,388370.289859505,12.86971451880592
10123.0,1271290.15813059,244842.039342761,4.0,372427.0919995039,12.827796571469054
10124.0,1271301.58328259,245296.675183222,4.0,476102.9274309304,13.073389343936928
10131.0,1264897.88222004,244313.408814222,5.0,214258.93039886773,12.27494051773309
10132.0,1282680.25606225,242871.549164742,3.0,7836.972922725617,8.966607931990831
10134.0,1282363.74982193,206261.598727256,3.0,42907.50935796911,10.666802132907119
10135.0,1272074.04862739,221834.512151197,4.0,73041.68096408674,11.198785529298751
10136.0,1273592.11083694,236411.309158131,4.0,388402.1462895188,12.869796541361172
10137.0,1273908.49605326,236410.363238126,4.0,311592.79311312595,12.649452464062755
10140.0,1274767.22763814,246621.241776586,3.0,36190.79026771612,10.496559952951484
10141.0,1265974.76881315,250298.546100348,4.0,177171.58884141062,12.084873970446187
10142.0,1284529.27532814,262025.634560362,4.0,109267.55469674224,11.601554783772631
10143.0,1276532.15090396,212106.04474924496,3.0,154769.37911790743,11.949691411255078
10144.0,1264803.99127594,210390.108555481,1.0,0.0,
10145.0,1269322.58596857,256180.798458368,4.0,980127.1623860784,13.795437599765789
10150.0,1271783.37989108,256106.157882303,1.0,0.0,
10153.0,1269228.12126447,229252.479262799,4.0,74270.72073523456,11.215472084874161
10155.0,1266329.47806151,244946.991534874,3.0,90742.83314941556,11.415784775448362
10158.0,1274827.45650221,249436.740403473,4.0,930582.8795856572,13.743566421044921
10159.0,1254577.08067347,251759.090741843,3.0,14111.56866340099,9.554750212544256
10161.0,1274090.25880545,218177.331795454,3.0,42655.30731500311,10.660906983982253
10162.0,1267971.03153518,242722.219756588,4.0,462385.9461979193,13.044155202707833
10164.0,1271880.33541119,241812.947627664,1.0,0.0,
10165.0,1277189.16959262,235718.672357425,1.0,0.0,
10166.0,1277222.94188066,235765.407205462,3.0,43205.293193284335,10.673718294348628
10167.0,1279741.23967524,207148.401416168,3.0,54995.10792442457,10.91499951342996
10169.0,1275597.858487,257323.715771541,4.0,324087.0564569204,12.688767451451302
10173.0,1264544.87895568,246314.298864275,4.0,171944.39057402834,12.054926392903331
10175.0,1260395.11498342,259711.944957986,4.0,896944.2399088254,13.706748976242327
10179.0,1282554.88691013,275568.880398229,4.0,71705.2895690825,11.180319797493942
10180.0,1267365.18731056,245464.635183394,4.0,376341.6582406993,12.838252675319197
10181.0,1278251.74853772,260224.338302508,4.0,95194.97654945418,11.463682452049545
10182.0,1276909.70725633,229516.289439067,4.0,192700.0272502013,12.168889995815013
10188.0,1279773.49682727,250596.325684652,4.0,380716.5359363184,12.849810377036217
10189.0,1280033.50053954,250591.624628648,4.0,719290.1193504602,13.486020059281831
10190.0,1274858.29208624,216743.970193982,4.0,28940.680747219634,10.273003522618552
10191.0,1260493.93335153,251680.522997767,3.0,16350.773673760536,9.702030494701924
10192.0,1257739.69014871,259766.970110044,4.0,676144.9681219005,13.42416278191848
10193.0,1263551.13655466,252053.27851814,3.0,165920.1062354409,12.019261663744254
10196.0,1270304.39038557,231322.353760913,3.0,103492.64702743477,11.547255845950682
10197.0,1270420.0394737,231320.545056909,3.0,172449.5061028295,12.057859754358738
10199.0,1277079.90866451,237033.840678766,4.0,680075.5982651574,13.429959244892276
10200.0,1281120.68076465,228697.613278225,4.0,450226.77395063854,13.01750667692285
10202.0,1276410.38571982,223930.234649345,4.0,836476.993761834,13.636954296056306
10204.0,1284291.53766389,260368.986622661,1.0,0.0,
10207.0,1280453.19986796,224521.536345959,4.0,258061.24755515397,12.460952229354975
10208.0,1280474.26047599,225183.918554634,4.0,359324.8110835214,12.79198202466551
10209.0,1273600.50258096,250809.910580873,3.0,234974.15560024683,12.36723081090931
10216.0,1285269.9736969003,252630.83211873495,6.0,437510.1678545582,12.988855225320162
10217.0,1285724.04198536,252622.585462734,3.0,777905.9506577655,13.564360909809219
10221.0,1262686.80784978,244513.599022418,4.0,129821.50107234209,11.773915717240856
10222.0,1262582.00004166,244516.782446429,1.0,0.0,
10225.0,1264727.46717986,246971.527536944,4.0,94735.42299546774,11.458843264095474
10226.0,1264587.46250772,246974.743024945,3.0,69451.67625457645,11.148386484026227
10228.0,1275395.27557479,272520.333387107,1.0,0.0,
10229.0,1280215.81413972,220734.37922208,3.0,72771.66712410327,11.195081970575805
10231.0,1274149.04184552,287018.670809954,3.0,246970.8193498976,12.417025468347186
10232.0,1283825.01919942,250657.762292713,3.0,27813.069946121133,10.233261331143433
10233.0,1283994.8275836,251179.812085256,3.0,686.2003379919017,6.531169622980191
10236.0,1279648.53081115,231736.628513336,4.0,171174.7174735072,12.05044005347531
10238.0,1275840.85995924,217383.73761864,4.0,704234.4348445667,13.464866583747218
10241.0,1270844.97886613,249623.77483566097,3.0,79709.95236359516,11.286149729800352
10242.0,1279209.51596269,236980.116390705,3.0,92011.14845946932,11.429665027596881
10245.0,1275391.25919078,241925.637675777,4.0,219827.26878360347,12.300597375056464
10247.0,1284641.32435225,209528.442634597,4.0,166589.46067885918,12.023287745482465
10248.0,1276136.33835955,260623.077950925,1.0,0.0,
10249.0,1278728.5569862,218044.800275326,4.0,39464.65180336035,10.583160659180999
10250.0,1285599.98220924,256805.92581901,3.0,42395.0,10.654785709738103
10251.0,1285483.93715312,256968.96389918,1.0,0.0,
10252.0,1278506.27032997,264091.692098469,1.0,0.0,
10253.0,1278509.50520998,264525.140034914,3.0,82843.3221561534,11.324706417990695
10254.0,1293160.75380097,185127.199729607,3.0,42390.0,10.654667764346684
10255.0,1293147.62720896,184632.246321112,3.0,79222.1398380424,11.280011082147166
10256.0,1287633.44563532,192561.207225233,4.0,9713.074283901378,9.181228121257506
10257.0,1272923.00523625,228388.608605906,4.0,190747.19627238467,12.158704250597708
10262.0,1275629.31647103,263299.90924966295,6.0,1012973.9517210122,13.828401068903183
10263.0,1275971.41317537,263284.982081652,3.0,223939.26799160108,12.319130169038644
10264.0,1277952.35116141,224827.540314272,3.0,170178.28854296956,12.044601922607
10269.0,1260932.30583198,247423.319281399,4.0,189965.5844006285,12.154598200002212
10270.0,1278450.05720991,253272.311159387,3.0,79130.56808252865,11.278854527681837
10271.0,1273099.64990844,251528.57874161,4.0,227994.31459186928,12.337075971625097
10272.0,1273516.07851687,251653.371189743,4.0,103424.4131164963,11.54659631682955
10273.0,1281770.09580532,248571.113202587,4.0,123308.51317923942,11.722444731207254
10274.0,1271878.00113919,244826.348078743,4.0,89408.56620484988,11.400971775417469
10276.0,1270628.97144191,205464.470726445,4.0,59778.86009662755,10.998407367349461
10279.0,1285140.61862476,250492.66648455,4.0,133204.81633250066,11.799643195087125
10286.0,1277428.56351288,265360.743043765,1.0,0.0,
10288.0,1281365.4280289,228275.288349792,4.0,311422.31750232005,12.648905204093756
10290.0,1281425.74316496,229605.878495157,4.0,123198.82450080168,11.72155478864644
10291.0,1281432.36716497,229761.281759322,1.0,0.0,
10292.0,1274490.65170187,249145.658995166,4.0,892097.8394823403,13.701331091065448
10294.0,1272484.61406781,229321.029342875,4.0,72383.95311652588,11.189739911770646
10296.0,1284195.12934379,258449.094140694,3.0,541666.8370521831,13.202406399635692
10297.0,1295392.50036326,181868.662958279,3.0,152164.65588343877,11.93271847591413
10300.0,1282888.95481446,277234.459791929,3.0,706570.2543332014,13.468177916124963
10305.0,1292765.77562457,187514.04901206505,3.0,151797.40510488194,11.930302049626821
10306.0,1287200.18861088,248722.544050738,3.0,90006.27383793127,11.407634656193169
10307.0,1272359.27998768,238662.463080436,4.0,161172.12542629035,11.990228174910671
10308.0,1272367.92037168,239074.720808849,3.0,74265.83949619769,11.21540636046219
10309.0,1281851.13503739,211881.493709013,3.0,2500.764679525883,7.824351835897399
10310.0,1282092.56825365,211877.535373002,5.0,83302.41090747241,11.330232770202764
10313.0,1279873.12223537,204973.895301938,3.0,84777.99999999997,11.347791354158918
10317.0,1283506.21932709,255904.39020209,3.0,535674.1919427131,13.191281404383565
10318.0,1284077.97241569,255889.894202068,1.0,0.0,
10323.0,1275799.13304721,284460.253079325,4.0,1097667.799277508,13.908698304524819
10324.0,1279461.87045895,280471.979859248,1.0,0.0,
10326.0,1282343.25350191,274987.017741635,3.0,60083.73618768882,11.003494471383467
10329.0,1277882.60524133,256592.303866789,3.0,781566.7647878346,13.569055856784917
10330.0,1279566.14783506,257869.420412108,4.0,755687.9719258243,13.53538383441506
10331.0,1266806.42167799,249749.173875779,4.0,364046.5977858731,12.805037154320798
10332.0,1283069.88915065,253840.92319198,3.0,92558.57938136616,11.435597013666005
10335.0,1288807.26874052,187254.609523788,3.0,429695.9574106424,12.970833161784558
10336.0,1255514.58864243,248374.550962374,4.0,35368.12675353417,10.473566319347604
10337.0,1254856.19817775,248388.475442395,4.0,55119.298248807616,10.917255174271366
10338.0,1274877.43999025,230812.399712399,4.0,156032.17266828145,11.957817500021235
10342.0,1267733.31121494,283731.243670583,3.0,94157.48316369572,11.4527240122194
10343.0,1267991.64075121,283726.448406577,3.0,177080.033235814,12.08435707453419
10345.0,1275058.21125445,277893.531920612,4.0,720656.654650282,13.487918095701989
10346.0,1273545.00894889,223998.186329424,3.0,50124.957034258754,10.822274307436608
10347.0,1268421.61892764,244901.790510818,3.0,28162.157659527868,10.245734428768804
10348.0,1285447.33222508,255229.900089398,3.0,42402.66666666666,10.654966532324122
10353.0,1258245.05757323,250424.53899647304,3.0,417722.67992001865,12.94257304616234
10354.0,1272818.21675615,230443.180640012,4.0,640663.3055534221,13.370259333555929
10357.0,1276106.55039151,237326.858791068,1.0,0.0,
10362.0,1283189.87084676,201224.120962098,3.0,246730.3394330516,12.41605127603839
10363.0,1256899.44310784,249673.926323712,4.0,296573.4797196214,12.600050290391648
10364.0,1285030.00403266,205720.33210270095,3.0,73129.49631264019,11.199987070679951
10365.0,1285026.40627265,205568.583430544,3.0,140875.71332674802,11.855633314873165
10367.0,1272772.2175241,212344.355597481,3.0,162102.85967970922,11.995986349022257
10368.0,1272575.0407559,226262.022363737,4.0,728475.597663865,13.498709407369843
10370.0,1281582.53778912,197282.097662061,4.0,337107.53941103216,12.72815726647496
10371.0,1274100.53342946,230831.454816416,4.0,206785.7571466753,12.239438546646303
10373.0,1272787.01534812,234773.945252448,3.0,64820.17610154981,11.079372193469846
10380.0,1270070.94110534,246201.116656154,4.0,604264.7748228179,13.311767749773322
10382.0,1283521.29049511,268666.769863158,3.0,300845.5631217724,12.614352332731114
10383.0,1262734.98231383,246346.732848302,4.0,524343.0679263878,13.169901458857412
10384.0,1265654.68318081,247279.21355325,3.0,22384.225323008013,10.016111763107636
10387.0,1283164.73510274,249872.621107906,3.0,214333.41532651335,12.275288097101402
10392.0,1281012.76498854,248585.65125060096,3.0,6055.067487021242,8.708650801593329
10393.0,1281201.57401273,248581.991474584,3.0,17238.74821981586,9.754914932522114
10394.0,1274304.93195768,226765.595484257,1.0,0.0,
10395.0,1274303.53234167,226932.084956422,3.0,44003.159114988914,10.69201670839097
10396.0,1272939.07211627,229645.218975201,3.0,31111.65122594244,10.345337665498334
10400.0,1278598.58316207,222625.892824009,4.0,667970.8543892974,13.41199982041317
10402.0,1269857.00811312,218943.871316239,3.0,200470.49089691183,12.208422337325567
10404.0,1286881.49933055,205134.769670099,1.0,0.0,
10408.0,1285547.03974518,259731.24806201496,3.0,154868.7005101741,11.950332943432207
10409.0,1283575.59974316,199251.621312082,3.0,1070765.1226079585,13.883884018756785
10411.0,1268283.9938395,230129.839391693,4.0,360675.0675549882,12.79573274211551
10412.0,1255510.07190643,248109.249650106,4.0,41832.25010357859,10.641422854612252
10417.0,1286818.96697849,248334.969970345,3.0,53897.87169506656,10.894846269940617
10418.0,1286948.12877062,248148.644274145,3.0,19358.1611524031,9.870869374522151
10419.0,1277856.3884093,254109.86956025695,3.0,95972.43479597406,11.47181629167616
10420.0,1287779.09267546,189563.77189415705,3.0,28655.65003231101,10.263105911506452
10421.0,1258697.75939769,259622.0920939,3.0,55089.491976637895,10.916714268725892
10422.0,1258294.57226127,259619.667261899,4.0,58908.07471031099,10.983733452099322
10423.0,1276271.48773569,259624.928061903,4.0,95678.6273890743,11.46875022323158
10424.0,1276750.05893618,259609.883773878,1.0,0.0,
10425.0,1276162.86130357,217375.700242639,4.0,193234.92463533583,12.171661953757784
10426.0,1282691.41190226,212542.845069692,3.0,28507.85027208457,10.257934776471185
10428.0,1280279.78879578,199891.508160725,1.0,0.0,
10432.0,1281214.08217275,222890.359448284,1.0,0.0,
10433.0,1281315.50783685,223024.56456841496,3.0,84778.0,11.347791354158918
10437.0,1280987.26962851,215884.81902511403,3.0,59110.42802259632,10.987162634912082
10438.0,1273960.91915733,203854.235140786,3.0,13827.296268558111,9.534399907973135
10439.0,1274064.45669343,203878.96832481,3.0,16236.777768208209,9.695034180741477
10441.0,1275300.93618269,252119.616950214,3.0,750.9026376228541,6.621275999715003
10442.0,1254254.44419314,252317.770102412,4.0,45107.39104098128,10.716801393238468
10446.0,1289750.42797349,189866.305782467,3.0,23554.27711450368,10.067062701404192
10450.0,1262138.29520921,246359.414896309,4.0,757341.93398698,13.537570126587477
10451.0,1286048.5495697,244555.770862475,4.0,104449.05335351598,11.556454703789175
10452.0,1286104.16851376,244629.055150539,3.0,31057.513951670408,10.343596053308383
10453.0,1258189.83587717,247766.170609757,5.0,84234.77065192274,11.34136306809947
10457.0,1269423.23761667,279572.318290323,1.0,0.0,
10458.0,1269775.47614503,279566.874386325,3.0,63143.7783765839,11.053169601572499
10459.0,1267018.65188621,285655.73685655,1.0,0.0,
10460.0,1267167.57777436,285653.340568557,3.0,222260.20610752323,12.311604074065416
10466.0,1272027.28030734,243975.878957868,4.0,97896.5264853158,11.491666347657455
10473.0,1280654.98060417,218739.101012036,4.0,52039.26070091175,10.859753726163342
10474.0,1280631.96492416,218413.402835697,4.0,306080.8932727532,12.631604703098837
10475.0,1295209.86157908,182849.661679283,1.0,0.0,
10476.0,1295734.82049161,182799.831727237,4.0,328608.35432157386,12.702621908247433
10479.0,1263706.98660281,245022.124590948,3.0,43072.488650977866,10.67063975792003
10480.0,1278875.76300235,223275.284568682,4.0,1094837.6182598933,13.90611661640954
10481.0,1284073.83795168,205868.601542845,3.0,125691.12066025689,11.74158275294451
10482.0,1279868.03404337,204655.078021616,1.0,0.0,
10483.0,1268929.62705617,208984.247178048,3.0,421933.4466786818,12.952602871288507
10487.0,1272724.71762006,222126.453207508,4.0,63173.48162924116,11.053639897606523
10489.0,1278448.82034591,252610.72715871,4.0,473414.62243364734,13.067726863700006
10495.0,1270039.10974531,216629.62491387097,3.0,58247.49054025123,10.972456289645883
10496.0,1270269.18443353,216626.230929866,3.0,87270.33541781742,11.376765883599237
10497.0,1256888.18070784,249142.16689916,4.0,733974.2980718149,13.506229290732636
10500.0,1279153.30809064,219120.76136443004,3.0,883147.8173087921,13.691247869096408
10501.0,1279502.83692299,219110.623572409,4.0,1052593.0950055209,13.866767291938746
10502.0,1284056.91411166,210865.688971967,1.0,0.0,
10503.0,1271584.19134688,256656.394938856,3.0,396449.5788760008,12.890304146462626
10504.0,1281746.28025329,246579.971888542,4.0,205992.2495076665,12.235593823314735
10505.0,1278368.90808983,238270.397608027,3.0,111074.61316723912,11.617957445171344
10507.0,1271690.527731,236566.634598285,1.0,0.0,
10510.0,1284993.37779261,203842.173124775,4.0,500967.22204690153,13.124295952870606
10511.0,1285398.80838503,243218.306349099,3.0,134396.1909030729,11.808547365174565
10512.0,1276212.14994362,212887.196430042,4.0,227335.57192537963,12.334182495288095
10513.0,1271104.2470904,222450.768791839,6.0,265355.9799900696,12.488827524237527
10514.0,1276808.13759224,214890.001424089,4.0,68051.04183719693,11.128013317840402
10517.0,1283139.40083072,265557.598275974,3.0,143820.96055712635,11.876324475518386
10518.0,1283110.95929469,265713.612420127,3.0,42390.0,10.654667764346684
10519.0,1286125.57664178,243589.405677482,3.0,12008.39576329276,9.39336133107238
10520.0,1276715.88741614,251981.190390065,4.0,259867.2585094045,12.467926235431003
10521.0,1276719.23423214,252643.61951075503,3.0,88032.02427399272,11.385455939464821
10523.0,1274956.38930234,265958.617156386,4.0,337011.7015096744,12.72787293131232
10535.0,1278969.76121044,266494.210884929,4.0,1018479.9042457618,13.833821783718715
10536.0,1272564.08568388,255416.918777585,4.0,180407.2035001173,12.102971816523635
10537.0,1272893.96856423,255406.725881577,4.0,90972.968325723,11.418317690004809
10538.0,1269208.36830445,206953.177415967,4.0,108188.14611525464,11.591627084081017
10539.0,1269527.31128077,206947.111815959,3.0,298012.6065646408,12.604891068500947
10540.0,1262203.59722528,251006.566709071,4.0,643585.3646355228,13.374809953996445
10541.0,1262210.55127329,251651.098229736,3.0,498115.45566640166,13.118587167823907
10542.0,1277130.89055257,203345.558660269,3.0,486712.82027528994,13.095429536701845
10544.0,1285266.24006489,254313.670328453,4.0,15984.27314470924,9.679360589375285
10545.0,1285265.43232089,254601.16844075904,3.0,34.16666666666667,3.5312505099103535
10547.0,1273827.77643718,242289.019180149,3.0,78117.06791852518,11.26596385124124
10548.0,1274087.65285344,242293.41022014603,3.0,112192.17477881044,11.627968526134179
10552.0,1283884.95020749,203860.11635679,4.0,184742.25812244831,12.126716933317802
10553.0,1284316.42572792,203853.032388791,3.0,140121.21674480365,11.850263160864955
10554.0,1277573.89816903,230132.074335694,3.0,291197.128098906,12.581755732958323
10555.0,1270008.95659328,215109.685712323,4.0,251516.8388477315,12.435265219949546
10556.0,1268016.98948723,251812.296373904,3.0,400698.3576175101,12.900964197832481
10557.0,1275509.4961189,254001.74079214,4.0,583522.5454043235,13.276838368187372
10558.0,1275527.18904692,254667.069176823,3.0,184669.46686837825,12.12632284049352
10566.0,1271168.95563446,232928.262626559,4.0,301357.083777398,12.616051165445588
10567.0,1270923.04664221,256676.489722878,3.0,202339.71290749536,12.217703310897035
10571.0,1277612.39679305,214130.25134331,4.0,83305.82036824532,11.330273698081864
10572.0,1277885.99794534,256260.422970459,3.0,999203.7056620148,13.814713946415546
10575.0,1268203.63051142,252482.685750589,3.0,17016.444345435102,9.741935469928588
10576.0,1254233.07120112,251327.704501405,4.0,596668.2391188884,13.29911652454014
10577.0,1264469.5169076,250310.615988359,4.0,92514.45733804617,11.435120206834085
10578.0,1280613.17100413,211903.546765029,4.0,255811.4882559988,12.452196078205189
10579.0,1276855.29464829,281410.855252206,3.0,71012.28572961078,11.17060817949925
10580.0,1293700.73767354,182164.897582576,3.0,1016643.153507742,13.832016731950732
10582.0,1285884.15910552,205427.201798394,4.0,1443.6131250317055,7.274904364602965
10585.0,1274291.64062966,249150.97297917295,3.0,359418.0058961367,12.792241351954592
10586.0,1275172.40101457,216426.517393664,4.0,42113.04551310924,10.648112841340835
10587.0,1280620.72473215,205289.343174264,4.0,731499.1900624032,13.502851392213273
10589.0,1257442.69104441,258007.470652238,1.0,0.0,
10590.0,1274531.32024591,226606.018012092,4.0,698205.6796981735,13.456269008392505
10591.0,1276316.62475973,213263.997134432,4.0,225713.4746189296,12.327021662480941
10592.0,1276387.4576558,212883.729870036,4.0,143791.4060071039,11.876118958972075
10595.0,1284027.14284763,264135.255618513,3.0,42397.99999999999,10.654856470296197
10596.0,1270727.11627401,245917.13591986903,3.0,163801.88363509148,12.006412949938719
10597.0,1282548.74847811,253191.760503307,4.0,458718.1441029261,13.03619123529223
10598.0,1268279.88689551,257664.711163893,4.0,131335.6593900893,11.785511610547172
10599.0,1268044.51761526,245178.839471102,4.0,177649.23542879295,12.087566297633511
10600.0,1277396.98348084,204749.068997711,1.0,0.0,
10601.0,1277687.53605713,204741.226501703,3.0,148208.92549097457,11.906378216015595
10602.0,1276036.22149545,215162.625872374,4.0,59201.16250683739,10.988696457619115
10603.0,1276029.38616744,214909.228432104,3.0,41077.66296640841,10.623219772609417
10604.0,1275435.56095083,213281.77076643697,3.0,31008.024937813705,10.342001318928228
10605.0,1277376.46188082,223912.838745326,4.0,103974.62816040571,11.55190218836433
10606.0,1280288.06956379,262484.204480827,4.0,111202.27255108676,11.619106097200287
10607.0,1271773.95832308,281732.070548534,3.0,50742.705975031626,10.834523161944741
10608.0,1274411.88709378,279801.688850567,4.0,725859.1724163474,13.495111297602936
10614.0,1285434.40147308,246513.435568467,3.0,137394.737749526,11.830613359270783
10615.0,1280112.45311561,221984.208407357,4.0,62948.57681065887,11.050073430966865
10619.0,1280363.40933987,205965.997318953,4.0,258944.24285933815,12.464368038970552
10621.0,1286946.09529862,248464.216114476,3.0,50079.72072790684,10.821371429238999
10622.0,1287424.48838711,248452.47038646,3.0,169970.48297425604,12.043380071393841
10623.0,1275528.69067892,205379.227846354,4.0,66184.20806656081,11.100197164624307
10628.0,1266168.73662134,244060.580909967,4.0,120630.38273061856,11.700486461319203
10629.0,1285066.36288069,196009.797052756,1.0,0.0,
10631.0,1272232.58833955,232270.672417894,4.0,208452.4178342358,12.247466082350504
10632.0,1272219.52734753,232584.205538213,3.0,652646.211765766,13.388790472411468
10638.0,1266473.65822165,241782.644523636,1.0,0.0,
10639.0,1269298.08798455,242591.631724462,1.0,0.0,
10640.0,1269221.69214447,258169.66553241,4.0,440959.0103709523,12.9967072031045
10643.0,1280965.99833249,224145.245721564,4.0,261134.9728534456,12.472792690004907
10645.0,1258908.0241019,251546.218805626,3.0,44140.81240839694,10.695140084906349
10646.0,1258641.22870964,251550.793269634,3.0,6318.224312152297,8.751193484396287
10649.0,1277686.49176913,223301.128984705,4.0,336082.34091605275,12.72511147117265
10651.0,1274821.66322219,249136.940147161,4.0,1055566.808610859,13.86958843996696
10653.0,1272608.38251594,215058.128400266,3.0,67131.16814783799,11.11440371806008
10655.0,1265572.76996472,243631.016493514,4.0,763195.8802907284,13.545270001159727
10656.0,1280337.09605984,229632.536927193,4.0,155765.72894634932,11.95610841997029
10657.0,1270470.55902575,285183.848408073,3.0,42578.66330891331,10.659108545491431
10658.0,1270470.69489774,285349.885784239,3.0,80671.05039448563,11.29813505872744
10662.0,1283209.33542278,257429.582395658,1.0,0.0,
10663.0,1266601.86302179,256255.264186442,4.0,90322.81022511989,11.411145312435169
10664.0,1264974.99063613,258271.768380508,4.0,144867.69253426496,11.883576139571925
10665.0,1278215.42021768,207195.395144209,3.0,31249.34015044319,10.3497535397558
10668.0,1273948.84606931,203360.401156291,3.0,27352.59406272909,10.21656665025296
10669.0,1274957.49394234,265297.445251703,4.0,382164.8022949316,12.853607214174264
10670.0,1283329.55763091,265719.936196133,1.0,0.0,
10671.0,1283547.89574313,265699.880772114,4.0,611550.9887172994,13.323753613654125
10672.0,1274130.3059735,248215.536178216,3.0,123459.66753662778,11.723669803060961
10673.0,1274803.47621419,248195.333490193,3.0,28477.53672132164,10.256870870258677
10675.0,1270054.45163332,217404.566290662,4.0,229231.77150811997,12.34248887336135
10676.0,1275840.27794324,205850.733126834,3.0,86931.96583971304,11.372881089871402
10677.0,1281547.54905309,197566.86547035,1.0,0.0,
10678.0,1287930.41453162,186982.756083518,3.0,123318.10797947962,11.722522539516834
10679.0,1253871.39932875,252054.357558146,1.0,0.0,
10680.0,1276313.34687173,266579.301253021,3.0,25528.874124593684,10.147565409168838
10682.0,1270754.10110603,246984.698096961,4.0,981000.1771783406,13.796327919157413
10683.0,1280514.70431603,249920.09349195697,3.0,49118.89619437981,10.801999090955745
10684.0,1280283.58994779,227849.585437357,4.0,128926.88780534404,11.767000761475087
10687.0,1271606.94059491,236398.259622112,3.0,88655.33401606436,11.392511479078198
10688.0,1276669.47346409,282170.991892993,3.0,304555.8517017594,12.62660977033635
10691.0,1280842.28831637,255181.299833342,3.0,285711.4239809319,12.562737573352006
10692.0,1281008.09305254,225644.292635098,4.0,238751.4373846035,12.383178278783927
10693.0,1284223.13062383,198001.791102797,3.0,174145.47673825122,12.06764630209049
10694.0,1284884.3363205,197988.770814776,4.0,444520.59205030976,13.004751659185471
10697.0,1285226.16108885,206946.812935963,4.0,722555.1400143721,13.490549014415619
10698.0,1260625.00887166,251047.756917119,3.0,105851.750028791,11.569794809527815
10699.0,1276758.43589619,215409.381648615,3.0,10988.132078583863,9.304571067399918
10700.0,1276837.24511227,215407.498448625,3.0,31598.208254515324,10.360855697160975
10701.0,1285547.29363318,248494.827634498,3.0,47065.58530167052,10.759297339932264
10702.0,1286501.85670616,204058.618564993,1.0,0.0,
10707.0,1278630.20281009,225228.875802681,4.0,365121.092587078,12.807984338056821
10708.0,1278612.09260209,225597.969179049,4.0,353057.1045603577,12.77438509212499
10709.0,1281928.12473348,199274.771200106,4.0,412358.0286125908,12.929647252455347
10710.0,1281924.51385348,198954.88371177003,3.0,149409.9251297612,11.914448982739064
10711.0,1259155.36119016,250413.873972461,3.0,92020.21001359726,11.429763505967204
10713.0,1269741.661553,213135.524622291,4.0,224987.2211699571,12.323798884773481
10714.0,1272058.66117138,210135.76519522103,3.0,147484.3609455575,11.901477421652954
10715.0,1274087.30706145,219309.453908622,1.0,0.0,
10716.0,1257666.90909263,256416.52633062,3.0,449773.92497740913,13.016500346567806
10717.0,1282318.29190187,209153.049034223,4.0,63272.46081007518,11.055205455174299
10723.0,1275308.6277667,212142.924621284,3.0,42430.56845268991,10.65562433553038
10724.0,1262736.86717783,251641.821941718,3.0,57124.26485342929,10.952984259027122
10725.0,1271482.59838678,211044.940236151,1.0,0.0,
10728.0,1269720.33022498,241872.672555715,4.0,285539.6042610534,12.56213601741052
10730.0,1273540.20773289,226122.090523586,4.0,415234.0533294474,12.936597624160052
10731.0,1266462.81706963,227220.091932714,3.0,82131.26207224138,11.316074003379125
10735.0,1263270.21649037,252445.450294554,3.0,699200.237649201,13.457692443210707
10736.0,1268058.56811127,227074.571548566,4.0,704670.6245710128,13.465485773432807
10739.0,1273402.00856474,245884.666159824,3.0,319636.92979733285,12.674941036253097
10744.0,1277719.84639317,247393.796657369,3.0,35888.082957796774,10.488160568332127
10745.0,1272367.12645169,224716.54383415,4.0,684912.4141797132,13.437046246557887
10747.0,1281775.16537333,251222.585269302,4.0,68612.67124941488,11.136232508747394
10748.0,1281775.19686133,251569.609205648,1.0,0.0,
10749.0,1281608.58764514,205561.412486538,3.0,3244.864720174061,8.084828939570906
10751.0,1267167.33073436,286391.560537308,3.0,512096.4609885124,13.146268286644712
10753.0,1277376.79000881,259921.258814201,1.0,0.0,
10755.0,1256248.45955518,252410.475638509,3.0,38830.61764908368,10.566964329091189
10756.0,1267334.27499053,243934.424301833,4.0,406971.099435435,12.916497453145347
10757.0,1267490.3189587,243931.112301826,4.0,502590.6829046205,13.127531366125572
10760.0,1278187.66367365,232080.075681686,4.0,106224.92335711948,11.573314043468226
10761.0,1278498.67845796,232044.882465661,4.0,24952.50619308766,10.124729544755787
10763.0,1275668.91282307,267921.232646391,1.0,0.0,
10764.0,1275103.1137825,217913.92910718903,3.0,185437.76135425185,12.130474586424848
10765.0,1275369.88683876,217907.066579178,3.0,60837.57573685374,11.015962899045045
10766.0,1282008.34367757,254867.342393026,1.0,0.0,
10768.0,1277192.96684062,266559.650372997,3.0,142151.2306680142,11.864646774572547
10769.0,1266787.32983798,248969.477938995,4.0,189959.5677437373,12.154566527148452
10770.0,1279096.40729058,207595.355912626,1.0,0.0,
10773.0,1283160.83353475,249520.616243556,1.0,0.0,
10776.0,1279420.02245891,275744.397134408,4.0,47617.77434504412,10.770961381129291
10778.0,1279095.68223457,276416.54343909,4.0,308326.77934921026,12.638915471435814
10779.0,1277077.52120851,206889.0492879,3.0,84347.44837157326,11.342699837031358
10781.0,1277021.08562446,268869.925319359,3.0,148536.73219485025,11.908587561485202
10782.0,1275142.01163852,242892.369644761,4.0,70158.96620368167,11.158518892098305
10783.0,1275426.92677481,242883.221676752,4.0,47940.10157470148,10.77770762677423
10784.0,1273565.19422892,256384.399418578,4.0,32157.71524246414,10.37840767731348
10785.0,1282369.78297393,270366.881608903,3.0,21950.68169135084,9.996553474574641
10789.0,1271813.80209912,227999.639581516,4.0,191603.62293136065,12.163184053167688
10791.0,1285992.42828964,195700.318012446,3.0,822993.4013947382,13.620703461880696
10792.0,1272386.5627397,252616.91781471705,3.0,12034.897991307573,9.395565874178557
10793.0,1281113.81663664,194661.737083375,1.0,0.0,
10794.0,1280131.40357964,246765.568304732,3.0,5760.925543550215,8.658853425425677
10795.0,1275889.19058329,228787.433630317,4.0,119108.78093641395,11.687792480051469
10798.0,1278212.53503367,219276.312916577,3.0,1123.9947867120484,7.02464439228634
10799.0,1274823.4387742,214588.642767787,4.0,215805.77677399453,12.282134100558148
10800.0,1286812.31014648,200840.643073708,3.0,440178.5987449002,12.994935829775201
10801.0,1262977.32170607,256208.449658394,4.0,80277.3724981147,11.29324307315337
10802.0,1289137.51610085,188618.211829185,4.0,15669.218312423927,9.659453449767826
10803.0,1276862.0705203,219807.536533132,3.0,83682.71289053017,11.33478769859315
10804.0,1268731.10647996,240459.635050267,3.0,79988.33599400957,11.289636102951274
10807.0,1269531.54123278,226656.524828136,3.0,18801.292274857948,9.84168088448005
10808.0,1285095.68102472,248350.498802349,3.0,82715.22650106694,11.323158981368588
10810.0,1292498.19277631,184362.861744836,3.0,23673.886360938573,10.07212787833921
10811.0,1273152.40798849,240212.100714013,4.0,60806.36001936072,11.015449668065067
10812.0,1280612.31897213,203282.820612207,4.0,100410.39549633082,11.517021021679895
10813.0,1286009.14112166,199526.096832365,3.0,11511.41513321078,9.351094442308796
10814.0,1286242.10790589,199525.03942436,3.0,148140.61832579953,11.905917225487283
10820.0,1270091.17361736,244477.562670395,4.0,153340.61400761106,11.940416961328236
10821.0,1272817.68325216,227117.055708617,3.0,100797.0969312316,11.52086483391927
10822.0,1270775.72312206,281030.551891819,1.0,0.0,
10826.0,1277516.68735296,251971.603126064,4.0,270838.1383846628,12.509276646088523
10827.0,1275575.47301497,221145.92399050304,3.0,69380.97302290448,11.14736794497
10830.0,1276503.49906392,227494.857501,4.0,76188.25683137761,11.240962619974157
10831.0,1272969.32734831,235505.642277196,1.0,0.0,
10832.0,1258190.35786118,257819.10290804497,3.0,18224.84922197708,9.81054128370009
10834.0,1268255.30097547,226024.44207549104,3.0,12815.16840030133,9.458384779585911
10835.0,1267940.17534316,226311.38805978,3.0,24027.776313788057,10.086965786528852
10845.0,1268255.51556748,225900.589659363,1.0,0.0,
10846.0,1275431.10392682,281895.633172706,3.0,45520.49217551201,10.725917881033325
10847.0,1276368.08696778,278180.656720906,3.0,256062.86768941872,12.453178270224418
10849.0,1261531.0634646,250357.387188405,3.0,110099.36254212934,11.60913853288592
10853.0,1264234.21687536,250965.089397028,4.0,463291.5467058648,13.046111825405916
10854.0,1287276.09760295,205657.82765463,1.0,0.0,
10855.0,1279208.91692269,260876.094847187,1.0,0.0,
10856.0,1279609.7087311,260867.912767172,3.0,84778.0,11.347791354158918
10859.0,1272847.22360417,200322.93152117697,3.0,34302.99447729137,10.442987931888323
10861.0,1276442.09861585,225279.036442727,4.0,782724.9419345811,13.570536625817184
10873.0,1288015.32576372,249552.95640358297,3.0,872158.4988269446,13.678726451083712
10874.0,1258913.58250192,251865.885813951,3.0,10163.396778591688,9.226547993858663
10875.0,1258646.78186163,251870.24734996297,3.0,35493.54798155264,10.477106211947003
10881.0,1285220.99840085,206522.03328752503,3.0,20998.21092004818,9.9521925187929
10882.0,1275896.97765531,255323.09215349,3.0,50949.14911928307,10.838583338202941
10889.0,1269969.65944123,213131.021390289,4.0,282818.9259613612,12.552562134249582
10890.0,1270199.07864147,213126.443278283,4.0,963315.7417813898,13.778136510127183
10891.0,1279958.76575546,265805.150276229,4.0,236888.24537557227,12.375343770408334
10892.0,1279991.60594749,266464.824132904,4.0,333155.05346814246,12.716363286622878
10893.0,1281764.65522932,203914.41907684496,3.0,40791.6315610624,10.616232230557078
10895.0,1265629.69534078,246283.27691224203,3.0,83693.45480499903,11.334916055152288
10896.0,1265632.71569279,246402.388912365,3.0,229810.7649895509,12.345011488336809
10897.0,1280332.33196384,266454.989188895,4.0,289201.7905217632,12.574879960539985
10900.0,1266813.15691,250019.114292055,4.0,65773.53843417685,11.093972884972548
10901.0,1268644.53086388,245167.467119098,5.0,493972.13956245215,13.110234396932794
10905.0,1282852.61497442,256187.500858381,3.0,24811.04405191536,10.119044157699475
10907.0,1280433.08108395,230481.840352058,4.0,144737.00831643678,11.882673638843762
10908.0,1272730.97778006,225998.593051463,4.0,825623.9179635292,13.623894643691363
10913.0,1281471.044925,263973.735618353,3.0,94454.5539522046,11.455874087248583
10914.0,1281256.7340128,264134.058818519,1.0,0.0,
10918.0,1287827.38323551,192679.53407335296,3.0,92500.19281267356,11.43496600795968
10919.0,1270475.69784175,247526.047089517,3.0,27758.028457788987,10.231280391125614
10923.0,1285071.1912327,251156.28882122,3.0,28563.01982563036,10.259868147055382
10924.0,1280474.20735599,225363.512346819,4.0,194834.7341449577,12.179906960994783
10925.0,1278252.73637772,260389.718526676,3.0,28163.341340612733,10.245776458794497
10926.0,1271560.83576286,230882.564256474,3.0,520271.4144664699,13.162105905285678
10929.0,1259731.64611875,261707.958336025,1.0,0.0,
10936.0,1264645.05297178,258279.521276519,4.0,36675.80290619248,10.509872495237598
10937.0,1277629.56344907,205462.087558433,4.0,220716.66164219857,12.304635083922665
10938.0,1277873.83621733,205448.38125442,3.0,126793.70774161528,11.750316696265138
10939.0,1265191.41834834,248966.415922984,3.0,132354.1758565522,11.793236758774825
10942.0,1282049.95026961,254763.283256918,1.0,0.0,
10944.0,1262186.27805726,250348.599796399,4.0,786254.6484189903,13.575035999117931
10945.0,1276418.01042384,247356.41912134,4.0,74598.65148795978,11.219877709459565
10946.0,1276423.15768784,247686.815793678,4.0,130827.06176871258,11.781631590861783
10957.0,1281785.07871734,249897.507891938,3.0,21005.128460318607,9.95252189928669
10958.0,1278364.71122582,237267.919975013,4.0,278244.5230526924,12.536255585395793
10959.0,1259980.84087101,252347.716918454,4.0,133818.54353100513,11.804240008485957
10960.0,1259716.87946273,252352.294326454,4.0,217769.21251725263,12.291191122819104
10963.0,1285238.46681687,242365.14398022,1.0,0.0,
10964.0,1285166.05132879,243012.774572894,3.0,42498.24646464647,10.657218094405929
10965.0,1269493.59640074,258162.851900399,3.0,260819.3791330729,12.471583412765888
10967.0,1274124.73285349,247955.838833943,3.0,66116.28393492753,11.099170348524476
10968.0,1261423.79172048,261763.853888094,3.0,40635.537161036285,10.61239826227149
10969.0,1266619.9174858,284740.207191616,3.0,339326.62412648706,12.734718415499623
10973.0,1293128.93204094,183941.697200403,4.0,205684.81974712477,12.234100274897056
10976.0,1284985.01427262,203380.910276309,3.0,231591.1287821164,12.352728719897774
10977.0,1285663.2648973,203374.507716298,3.0,83281.22141420984,11.329978369538287
10980.0,1268083.0847833,240626.051370442,4.0,550075.2205386478,13.217810312472949
10981.0,1271306.0517626,255414.085433587,1.0,0.0,
10982.0,1278415.63468188,234089.338723749,5.0,198932.0079243648,12.200718376602788
10987.0,1254178.36918506,248804.336498812,4.0,306312.3992432388,12.632360772717309
10988.0,1262403.96759349,256216.232122406,4.0,263645.18895212456,12.48235949693369
10989.0,1277349.38552879,222637.010200024,3.0,40019.21465189627,10.597114984054526
10991.0,1274214.08568558,255106.154297277,4.0,103692.56470807148,11.549185691628452
10992.0,1274877.26021425,255086.51948125695,3.0,178676.93531980863,12.093334623538173
10994.0,1258644.01738164,251710.708981797,3.0,62660.37676814415,11.045484577385395
10995.0,1286960.38137864,202145.726403043,1.0,0.0,
10996.0,1284944.46707256,209025.335050091,1.0,0.0,
10997.0,1258655.42160565,252369.712246463,4.0,63397.98546460447,11.057187364914242
10998.0,1264017.17265114,211849.616140977,1.0,0.0,
10999.0,1264011.43089113,211692.24769282303,3.0,69753.11906351535,11.152717416440295
11000.0,1276795.89778422,212100.87674923203,3.0,100120.75850179908,11.514132321443892
11003.0,1285884.79430553,256277.792698473,3.0,460923.075947011,13.040986444600023
11004.0,1286002.94368166,256352.549434543,3.0,184386.76132819752,12.12479079429634
11005.0,1272921.33861226,225044.454234496,4.0,553321.880825313,13.223695174146773
11006.0,1271203.5769465,250693.16869275304,3.0,120648.74956903375,11.700638706880396
11007.0,1264472.9043636,245016.94545494,3.0,142776.78835808948,11.869037769163526
11010.0,1272020.82597134,225933.920283407,4.0,885716.9516060574,13.694152710833285
11011.0,1272297.95365162,226097.990811571,4.0,822358.2920661998,13.619931457496945
11018.0,1276069.04754348,281491.078868285,1.0,0.0,
11020.0,1285612.36864126,200869.636097729,3.0,325832.3255126645,12.694138189113003
11021.0,1286335.21036999,204606.744453564,4.0,249123.00930576105,12.425702066738609
11022.0,1286477.34854613,204603.211013556,3.0,236843.05095896157,12.375152968503974
11023.0,1260302.63741533,248268.409778267,4.0,137187.39353391668,11.82910310618876
11024.0,1280459.76773998,258175.383356422,1.0,0.0,
11026.0,1280693.56908421,223913.671705335,3.0,117456.20670346948,11.67382083418648
11027.0,1269062.5854563,242236.4021561,3.0,37870.01213831258,10.541914841421603
11028.0,1269064.57169631,242316.576812178,3.0,38932.90451229838,10.569595046408585
11032.0,1273613.56357296,265727.13402015,3.0,240298.42687800663,12.389636875211274
11033.0,1273948.35358931,265717.416196138,1.0,0.0,
11037.0,1274552.99147792,217415.050834671,3.0,61641.7571825508,11.029094796207334
11038.0,1274545.15192592,205673.935878649,1.0,0.0,
11040.0,1280882.28524441,200834.366529703,3.0,1.0,0.0
11041.0,1280996.33030052,200704.273281559,3.0,46210.71132406775,10.740966897038797
11043.0,1274883.43736626,231625.060833231,3.0,84036.03979068737,11.339001030939139
11044.0,1254721.35171361,254425.980792582,3.0,42523.81904761904,10.657819646099354
11049.0,1278772.41874625,219732.205973044,4.0,112766.4804182871,11.63307441447314
11050.0,1278766.79705024,219412.050772727,3.0,83418.56453134574,11.331626159875068
11052.0,1279718.98085922,272421.775499001,4.0,320765.98607685906,12.678467120914366
11055.0,1269514.37720077,244880.823022798,3.0,49935.08136489824,10.818479068092113
11056.0,1270290.50820956,287130.047578067,1.0,0.0,
11058.0,1271816.72139512,242709.637740582,4.0,253330.5145766124,12.442450296861235
11061.0,1281540.65599708,256218.548026413,4.0,67552.62497810806,11.120662202412865
11062.0,1282056.94726162,209904.451402992,4.0,133810.372451623,11.804178945731548
11065.0,1287606.06777929,203183.368068099,4.0,54556.49148558042,10.906991984833454
11066.0,1288027.72013173,203539.663940474,3.0,28432.274272960167,10.25528019697706
11068.0,1281023.83385256,249254.074483275,4.0,104272.64993315822,11.554764381608189
11069.0,1279485.44223498,201368.930050239,4.0,64563.89812725898,11.07541068103521
11070.0,1259380.50480638,258397.983996645,1.0,0.0,
11072.0,1261983.09175305,260682.545342982,1.0,0.0,
11075.0,1273224.35474056,272484.966283068,1.0,0.0,
11076.0,1273742.43602109,272471.634635061,3.0,122839.8336980394,11.718636620744329
11079.0,1277698.40549715,223905.75900133,4.0,158998.34263151386,11.97664905744687
11081.0,1278167.51672962,231511.486881107,4.0,126615.6659247298,11.748911524517897
11082.0,1262159.88240923,247397.246449381,4.0,300995.9700567893,12.614852155125735
11083.0,1262165.91031325,247680.161585674,4.0,202494.5749551016,12.218468374824687
11086.0,1271137.31397043,286655.306073576,3.0,932968.54487757,13.746126765303565
11087.0,1287672.48921937,249846.881651893,3.0,118667.68037266002,11.684082263595807
11088.0,1287998.61421169,249801.913907841,1.0,0.0,
11089.0,1273382.81893273,284390.930007264,1.0,0.0,
11090.0,1281504.68754904,254520.262712672,3.0,135168.8568548663,11.814280067350053
11092.0,1262751.96848984,247128.984881103,4.0,183102.37514334984,12.117800702415442
11093.0,1274223.46590959,217119.83457838,3.0,38613.57472214604,10.561359170368686
11096.0,1283620.1967992,203033.084867954,4.0,18532.85810889778,9.827300549635577
11103.0,1265974.16183715,258908.988861173,4.0,190376.32956917043,12.156758074121443
11105.0,1270935.40984222,240398.22634621,3.0,78534.79677842694,11.27129707661767
11106.0,1287707.54886739,249238.52657926097,3.0,683362.0340485238,13.434780062611082
11107.0,1274275.59275764,260677.420350984,4.0,185509.3663058679,12.13086065196986
11108.0,1269808.11780907,244875.356526792,3.0,20400.970352457047,9.923337744997982
11110.0,1273364.06341271,236835.789926559,3.0,202453.62248523088,12.218266114534263
11111.0,1262364.29930544,259166.429949433,4.0,496921.0534312917,13.116186446246665
11112.0,1262372.15920946,259664.706173941,4.0,296217.64720249764,12.598849757712594
11113.0,1276147.98501556,214906.489936113,3.0,70842.27908974017,11.16821126373583
11114.0,1280415.84786794,207961.22164098904,3.0,97597.65270353189,11.488608721943244
11115.0,1277748.6586812,248830.143218845,3.0,794521.3459965789,13.585495131805768
11116.0,1278855.39596233,213805.763150975,1.0,0.0,
11117.0,1283495.45785508,249866.609331906,4.0,336291.1180972449,12.725732486726145
11122.0,1267967.21758318,251552.218165636,3.0,302806.4044818313,12.620848951186455
11125.0,1267093.23243029,228823.361374363,4.0,209060.85290077107,12.250380650772106
11126.0,1269982.52459325,248192.996210188,3.0,23361.08281488988,10.058826789245014
11130.0,1280995.16460453,216284.134161517,4.0,71928.83439989443,11.183432498085235
11131.0,1281211.97260475,216285.290641516,1.0,0.0,
11133.0,1293893.81959373,187984.11531654,3.0,43530.07240284546,10.681207297831095
11136.0,1279820.76345132,222385.52091977,4.0,69045.00416725529,11.142513805275092
11139.0,1281704.04543725,268121.605958596,3.0,111267.49199158132,11.619692419053928
11140.0,1281994.04908554,268114.226054594,1.0,0.0,
11141.0,1282353.23212591,263731.905090109,3.0,63437.27739995932,11.057806939245928
11142.0,1282518.89516608,263725.084226102,3.0,17264.16961224799,9.756388512070137
11143.0,1273230.80875657,227059.110940546,4.0,395187.585582364,12.88711583136236
11145.0,1270014.71384127,241864.921899706,4.0,390156.5705507337,12.87430340049174
11146.0,1270157.73483342,281098.985491887,1.0,0.0,
11154.0,1273584.11909293,230095.033375666,4.0,254117.20527109707,12.445550877646049
11155.0,1262792.99959388,249013.130035028,4.0,314411.34499051207,12.658457423461575
11161.0,1265469.64778863,249500.154355526,4.0,79470.5729682974,11.283142080777335
11165.0,1268297.52894352,259183.756349444,4.0,113116.39446859836,11.636172607112867
11166.0,1268527.01534376,242908.458540782,3.0,16938.227175595315,9.737328309576943
11167.0,1268913.16548815,242962.531884834,3.0,22633.63186470675,10.02719221469037
11168.0,1279017.0724425,237784.33821553,1.0,0.0,
11177.0,1277932.77279338,216359.654673591,4.0,206241.9564930029,12.236805304614649
11178.0,1255504.93769842,247807.647217795,3.0,29986.039644214456,10.308487207144765
11179.0,1261662.38634473,257027.03826724,4.0,503229.5324075817,13.12880167185048
11182.0,1264431.25386757,242014.36682786,4.0,27793.4793324069,10.232556715777836
11183.0,1264425.78538756,242339.887148201,4.0,8330.576827380164,9.02768797974784
11185.0,1258621.52464561,250420.718132481,3.0,52588.82830502444,10.87025898652961
11187.0,1272086.0889474,242023.71818786897,3.0,364782.6576490002,12.80705699671292
11188.0,1272105.70206742,242701.012396574,4.0,432935.43983256223,12.97834389617431
11193.0,1270115.17752138,282838.619797677,3.0,42727.01069094306,10.662586568103903
11194.0,1270107.54302537,283101.380757943,1.0,0.0,
11198.0,1278850.15417032,234232.463395894,3.0,426261.2244928286,12.962807640354159
11201.0,1290314.32282206,189154.707765743,4.0,307102.9806671299,12.63493841223375
11202.0,1290374.99923813,188584.67941315504,3.0,49470.6325614737,10.809134490909232
11204.0,1264531.63127567,247986.052081987,4.0,1051572.1610183616,13.865796898511375
11209.0,1280618.05484414,200923.12550579,3.0,38561.28867593224,10.560004168185035
11210.0,1281541.24722908,194317.368379027,3.0,30692.46206135138,10.331772367965655
11211.0,1271656.72696295,224651.654170081,3.0,40222.38195364577,10.60217888468704
11214.0,1263647.01527476,256986.208891198,4.0,57003.79485089746,10.950873120932116
11215.0,1282051.4072936,217730.739859,1.0,0.0,
11220.0,1273738.55346109,275286.852109939,3.0,320007.99665576936,12.676101264012955
11224.0,1274735.00357412,245411.094255343,4.0,234703.9199291873,12.36608008357091
11226.0,1276268.83941568,261181.62175948903,3.0,820687.4481698793,13.617897619446845
11227.0,1277235.59666467,268530.200583011,3.0,52011.03736744713,10.859211232106512
11228.0,1274232.4878616,202699.068163604,4.0,44296.57268615286,10.698662587039259
11229.0,1274775.04978216,202707.648515612,4.0,343503.35450356954,12.746952156254993
11233.0,1295374.75399525,187243.466163784,4.0,752662.1940374733,13.531371792628839
11236.0,1253573.00752044,250904.556724966,1.0,0.0,
11237.0,1286482.11065814,247979.360817969,3.0,377819.35809097806,12.842171471728346
11238.0,1277688.98552914,228925.478942469,4.0,889725.737774529,13.698668534413434
11239.0,1285973.86528163,202494.934723392,3.0,144158.57538516354,11.878669190614948
11242.0,1280357.86540388,205696.506374672,3.0,140910.2839297977,11.855878682659782
11243.0,1276964.6435124,265046.348291457,3.0,104412.25854033323,11.556102366506318
11251.0,1284384.88032,242478.400364339,4.0,452912.78699053393,13.023454862730496
11256.0,1282958.90579054,203044.412931964,3.0,45883.51158416108,10.733861106766026
11257.0,1262116.61642519,245322.540655255,4.0,377260.948282316,12.840692397500744
11258.0,1281362.83282889,273994.17786862,3.0,537795.4943660897,13.195233644883126
11262.0,1277992.65490545,226549.36623603097,3.0,29664.90960298602,10.297720131426548
11264.0,1260246.50531928,252359.460982457,4.0,629847.8513823779,13.35323356345825
11265.0,1261697.79543276,258848.37580511,3.0,401317.15405668976,12.902507301557936
11266.0,1261704.08343276,259181.247869447,3.0,639217.976467638,13.368000796423663
11268.0,1276169.04632758,217886.243795156,4.0,416045.2044136431,12.93854919779572
11269.0,1281496.14655703,248576.24478659,4.0,469230.0023230868,13.058848337287246
11270.0,1256924.95491588,258444.14495669297,3.0,1103110.6379161614,13.913644599566274
11272.0,1277872.60556133,205886.479110867,4.0,84805.99999999999,11.348121573993978
11273.0,1268492.22244772,242249.8620601,4.0,427999.707523669,12.966877791207787
11274.0,1268782.66411202,242243.046508104,4.0,238531.60687301285,12.382257104106634
11276.0,1268276.8078555,257399.649019614,4.0,76973.2738280721,11.251213547443133
11277.0,1254902.21680181,251308.350517377,3.0,72250.5922138956,11.187895802673205
11280.0,1275466.98309486,214572.997135773,4.0,57347.34697650782,10.956881861269656
11286.0,1278760.45157823,229674.580127224,4.0,125315.73237884077,11.738591690694717
11288.0,1273026.34622836,221201.785750553,4.0,276245.73641872924,12.529046097916641
11289.0,1270421.2881137,282987.068309829,3.0,44699.01806252715,10.707706813079104
11293.0,1276296.04575171,215156.454672366,4.0,50107.17525491477,10.821919495479117
11294.0,1283687.76819128,205541.611014515,1.0,0.0,
11295.0,1276869.06002429,206497.276423499,4.0,229549.7172996908,12.343874918135294
11298.0,1271251.42168255,231307.573920906,4.0,172652.12633504035,12.05903401861279
11300.0,1284952.63443257,251821.011893913,1.0,0.0,
11301.0,1284938.46316856,252220.038966313,3.0,84778.0,11.347791354158918
11302.0,1266963.03294216,258554.985340804,3.0,27982.91298782837,10.239349352444055
11305.0,1264619.87620376,256307.2542665,3.0,128733.76168264708,11.7655016877186
11306.0,1264294.60945143,256316.447802514,3.0,56694.57984179672,10.945433891527378
11307.0,1263609.80701873,254847.494713008,4.0,43085.28750528549,10.670936860630261
11310.0,1271017.79877031,213544.217422709,4.0,246223.7180422941,12.413995824576158
11312.0,1286285.08249794,200526.492097378,4.0,372424.267435675,12.827788987234179
11313.0,1286565.86675423,200519.712577373,3.0,229519.57993058497,12.343743620445245
11314.0,1282495.73279805,228133.249565646,3.0,44529.44244372465,10.703905877323924
11315.0,1284589.8559362,205579.95347856,4.0,274545.8767688894,12.522873654451427
11316.0,1284583.5200002,205187.77383016,3.0,158244.822227092,11.97189862052702
11318.0,1258391.46934937,252374.15154247,4.0,117817.98436644004,11.676896207192453
11319.0,1258403.31056538,253057.847031176,4.0,133718.0081806671,11.8034884449749
11325.0,1275594.56485499,277873.410896584,3.0,391088.8461117422,12.876690041062421
11328.0,1272637.09995596,274178.550540805,1.0,0.0,
11329.0,1272413.97541173,274836.743757471,3.0,42841.7981546649,10.665269497412487
11335.0,1277007.00690444,205484.543238461,1.0,0.0,
11338.0,1276053.79493546,276528.223951206,3.0,397875.68874056096,12.893894895630488
11339.0,1271263.89502656,205446.898630425,4.0,85447.76684267586,11.355660554120034
11340.0,1281941.30412549,204450.574469402,4.0,436365.915246133,12.986236425505167
11342.0,1281272.65682881,248580.60696259103,3.0,39437.18060165009,10.582464320401964
11343.0,1275367.19986276,241273.087147102,3.0,49581.045055465096,10.811363883532936
11344.0,1277863.79231332,259243.931773514,3.0,241656.36900077763,12.395272033229562
11345.0,1277864.51141731,259574.84876585,3.0,83582.3223267654,11.333587321291477
11347.0,1274622.385078,264645.749059036,3.0,48340.690893618535,10.786028946534705
11348.0,1259271.90429428,247742.49150572703,3.0,16971.172941805013,9.739271474390373
11351.0,1265636.13662079,246535.720624492,3.0,205311.02689185904,12.232281312679389
11356.0,1279750.97516325,275733.1632144,3.0,23445.8071793849,10.062446959567627
11357.0,1258923.14480592,246447.63550441,3.0,57368.17316573176,10.957244954065242
11368.0,1264297.77220343,248276.597106278,1.0,0.0,
11369.0,1282771.71551834,271961.086154535,3.0,549181.7031389632,13.216184636842035
11370.0,1271475.45336278,281599.719764397,1.0,0.0,
11373.0,1276830.82680826,215143.058000356,4.0,50533.35044876804,10.83038880221818
11376.0,1280616.02463613,263632.544385999,3.0,34728.989364814464,10.45533004553972
11377.0,1269870.00843313,256161.99961035,4.0,449450.9908288995,13.015782096535547
11379.0,1275922.94514333,279934.241746694,1.0,0.0,
11383.0,1282517.71411008,276512.148879185,3.0,231494.722793931,12.352312356542038
11384.0,1277192.69848862,207784.295176819,3.0,275110.9972137765,12.524929921445468
11385.0,1278063.64389752,208100.342793137,1.0,0.0,
11388.0,1280111.41900362,259533.564733803,1.0,0.0,
11391.0,1280877.1615964,247262.708657235,3.0,50480.243753843606,10.829337325924586
11393.0,1286354.86752202,195100.172923833,3.0,44770.3554650355,10.709301491007723
11395.0,1282428.30150199,245920.448239863,4.0,136612.0640696302,11.8249005389807
11399.0,1262711.1300258,283523.601046368,3.0,43179.66060606061,10.673124844057838
11405.0,1280214.49951573,281691.480404496,3.0,49291.93659619432,10.805515788767206
11408.0,1271986.1773953,226624.733212113,4.0,394119.1629737997,12.884408586649013
11409.0,1254910.18627381,251767.880757853,4.0,49416.50336840134,10.808039723668385
11410.0,1288808.92691652,187744.302132294,1.0,0.0,
11412.0,1269215.50974447,244078.248493984,3.0,54352.21698301803,10.903240682573328
11414.0,1281697.72946924,266993.462533444,3.0,136344.5928337091,11.822940730968941
11415.0,1265734.64689289,245760.204463705,4.0,524632.4054016161,13.170453116145733
11416.0,1284907.91468853,241659.623787507,1.0,0.0,
11417.0,1286245.2676499,204608.98195757004,3.0,270153.2252377575,12.506744577893366
11419.0,1278659.49017014,267824.5025343,3.0,426282.308583784,12.962857101971405
11421.0,1275001.96895039,267941.73031041,3.0,284655.7373007818,12.559035789808574
11422.0,1275321.97189471,267931.385222405,3.0,42390.0,10.654667764346684
11425.0,1264635.03133976,245014.118702933,3.0,567326.3291878032,13.248689953638712
11426.0,1269871.20888112,229236.128286779,3.0,24386.39535517398,10.101780688371878
11427.0,1278714.36869818,252605.716726705,4.0,421290.3744739741,12.951077600504526
11428.0,1273528.11589287,252884.362806991,3.0,48600.49180151265,10.791388929210074
11429.0,1273210.10866055,277295.326095998,3.0,25161.266285144808,10.133061038846183
11432.0,1280318.02719583,277546.811472252,3.0,598622.8258955528,13.302387005807958
11433.0,1279900.21305141,278632.374289364,3.0,246117.80927676425,12.413565599777774
11438.0,1279713.65177122,206001.904710993,4.0,151051.99746082872,11.925379410566038
11446.0,1281331.58617286,227383.41250889,4.0,53944.76277057875,10.895715890359286
11447.0,1275253.33195864,249728.676211759,4.0,71596.20564060296,11.178797357698187
11448.0,1277665.91935311,267856.080198333,3.0,249140.7262853069,12.425773181605244
11449.0,1268918.49880016,255529.55960971105,3.0,500451.66179108754,13.123266293235293
11450.0,1276138.24914356,216402.741521642,4.0,83195.06728769279,11.328943337644194
11452.0,1275285.88799068,246057.030640006,4.0,242366.8886784861,12.398207925985927
11456.0,1274231.3540376,229663.453215212,4.0,819179.7979911861,13.616058872308011
11457.0,1274235.10501359,230089.35324765704,3.0,45914.30234652389,10.734531945475556
11458.0,1287408.7666591,205375.730438352,1.0,0.0,
11459.0,1277033.76242447,222950.17301634,4.0,192772.3811283816,12.16926539948831
11463.0,1274874.89573425,217407.23656266896,3.0,35764.14679375809,10.484701184358531
11464.0,1274867.30450225,217103.986194357,3.0,5940.913610478321,8.689618207007518
11466.0,1280591.75762811,198637.958847448,3.0,336951.0446964275,12.727692930818963
11467.0,1280978.3431645,198630.39814344,3.0,250630.32414998548,12.431734320308545
11468.0,1288084.36601979,248436.289010435,4.0,118590.2318174503,11.68342939973769
11470.0,1282059.06015761,249892.541043937,3.0,75030.39458725929,11.22564857158578
11473.0,1295724.4353396,181853.771566257,3.0,469439.40212562686,13.05929450034534
11474.0,1279752.89087525,249933.57995598,4.0,394605.92806886736,12.88564289544024
11475.0,1279994.52357949,249929.309299976,4.0,505691.6706491117,13.133682415999289
11478.0,1281400.89017294,196215.312060967,1.0,0.0,
11482.0,1268537.44247976,281391.321556181,3.0,45772.66125735109,10.731442276098765
11490.0,1271548.04312284,230042.568223611,3.0,713886.6909012365,13.478479532511388
11491.0,1265305.45092446,242845.44030071804,3.0,52494.06504875768,10.868455395499126
11495.0,1288602.74586031,190512.211639121,4.0,537537.6859036877,13.194754149835319
11496.0,1277195.16959263,265038.76102744,1.0,0.0,
11498.0,1283873.51321547,242445.473900303,3.0,708848.8133345874,13.471397543473117
11500.0,1283706.2540153,264861.092099264,1.0,0.0,
11501.0,1273425.58987677,246905.04043287,3.0,289092.1306316983,12.574500707404622
11502.0,1255519.11485043,248640.411314651,4.0,285850.11394674133,12.563222875316287
11503.0,1263492.2658986,244109.689070016,4.0,160087.35747355246,11.983474929430518
11504.0,1270208.23640148,213560.40603072903,3.0,80656.21467445906,11.297951137924443
11505.0,1254923.75318582,252560.803702667,4.0,451407.4262603741,13.020125594848265
11506.0,1278768.62738624,230100.647199661,4.0,331486.1228006319,12.711341225893609
11507.0,1278907.55039439,230096.95823966,5.0,220490.62482437305,12.303610455161834
11508.0,1277992.79954545,214122.378959298,1.0,0.0,
11514.0,1293476.54746531,188873.980661452,1.0,0.0,
11515.0,1269247.24849649,283423.037590265,1.0,0.0,
11516.0,1293175.89914499,185671.675378174,3.0,84777.99999999999,11.347791354158918
11517.0,1293200.37312903,185666.095026165,1.0,0.0,
11519.0,1274924.12888631,257343.304315567,4.0,515085.4169269804,13.152088024003579
11520.0,1272836.04907617,231584.248929188,4.0,161377.13819641905,11.991499377922786
11523.0,1280972.2247005,221035.848406389,4.0,85797.19908650174,11.359741640263737
11524.0,1280959.16665249,220721.120022058,4.0,97625.39562802047,11.488892939661515
11528.0,1285474.69504111,252472.292406574,3.0,239466.31945193777,12.386168057350817
11529.0,1278654.12140213,267494.613125965,1.0,0.0,
11532.0,1281717.01292527,213761.385614932,3.0,123019.62542058156,11.720099177891699
11533.0,1272842.78034018,249832.551283866,3.0,105473.89478112248,11.566218758446267
11534.0,1273520.67038886,252186.508854285,4.0,85977.59713550561,11.361842042875683
11536.0,1277893.82994534,232109.824609727,4.0,371043.34986716433,12.824074180766749
11537.0,1279587.97157907,225942.893083408,4.0,350971.8141782302,12.768461197737142
11539.0,1284938.48780856,252483.138230592,3.0,192441.81081210024,12.167549105518132
11540.0,1275605.564215,262166.581440508,1.0,0.0,
11542.0,1270335.9428336,242769.23831664,4.0,271260.43549826887,12.510834654979801
11543.0,1268637.56798387,206964.690183982,3.0,64611.35801700928,11.076145495012785
11544.0,1268889.43160012,206959.609799966,4.0,47697.59183099886,10.77263618987869
11546.0,1276372.18898378,277845.023504555,4.0,258442.06908966455,12.462426843713667
11555.0,1276115.02251953,246592.32254456,4.0,63187.88412959092,11.05386785494658
11558.0,1272246.69822757,238664.834472433,3.0,66987.05685035598,11.112254698373215
11562.0,1270776.98885006,283347.579094186,3.0,110987.78121076782,11.617175395053042
11563.0,1271118.47211441,283350.147990197,4.0,78337.49962405993,11.26878168973395
11569.0,1273775.97272512,210206.454027295,1.0,0.0,
11570.0,1273898.98002125,209744.425482824,3.0,145051.8383483176,11.884846463363187
11572.0,1276250.40440767,229831.893151388,4.0,119873.11689827513,11.694189103184565
11573.0,1288840.88122055,188423.061620995,4.0,45435.87842698824,10.72405734564979
11579.0,1274857.62309423,252383.21157448,4.0,99751.82875397618,11.510440667957251
11580.0,1274902.46059829,252540.251958638,3.0,4099.619395766279,8.318649418082492
11581.0,1264296.40900342,256441.293690637,3.0,22300.974433204785,10.012385653049812
11582.0,1280398.22258791,197856.580798656,4.0,286637.4936771011,12.565973608140375
11583.0,1260652.70531969,256383.251450583,3.0,127225.20358093946,11.753714051620339
11585.0,1269426.53092867,280056.662098825,3.0,68135.80519783054,11.129258127797083
11586.0,1269777.53809704,280051.178898811,4.0,128682.38876553366,11.765102544792207
11592.0,1264410.82084355,246317.003888279,1.0,0.0,
11593.0,1278348.95500182,269159.42867966,4.0,82286.52572984902,11.31796265187434
11596.0,1275714.26475911,234817.450788498,3.0,383224.9179960572,12.856377349050483
11597.0,1275892.5071913,234812.189924493,3.0,95141.18310774006,11.463117205348727
11598.0,1286457.14323412,251125.561525196,3.0,34278.381270894984,10.442270150794416
11601.0,1272354.30622767,242303.644780159,3.0,830953.754044916,13.6303294213202
11602.0,1272365.71537969,242693.377900556,4.0,392260.0878566677,12.879680388191074
11604.0,1269094.48696034,224557.035929993,4.0,128450.91756621776,11.763302145885172
11605.0,1282013.45887756,245915.465007856,4.0,36509.294646544455,10.505322155003855
11606.0,1269359.2591206098,228504.168414026,6.0,485861.0900214927,13.093678039026408
11611.0,1272714.38494805,251868.653237954,3.0,271871.01386014867,12.51308301905378
11612.0,1272959.1459083,252034.068214133,5.0,217303.5971533475,12.289050719965527
11614.0,1275235.32408662,248797.169202805,4.0,59919.39422926385,11.000755508481518
11618.0,1256910.08547586,257887.959420115,1.0,0.0,
11620.0,1278409.18552987,217017.235410273,4.0,98611.91514868342,11.498947376582699
11621.0,1274231.0863256,217422.86677068504,3.0,96829.07555789118,11.480702595497018
11622.0,1275136.45554252,230807.131680384,4.0,111831.35080319578,11.624747219026416
11624.0,1275874.04165527,234156.992099822,3.0,20774.918500983335,9.94150169677893
11625.0,1270947.52920224,224587.313754022,4.0,218579.56869485785,12.294905386014598
11626.0,1270791.77688207,224850.68559429,4.0,112297.41958556834,11.628906162595829
11627.0,1278458.41349792,205575.525318548,3.0,179036.3337972439,12.095344046332318
11628.0,1285871.02464151,245846.05009579696,3.0,664.494914962993,6.499027225698125
11629.0,1272528.01752385,239071.390120849,4.0,144897.0935007774,11.883779069451816
11630.0,1282846.04281442,255921.128698111,4.0,559231.2065597773,13.234318274066718
11631.0,1274021.50206938,205416.802246392,3.0,995690.0743082796,13.811191317769977
11632.0,1274735.39634211,208117.347657159,1.0,0.0,
11635.0,1262663.17277776,256212.713402405,4.0,460675.01297542127,13.040448112369168
11636.0,1278027.21324149,249966.288244009,3.0,17774.70734479556,9.785531790108084
11639.0,1270380.93720165,246195.24395214,3.0,47267.16451651965,10.76357113714614
11640.0,1269514.04452877,226376.433179855,3.0,15061.901616572566,9.619923762743309
11643.0,1275922.45003933,252663.613878772,3.0,671574.53657823,13.417380288901873
11645.0,1277589.02610503,259583.50950186,4.0,233034.0977177706,12.358940063977226
11647.0,1280194.0812757,224529.615705967,4.0,304943.65734237,12.62788230849984
11649.0,1279689.62623519,204696.441477656,1.0,0.0,
11653.0,1280127.77791564,206910.25459991404,3.0,533376.937065432,13.186983652197664
11654.0,1280121.82745163,206643.960839644,3.0,128276.17726693288,11.76194085344829
11655.0,1293876.75860171,181268.703533664,4.0,1101280.6400116556,13.91198427878455
11656.0,1268841.74142408,226247.981339723,4.0,254079.877838923,12.445403976243103
11657.0,1273525.31768487,252609.482422709,4.0,107478.20875744772,11.585043396768517
11659.0,1281511.67769305,228938.11638248,4.0,229654.38480064552,12.344330782977478
11660.0,1284980.3000326,203120.845828041,3.0,79210.0579542428,11.279858564111167
11661.0,1272924.73131625,242763.789868638,4.0,263338.85389700206,12.48119689972118
11662.0,1272945.14040428,243464.22974135,3.0,71413.50320920482,11.176242251023732
11663.0,1263517.78289063,251626.810165703,4.0,136168.79265927192,11.82165051765699
11668.0,1268145.47115137,284718.918871596,3.0,99717.73995842632,11.51009887350608
11669.0,1268146.93015936,284984.695895866,1.0,0.0,
11670.0,1293823.01101767,185240.117809728,4.0,252522.3591353761,12.439255074808333
11671.0,1265667.07620482,247774.010161757,3.0,53866.11732595655,10.894256938192273
11672.0,1270796.10040207,249506.89451554403,3.0,145855.43185051763,11.890371217321041
11673.0,1270842.41822612,249535.047987565,4.0,172789.45467170168,12.059829107284488
11675.0,1272659.81125198,227978.331549495,4.0,210829.16930218312,12.258803460375285
11678.0,1273908.20869327,244770.817326695,4.0,451550.27173161134,13.020441989454008
11680.0,1264316.20522745,244095.426605999,4.0,419440.53220744064,12.946677036097986
11681.0,1273246.46258059,204544.340357497,3.0,552959.7891472577,13.223040563841254
11682.0,1273180.11198851,204302.425861254,4.0,720123.9951879091,13.487178691703607
11684.0,1274867.50168625,280167.452242941,1.0,0.0,
11685.0,1275068.67448646,280157.768850923,3.0,76621.51356984011,11.246633172299154
11687.0,1278357.94584982,237001.859814733,4.0,222721.41761216577,12.313677021105088
11688.0,1283287.14854287,205221.527046189,4.0,411268.425452545,12.927001383590095
11691.0,1284634.10323225,241623.934187472,3.0,105442.39286019508,11.565920043524685
11692.0,1284876.65164849,241795.943339646,1.0,0.0,
11694.0,1282555.18412612,269696.959752217,3.0,123093.78824338272,11.720701849838276
11697.0,1274873.22507825,254558.62092071804,3.0,38326.930439570526,10.553908072714673
11698.0,1279930.33471543,268444.924166933,1.0,0.0,
11701.0,1264873.94161202,248972.297778994,3.0,196253.79721986817,12.187163984348516
11702.0,1264686.66577183,248975.37752299,3.0,163560.6007615667,12.004938847506601
11706.0,1276705.21388014,249993.356468037,4.0,142741.93545998115,11.868793631771657
11710.0,1270650.00715393,206279.90579927,4.0,239534.02122781973,12.386450736800425
11712.0,1279691.09996319,204345.897861287,3.0,550137.6947517975,13.217923879969474
11715.0,1277458.10348091,227045.484700531,4.0,466687.2029859495,13.053414511347588
11716.0,1261264.32484032,253686.161719814,4.0,584029.5603176468,13.27770687751164
11717.0,1259122.11651812,259343.125821605,1.0,0.0,
11718.0,1281503.76038104,249246.369075269,4.0,384469.0751462355,12.859618635944859
11720.0,1277551.478265,217850.85083513,3.0,349845.099333044,12.765245762166954
11721.0,1277375.01932082,214735.570319936,4.0,67652.16382118751,11.122134618618635
11723.0,1267672.63979088,245457.675567389,4.0,294195.60940111405,12.59200016318058
11726.0,1274989.48370238,252698.1479588,4.0,57246.2847086993,10.955118023392739
11729.0,1278570.74098603,246332.334896281,3.0,162973.97425801354,12.001345799911995
11731.0,1282220.00172578,276244.931918919,1.0,0.0,
11732.0,1282011.18098956,274252.298060879,1.0,0.0,
11734.0,1273051.98072439,230442.329568014,4.0,582194.2952508967,13.274559511638468
11735.0,1267980.71070319,283938.109078795,1.0,0.0,
11736.0,1270005.40152127,258150.026172385,4.0,127037.24240646083,11.752235569747112
11737.0,1283089.52262266,196399.72543714903,3.0,106666.53304720044,11.57746273342452
11738.0,1283507.4037111,196393.935421154,3.0,199319.6752764092,12.202665223236925
11739.0,1279241.07692273,251268.652085349,4.0,170952.02772830197,12.049138256525628
11740.0,1279511.52421901,251263.868661344,3.0,101151.90782393212,11.524378703752
11742.0,1276138.40991154,247362.295409337,4.0,86994.52314520763,11.373600443301203
11744.0,1278381.56389785,232991.522018626,3.0,15615.837915275692,9.656040929198117
11745.0,1278707.83065018,232982.510178611,3.0,44065.796891904654,10.693439179834204
11746.0,1280734.21138826,272234.49402681,3.0,909300.4512795592,13.720430848007249
11747.0,1278448.42527391,276440.095183119,3.0,134840.63308545685,11.811848864423425
11748.0,1276387.91595981,276515.6987032,3.0,378191.578529569,12.84315616771788
11749.0,1284917.57280053,199680.39968051,4.0,76519.18771721168,11.245296808197423
11754.0,1280758.40889227,202494.00096339,1.0,0.0,
11757.0,1276300.11922371,220322.23202166,4.0,278935.0478830992,12.538734230414228
11758.0,1276595.67967202,220347.387541682,4.0,184635.77235711156,12.126140365360317
11759.0,1273819.20914118,230092.932319656,3.0,100289.8502544073,11.515819774955277
11760.0,1265685.54206085,248518.779314533,3.0,10186.937903291822,9.228861580889916
11763.0,1286275.15142593,191562.0930482,1.0,0.0,
11764.0,1286268.98643392,191086.43423171304,3.0,96531.05972385131,11.47762009796381
11765.0,1268907.72523214,283527.032790378,3.0,29597.290437353797,10.295438096843588
11766.0,1294533.33933839,186821.813491344,4.0,132476.753623464,11.794162464665039
11768.0,1274212.02462958,279961.961874723,3.0,399093.7519949459,12.896951635677363
11773.0,1277101.49855253,213840.98484700904,3.0,49594.20764799297,10.81162932460309
11774.0,1281571.76159711,259848.804222122,3.0,54621.63330247213,10.908185297591817
11776.0,1262573.45936966,251644.702197731,3.0,397825.301535302,12.893768247037759
11777.0,1263626.97329074,255669.916281849,4.0,500908.2226604176,13.124178174983415
11778.0,1263630.99204274,255933.905914113,4.0,122006.89053810168,11.711832801940973
11779.0,1294368.96071422,187446.30993999503,3.0,53874.78284852429,10.894417796744085
11780.0,1273742.0026131,273131.601483732,3.0,83862.92140351098,11.33693885679232
11785.0,1273270.20766862,239779.038313583,1.0,0.0,
11790.0,1280645.12134017,219400.982612714,4.0,113701.94718150535,11.641335805198894
11791.0,1280907.78489244,219456.385044768,4.0,186693.85038823856,12.137225390520477
11792.0,1283855.85215946,257500.236795723,1.0,0.0,
11793.0,1268015.36350323,244111.198254019,3.0,18200.20297548693,9.80918802550198
11794.0,1282315.13113387,208681.572233737,4.0,87414.18657053987,11.378412866212258
11795.0,1282314.33618987,208296.57402533304,3.0,107443.78508231632,11.58472306030773
11796.0,1284782.9746564,259094.401853353,3.0,134038.550984457,11.805882731470948
11797.0,1280735.91910025,259166.172733426,3.0,52388.600240579945,10.866444293980432
11798.0,1263029.58378613,247659.720049649,3.0,144454.92304995414,11.880722786656333
11799.0,1269277.77963252,213578.881998748,4.0,195057.0751181326,12.18104748763317
11800.0,1271349.72824265,210629.336395726,4.0,1084150.6554551057,13.896307432371904
11803.0,1284975.4680326,244547.63934245697,3.0,216464.5196495325,12.285181931468228
11805.0,1272181.8941955,250136.522164181,3.0,8042.580367318932,8.992505251891222
11808.0,1282791.70335837,265723.645828143,3.0,102557.79621958366,11.538181784205065
11809.0,1282794.31622237,266349.82867679,3.0,56886.710349430505,10.94881703131325
11816.0,1275266.28568666,250840.772404909,4.0,248568.59184568515,12.42347410995522
11817.0,1276181.6614316,250827.586036891,3.0,259882.0337967904,12.467983090871149
11818.0,1275863.29989527,247696.69009769,4.0,199275.9251024752,12.20244570162621
11819.0,1276143.30821556,247692.729457676,4.0,164091.91378849317,12.008181999742765
11820.0,1270109.47313738,256156.45957835004,3.0,43272.87998599294,10.675281389497032
11821.0,1273215.95154056,217447.512082711,3.0,42435.0,10.655728772403778
11822.0,1273382.75333273,217443.091794699,1.0,0.0,
11823.0,1274255.48587762,210756.749195859,1.0,0.0,
11824.0,1274421.47832578,210754.592715859,4.0,88331.83357993602,11.388855837815768
11825.0,1275711.78507911,242874.075372741,4.0,138788.79307935733,11.840708582291882
11826.0,1258270.26390925,258549.371836796,4.0,180323.07672824716,12.102505391729231
11827.0,1257713.52387668,258559.691964805,3.0,136435.88332553385,11.82361006402766
11828.0,1268544.74564777,243244.051373124,3.0,21965.998637934037,9.99725102034037
11830.0,1288793.19565251,192118.490552768,1.0,0.0,
11831.0,1285119.20787275,260338.24518263305,3.0,37254.57061666868,10.525529917399162
11832.0,1276172.68543158,218134.141971409,4.0,725122.6978820956,13.494096157975662
11833.0,1263301.7072424,247937.43204993,4.0,506275.0853235643,13.134835447431687
11835.0,1280659.10655618,218860.43086816405,3.0,1315.2471899558766,7.181779904099131
11836.0,1271877.28721918,252589.404726699,3.0,150266.30969069744,11.92016439686035
11837.0,1276061.05407147,281165.918419957,1.0,0.0,
11839.0,1278290.97381775,265193.670851603,3.0,48972.25607504039,10.799009214189372
11840.0,1275579.27979897,256659.901498869,4.0,110042.19620936044,11.608619173121431
11841.0,1280013.33522752,268291.90413478,1.0,0.0,
11843.0,1281765.85401331,213704.891918883,3.0,268175.90541782166,12.499398407680017
11849.0,1267077.71575826,246251.151024207,3.0,148986.57712536448,11.911611494462623
11850.0,1264767.28695591,252421.255094528,3.0,23759.48378192486,10.075737046890596
11851.0,1291807.63149559,185459.85227395603,3.0,543441.9717717771,13.205678212174105
11853.0,1283472.70399906,247874.953521863,4.0,410366.7464136098,12.924806542298525
11855.0,1271165.81093046,231930.783649534,3.0,152543.31920860437,11.935203895076382
11856.0,1271318.49304262,231929.843361542,1.0,0.0,
11857.0,1270386.93387365,232056.078305662,4.0,367738.594214979,12.815127622931664
11858.0,1256496.55907543,250440.53995649505,3.0,224711.51682898492,12.322572711105561
11861.0,1287074.25024275,188672.462325245,3.0,874775.4691123795,13.681722525681902
11862.0,1275270.02648667,221764.531991124,4.0,572157.4100124557,13.25716942483294
11863.0,1266866.85694206,229029.233310565,4.0,75326.03338689699,11.22958108294717
11865.0,1273906.71160527,248487.18264249,1.0,0.0,
11866.0,1256250.56649919,252550.029174656,3.0,53400.26771683474,10.88557103835959
11868.0,1281419.38783696,212207.529101342,3.0,7109.809827125038,8.869230775199775
11869.0,1264955.7741241,245775.568943724,4.0,252817.32777171352,12.440422482306614
11872.0,1284211.52531181,197233.289086014,3.0,81955.6358216257,11.313933353273168
11873.0,1282850.34924643,209149.072650209,4.0,82504.66277244553,11.32061008917955
11874.0,1273233.14245257,224517.642969951,4.0,807640.6548664737,13.601872504503556
11876.0,1262391.65098548,283531.861846372,3.0,127552.0,11.756279403572467
11881.0,1270621.2539379,232407.309922025,3.0,65144.34745167793,11.08436081672721
11882.0,1270691.80299397,232393.25123401004,5.0,734792.0627788056,13.50734283038508
11883.0,1280281.2385878,247275.245745257,3.0,374497.6598035374,12.83334083306418
11884.0,1276356.31237577,268557.91085504,4.0,149273.44588617003,11.913535110281915
11885.0,1271223.87217851,224750.878682181,3.0,26962.84528971628,10.202215096909942
11886.0,1280124.51679564,222376.24040775,3.0,9372.772388580024,9.145564210719638
11888.0,1278803.14770629,231491.567649096,3.0,119282.9824678286,11.689253953048132
11893.0,1273407.89074075,208946.316809997,3.0,48863.39772365054,10.7967838823786
11894.0,1273558.79826091,233530.34115517105,3.0,113380.75853195216,11.638506978030128
11896.0,1278213.84242567,219359.872788668,3.0,174481.26293352243,12.069572639120304
11897.0,1265955.40369312,256927.149307132,4.0,173532.52048605029,12.064120298764696
11898.0,1278849.37759432,213505.953678668,3.0,28729.21315211965,10.265669763924066
11902.0,1279064.88799454,278157.78241688,3.0,1084602.7691744268,13.896724366561596
11906.0,1276995.25957642,232799.744482428,4.0,990087.353280768,13.805548453855378
11909.0,1274162.24459752,249366.953139395,4.0,80480.43157434318,11.295769347823452
11910.0,1279742.24127524,197623.51763041303,3.0,84778.0,11.347791354158918
11911.0,1281488.59442903,247909.981681898,4.0,560058.4612895105,13.235796452422377
11912.0,1271979.13182729,212117.835085258,4.0,330496.3193564439,12.708350801620169
11915.0,1282948.78310253,243540.076333433,3.0,79345.15163358985,11.281562623061848
11918.0,1274847.18936622,250843.010548905,4.0,234044.7065584024,12.363267429759796
11919.0,1275438.33522283,253341.425847471,3.0,186777.9722259367,12.137675876120875
11920.0,1274957.98443834,263068.815169424,3.0,62904.28071417281,11.049369496242038
11924.0,1259249.44432625,255741.182841927,4.0,156043.46229238182,11.957889851867009
11925.0,1259264.27338228,256405.6782666,4.0,101099.44624031642,11.523859927647532
11926.0,1275855.98725526,213272.99483043,3.0,278596.3770013861,12.53751933594101
11927.0,1271213.27966651,248572.108594581,4.0,62422.60422951452,11.04168273602968
11928.0,1271102.56337839,248835.565426856,3.0,36776.8020169848,10.512622545410789
11934.0,1262127.8804892,245854.396207795,4.0,195144.5706189309,12.181495950643107
11935.0,1272375.7960197,220909.834902257,4.0,78105.26055680211,11.265812690240622
11937.0,1271516.18065882,214319.528847501,1.0,0.0,
11939.0,1276734.55506416,255299.126329467,4.0,81302.31504451158,11.305929770462733
11940.0,1279192.74437867,265486.3027879,1.0,0.0,
11941.0,1282115.43500566,195589.340924323,4.0,45758.13294310134,10.731124824152703
11942.0,1282108.94687766,195285.484540015,4.0,1014650.719763664,13.830054992776237
11944.0,1277026.53868046,220591.097685933,3.0,8032.900043602212,8.99130089287496
11948.0,1273281.65285262,272151.397066727,1.0,0.0,
11949.0,1273742.7404691,272140.304266721,3.0,251783.62616783244,12.436325371344719
11950.0,1277926.83941738,277123.908815816,3.0,13274.644959479823,9.493611100703884
11951.0,1258985.94486998,259615.911997885,1.0,0.0,
11952.0,1281514.89030105,191806.777912453,1.0,0.0,
11956.0,1275166.14904656,208400.419593439,3.0,97297.73561803876,11.485530995735143
11958.0,1272431.68965176,279982.252178743,3.0,44799.34127583658,10.709948714630615
11959.0,1272433.16209975,280321.023827091,3.0,1023115.0317798085,13.838362484144799
11962.0,1274755.62002213,273923.938828543,3.0,1067389.583430908,13.880726584010032
11966.0,1281005.57638054,216831.884050086,3.0,43876.42733767238,10.689132492151776
11969.0,1270127.7362414,280044.80488281,3.0,186346.20362629867,12.135361532423518
11974.0,1269993.86148925,214349.810575545,4.0,90548.821737542,11.413644450941334
11975.0,1270223.67140949,214345.167247534,3.0,45561.21329137365,10.726812047833695
11976.0,1282037.15730959,268377.089350864,3.0,140839.66699133223,11.855377408819532
11977.0,1282255.45081381,268369.571014851,3.0,141230.2998934738,11.858147169501157
11978.0,1271272.78744256,206263.274631262,3.0,122288.62053955834,11.714139271880676
11979.0,1263224.86391433,250332.98078838,3.0,572059.4590847093,13.256998214408357
11980.0,1280400.19602792,197936.141630724,1.0,0.0,
11984.0,1274046.1597974,276603.627663285,3.0,736954.4590475241,13.510281376925104
11987.0,1284265.27852787,200886.701057747,3.0,42886.75994250392,10.666318431232428
11988.0,1284546.65459216,200882.88742575,1.0,0.0,
11990.0,1279131.28645861,258213.140220448,1.0,0.0,
11991.0,1281540.70521308,209157.963018224,4.0,115367.80488590142,11.655880607008084
12000.0,1258139.28675711,253061.985463172,4.0,148560.12819059944,11.908745058913933
12001.0,1264457.26333959,247134.517361104,3.0,14084.239975524,9.552811719005387
12002.0,1282195.26066975,191953.562744603,3.0,690214.2808682154,13.444757380345077
12004.0,1281949.9009255,202298.8586272,3.0,62200.95823139283,11.038125684258008
12007.0,1268574.1989598,243822.158125713,3.0,46021.25282091726,10.736858586619878
12008.0,1268837.16337608,243811.964269713,1.0,0.0,
12010.0,1262781.81392987,244122.425582021,4.0,139148.30365999864,11.843295576150291
12013.0,1274860.79634224,227953.267997473,4.0,162158.5826350856,11.99633004055417
12014.0,1275725.29624712,271742.805706307,3.0,558072.2385058056,13.232243692672089
12017.0,1273614.41528496,237492.294183239,4.0,126585.3020756464,11.748671684603629
12018.0,1294422.92877828,183110.087983549,3.0,463912.96665912005,13.047452241759247
12023.0,1283031.69401461,268342.820422828,3.0,304771.4642726964,12.627317477259323
12024.0,1283302.38278289,268333.492678821,3.0,324759.5918850647,12.69084047030933
12028.0,1275993.0020394,232163.19753778,4.0,477263.59067919175,13.075824218247364
12029.0,1280803.32678032,207951.386376992,3.0,55372.63874124719,10.921840865196687
12030.0,1278330.18437779,222922.22191231,4.0,321689.69859465363,12.681342690938388
12031.0,1278323.63980179,222631.548952013,3.0,4491.408187634257,8.409921559100935
12036.0,1269682.07275294,284953.940375835,1.0,0.0,
12037.0,1269801.92356905,284952.897111833,3.0,45648.055193250446,10.728716282558107
12040.0,1271112.0184184,281853.377364665,3.0,44286.47962038813,10.698434709007387
12041.0,1271388.35576269,281836.309140638,1.0,0.0,
12042.0,1272228.32587555,215065.649360269,3.0,43384.89394793929,10.67786659378388
12044.0,1265100.28599624,245629.161455572,3.0,54954.40436564628,10.91425910886081
12047.0,1284879.6860805,255243.234041408,3.0,70637.33333333765,11.165314084470975
12049.0,1280761.03974028,260182.957118466,3.0,25952.177718581966,10.164010804864178
12050.0,1281567.77106911,260163.038526446,3.0,36445.78281376772,10.503581032904274
12052.0,1275663.66546306,252673.168310776,3.0,6186.172479630062,8.730071835111413
12054.0,1263225.40388232,243682.828397572,3.0,24441.0953726888,10.104021231130984
12055.0,1270778.86616206,247518.338097498,4.0,139612.87873352808,11.846628719593388
12058.0,1265703.80119686,249256.181427285,4.0,40810.71298349,10.616699899050719
12061.0,1287242.23712292,202871.123267785,4.0,108500.67324131742,11.5945116569325
12063.0,1283581.99347118,266045.714756474,3.0,294281.08694954624,12.592290667628975
12064.0,1271170.43166646,228596.627934128,4.0,194909.89190770476,12.180292637967112
12065.0,1270855.40011413,228883.342878416,4.0,235981.40114373,12.37150827218917
12066.0,1273234.02597257,227544.440349042,4.0,390291.8395663768,12.87465004484451
12067.0,1287493.81632318,203616.712324545,4.0,142820.26721798276,11.869342246113693
12072.0,1269371.03595261,215122.431760326,3.0,184090.32111245944,12.123181791762295
12074.0,1274388.01643775,239032.768808812,4.0,188770.15468638705,12.148285441206143
12075.0,1285243.41305687,208232.311049268,4.0,102561.29571761168,11.538215905826755
12076.0,1274497.75410187,224882.842330322,3.0,20640.78667002211,9.935024332726845
12079.0,1270220.84139349,283947.139926806,1.0,0.0,
12081.0,1285975.53753762,197210.895741984,3.0,158553.3770370626,11.973846579248098
12083.0,1267740.79710294,243584.363053471,3.0,73819.91899356506,11.209383879232602
12084.0,1278145.1834816,230772.57072036,3.0,34411.61574381956,10.446149453336327
12087.0,1271306.8700026,245507.041583449,1.0,0.0,
12089.0,1283493.93555108,251189.41963726297,3.0,58213.612942192914,10.971874505719734
12090.0,1267620.29636683,229293.584862843,4.0,293609.8903756687,12.590007261720746
12100.0,1260329.84080736,249598.285363629,4.0,314435.1436645412,12.65853311339376
12101.0,1259671.96419869,249612.812915653,4.0,339832.5660964886,12.736208322640325
12104.0,1270374.48868965,244863.841134787,4.0,157722.13626953406,11.968590132596349
12107.0,1282534.9598061,265731.714756146,3.0,222398.9425688072,12.312228086710602
12110.0,1295993.13428389,182529.572398961,1.0,0.0,
12111.0,1262985.82365808,256739.239290938,3.0,29529.163271221987,10.293133639464262
12114.0,1279296.91903478,200669.782529533,1.0,0.0,
12115.0,1279829.06233133,200659.363585517,4.0,134543.30974345308,11.80964143171891
12116.0,1275720.12498312,243099.681580976,4.0,71912.31926272373,11.183202867874092
12117.0,1273477.65016483,215798.703377023,1.0,0.0,
12118.0,1261629.09968869,247407.806513384,4.0,296256.180933762,12.598979835125263
12119.0,1285384.87110502,256596.8885068,3.0,64915.74685996482,11.080845505926733
12120.0,1283176.97651076,252518.937014624,3.0,80230.51749172762,11.29265923882945
12121.0,1256760.50966771,250438.294516489,3.0,142150.3764593912,11.864640765400585
12122.0,1289701.55898143,187952.029428512,4.0,179056.34253779778,12.095455798076474
12124.0,1281283.79628482,249249.85003528,4.0,61727.90395650077,11.0304913597896
12125.0,1281294.78905283,249906.317235947,3.0,11416.180684944842,9.342786986374172
12126.0,1269049.56254429,255525.509433702,3.0,562116.7801063429,13.239464901073218
12127.0,1269057.6973923,256188.983482376,4.0,964877.896953148,13.779756840660548
12128.0,1282021.04972558,223092.944024488,4.0,176015.2963213296,12.0783261811604
12129.0,1282401.11820596,223329.145304739,3.0,967558.1880953718,13.782530844811806
12138.0,1278163.02168962,249228.22443525505,3.0,52629.76305208503,10.871037076192241
12139.0,1278282.04306574,249226.034803256,1.0,0.0,
12145.0,1285432.62950507,246316.584240273,3.0,32225.28012369161,10.380506520514109
12146.0,1266826.77137402,250288.79352434,4.0,90158.06260356608,11.40931966005738
12147.0,1278742.63698621,283784.670742646,3.0,327363.220899828,12.698825600711622
12148.0,1279032.14853851,233061.715426698,3.0,113554.65768652232,11.640039565508152
12150.0,1280689.7872602,223793.671961203,3.0,147301.8962530746,11.900239475776377
12151.0,1281669.80012521,244560.899758473,4.0,582718.382641195,13.275459299984158
12153.0,1264587.68893972,211575.985100701,4.0,164109.4979370731,12.008289154361657
12157.0,1264696.18737184,283329.581462175,3.0,342531.4567406119,12.744118776965106
12158.0,1264026.44727515,283349.298582196,1.0,0.0,
12159.0,1288330.70867604,202916.541123822,3.0,19780.99160586669,9.892476735662651
12160.0,1288269.28819597,202036.271554932,3.0,132215.356530655,11.792187361004915
12163.0,1277356.32120879,222943.171352342,4.0,86512.16062638788,11.368040268314948
12164.0,1286101.50220975,197208.86393398,3.0,49775.595356680125,10.815280089818778
12165.0,1281432.55058897,212682.032781824,4.0,92716.16164875074,11.437298079925842
12166.0,1280437.85407595,254677.696504831,3.0,24245.62846004062,10.095991610426049
12169.0,1279477.05842696,230415.864735991,3.0,68715.09629447303,11.13772419634827
12170.0,1271291.72965059,254151.944248289,3.0,113787.06094410967,11.64208409424615
12171.0,1258380.05405337,251715.195189804,4.0,212200.19156343705,12.26528540791108
12174.0,1265335.01028448,244079.272813976,3.0,48980.96634420898,10.799187059674725
12176.0,1285238.33196887,247999.991665989,4.0,177076.30350796226,12.084336011927284
12182.0,1258688.72726968,260468.464766756,3.0,1111011.583382659,13.920781494654417
12184.0,1285223.25984085,261484.12575981,3.0,320023.99184101314,12.676151246468628
12193.0,1281585.58374113,257506.974267736,4.0,143033.5787211238,11.870834697908663
12194.0,1280147.79429966,213324.59969449,3.0,43076.48488891663,10.67073253297648
12197.0,1280678.4539482,223433.944024846,3.0,71584.95116304478,11.17864015157089
12205.0,1277645.91020109,266780.428805232,1.0,0.0,
12209.0,1270760.76907404,247248.483313233,4.0,445902.3027966172,13.00785515498128
12211.0,1282454.32934202,213213.092430368,3.0,261877.53883801828,12.475632264458392
12217.0,1270771.31205006,282026.678868845,3.0,596557.6351214318,13.298931138017503
12218.0,1270775.81957006,282981.897749811,3.0,133927.66756328032,11.805055138887775
12219.0,1279441.29861893,279823.044498578,3.0,124156.02293149012,11.729294303102229
12222.0,1261641.1767447,247973.949745968,4.0,853509.9316934429,13.657112457579442
12223.0,1267348.20702255,244694.39723061,4.0,357086.75514303066,12.785734042844366
12225.0,1269291.48728053,212894.65044604204,3.0,38517.45865178964,10.558866888963815
12226.0,1272635.65509196,208567.434697613,3.0,46467.24560601388,10.746502947802732
12228.0,1272582.8671239,252028.167990118,3.0,223025.6454606163,12.31504204589557
12229.0,1280707.59366024,195609.915644348,1.0,0.0,
12230.0,1273770.61675712,223021.85359241095,4.0,1070958.1156968724,13.884064241005845
12231.0,1279781.52005927,210624.043147728,4.0,96696.45056864922,11.479331975169469
12233.0,1278494.28050596,200406.359809265,3.0,100217.2669291208,11.51509577742864
12235.0,1270284.45278555,217399.901970655,4.0,666967.2855818182,13.410496276591191
12240.0,1281122.62892465,258135.031100377,1.0,0.0,
12241.0,1281593.58502114,258132.960572377,4.0,293177.8054368191,12.588534548437806
12243.0,1274875.19199026,254822.42124098504,3.0,357452.2667746286,12.786757112690147
12245.0,1281382.72326092,270393.660424933,3.0,347698.4067948775,12.759090735859708
12246.0,1277796.75928925,284575.949335456,3.0,148109.49003621453,11.905707076772929
12247.0,1264304.01297143,256969.221435174,4.0,153121.26768055875,11.938985485653024
12253.0,1296245.27911614,184333.410672799,4.0,378504.1921137565,12.843982427396078
12254.0,1296232.98260413,184075.895728543,4.0,307963.21085587016,12.637735609548407
12255.0,1276205.22309561,283153.774677992,3.0,48798.36503970426,10.795452087995242
12256.0,1276176.03973559,283411.30504626,3.0,119901.4904461244,11.694425771681667
12257.0,1295150.11597902,185180.228849664,3.0,448262.6441978408,13.013134598984415
12258.0,1283570.81433517,276217.208846897,3.0,136598.18895806957,11.824798968037305
12263.0,1272437.05214776,281987.873172805,4.0,494300.02525148325,13.110897950380389
12264.0,1272440.33758776,282615.015573442,3.0,235189.40246983804,12.36814643646529
12266.0,1275638.19435903,230853.619808435,3.0,13402.087224606688,9.503165736839552
12267.0,1279648.28773914,219105.152788401,3.0,728537.6540507108,13.498794590379415
12268.0,1261831.95920891,253011.188983127,4.0,345365.36083221406,12.75235815255565
12269.0,1264583.43364371,211461.496844575,3.0,45508.87834692848,10.725662714407875
12270.0,1274832.46763821,215767.676880985,4.0,134124.80346522457,11.806526014621392
12272.0,1272883.44466022,250994.335093066,3.0,419921.33171432937,12.947822667273623
12273.0,1264436.72823557,248979.487091005,3.0,90964.16156895131,11.41822087901539
12274.0,1284000.7727996,208094.195785135,1.0,0.0,
12277.0,1275724.18271112,276540.579919219,3.0,440172.2536948294,12.99492141495399
12280.0,1264714.45437986,284124.402006984,4.0,207364.69497809585,12.242234333566502
12281.0,1264434.43530756,284130.210391,1.0,0.0,
12285.0,1265996.25694117,250627.90994069,1.0,0.0,
12286.0,1266297.00471747,258240.487932488,4.0,456967.24144175526,13.032366985560376
12287.0,1279535.07961103,204006.323396951,3.0,44873.03546223337,10.711592346831925
12290.0,1262501.32298559,258329.889660567,1.0,0.0,
12291.0,1276711.90316014,222957.159192353,4.0,234466.429861934,12.365067700381552
12292.0,1285992.76716964,197929.039614722,3.0,84777.99999999997,11.347791354158918
12293.0,1265464.00407661,249266.121651292,3.0,28904.96257352894,10.271768574706153
12298.0,1284157.11071976,255575.138233751,1.0,0.0,
12299.0,1267929.63070314,251222.15122129,3.0,320011.31848252274,12.67611164440828
12303.0,1282487.42086205,246259.595888212,3.0,14051.713521428472,9.55049962614605
12304.0,1282793.20467037,246359.73444831403,3.0,349973.4686764001,12.765612626810631
12308.0,1263691.56311481,283484.46101433,1.0,0.0,
12309.0,1263367.42001048,283378.518358216,3.0,424501.315969062,12.958670384773638
12310.0,1275397.84050278,273396.303755999,1.0,0.0,
12315.0,1275906.77029531,218141.27643542,4.0,149778.47151047725,11.916912624853953
12321.0,1275464.43551086,273506.439308107,1.0,0.0,
12323.0,1270865.37585814,286837.41564177,1.0,0.0,
12326.0,1271495.9454588,281740.047508538,1.0,0.0,
12328.0,1281307.78969285,192240.672376901,1.0,0.0,
12329.0,1278117.19698557,235409.72714109704,3.0,27779.889441130126,10.232067636499483
12333.0,1257288.40925224,250433.802420482,3.0,47069.10837849438,10.759372191757617
12334.0,1278867.47436234,222910.33941631,4.0,871353.3008760455,13.677802800313719
12336.0,1258690.12522168,254380.081272528,4.0,406565.6356848256,12.915500660335193
12337.0,1272531.41419585,235513.97462920804,5.0,218829.60165730608,12.296048631317298
12340.0,1277606.28754506,213830.391055003,4.0,65761.67544821416,11.093792507632598
12341.0,1277753.70853721,213827.151183009,1.0,0.0,
12343.0,1286539.8697622,196079.365500823,3.0,89217.04298533882,11.398827365175594
12344.0,1281034.82892457,249910.88907595,3.0,33326.2053171533,10.414099312949581
12345.0,1279677.32869917,268453.046854943,4.0,54344.26932297838,10.903094446750554
12346.0,1262805.3148579,249278.8683393,3.0,29608.3459727774,10.29581155910909
12347.0,1273737.51966909,276615.08436729,4.0,432249.59971842624,12.976758477503296
12353.0,1288642.66016436,188692.84779726,3.0,103699.20746396529,11.549249751603702
12355.0,1273177.15960452,215496.36276871,3.0,203531.86520609085,12.223577857385829
12356.0,1265749.43754891,251620.832501709,3.0,18566.811134105566,9.829130918228065
12360.0,1279767.68876326,218016.961043298,3.0,103189.45158666608,11.544321913497964
12366.0,1281681.83417323,214349.600271538,3.0,56027.283530414046,10.933594056971277
12367.0,1281456.22175699,194431.992827147,4.0,330470.5193354209,12.708272734099905
12368.0,1283112.16403069,251197.003957272,4.0,68899.27134539803,11.140400881407338
12371.0,1272351.20753968,283490.966614336,1.0,0.0,
12372.0,1272445.23288377,283490.73627834,3.0,132619.54219090735,11.795239722880309
12373.0,1267495.2427987,285391.092376277,3.0,301994.07907472126,12.61816269045197
12375.0,1272557.39473988,221823.982679188,4.0,17248.770522475883,9.75549614586002
12376.0,1280844.03865236,249914.265715957,3.0,6248.585598921559,8.740110412947244
12377.0,1266813.786158,241566.890987411,1.0,0.0,
12380.0,1282351.58156592,212654.570253804,3.0,30637.1780768637,10.329969520294055
12382.0,1261730.72548079,245863.148463801,3.0,4411.960911112751,8.392074520658886
12383.0,1275768.50943117,223947.511577368,3.0,141431.88888518585,11.859573529544294
12384.0,1281783.27526133,223260.421400666,3.0,45685.84158979558,10.729543716841148
12385.0,1273383.39704473,242664.32350052905,3.0,354799.4568756524,12.779307998626233
12387.0,1282316.15244588,228920.560350463,4.0,292408.0112326209,12.585905404678815
12388.0,1282422.58892599,229531.457055077,3.0,317861.8233631489,12.669372049606185
12389.0,1273382.89445272,280624.007763401,1.0,0.0,
12390.0,1266899.78897409,287131.067930073,1.0,0.0,
12391.0,1267167.09092636,287129.068890065,3.0,104885.66916516202,11.560626170801688
12401.0,1286746.76038641,246138.355312094,1.0,0.0,
12402.0,1272444.54161976,283300.709142148,3.0,55535.84616540829,10.92478396810004
12404.0,1277813.80485727,227907.28054142,4.0,649416.4661304364,13.38382949424325
12407.0,1273913.08427727,230092.152799651,3.0,42366.33400270568,10.654109316457498
12408.0,1260603.86423165,261039.393407345,1.0,0.0,
12409.0,1258872.60880587,249630.941491663,4.0,329550.86238321423,12.705485983328343
12412.0,1278487.49151395,205573.955462545,1.0,0.0,
12415.0,1276271.58712769,257304.126907527,4.0,215467.46004122667,12.280565179636163
12416.0,1281688.08025323,251903.999285996,1.0,0.0,
12418.0,1254454.57660934,254067.757112205,1.0,0.0,
12419.0,1281150.66495669,264410.4322588,3.0,114261.2254204066,11.64624255706259
12420.0,1282849.35052642,228653.347614184,4.0,164229.79259844255,12.009021900458269
12421.0,1279447.56703494,260523.339326814,3.0,719630.4940098914,13.486493156494587
12422.0,1282826.91391839,227787.117725298,3.0,52034.78518138344,10.859667719714892
12423.0,1282968.15737455,227783.909085289,3.0,56493.27425176442,10.941876870256953
12424.0,1274592.06622997,211391.743692502,1.0,0.0,
12426.0,1272099.59288341,218139.208851412,4.0,109820.81544053416,11.606605366051465
12428.0,1273424.56005277,250091.975028142,3.0,432572.4984029791,12.977505217671611
12429.0,1262962.53335406,255388.06380155697,3.0,113841.639601883,11.642563635346972
12432.0,1284152.85382375,252498.980662599,4.0,223471.29367958245,12.317038244874265
12433.0,1284152.17798376,253158.994807273,3.0,92019.95064387275,11.429760687346272
12434.0,1276131.67698354,216142.964497373,4.0,83003.5333802651,11.32663845671919
12435.0,1282098.88159765,226028.098907501,4.0,58818.36287184495,10.982209378872039
12436.0,1274595.25061397,253368.861495495,1.0,0.0,
12437.0,1263552.87370667,211825.807756945,1.0,0.0,
12438.0,1271105.93867439,222472.483351856,4.0,395465.3635766649,12.8878184860632
12439.0,1277097.88799253,216119.971089348,4.0,255693.9593679899,12.451736537097178
12442.0,1267159.83467035,249480.255731508,4.0,94526.63820915416,11.456636959570648
12443.0,1278393.00056987,233357.272930995,3.0,53824.34308321108,10.89348111748017
12444.0,1278719.2360902,233348.574114993,3.0,83170.1046244383,11.328643242820801
12448.0,1276253.27154367,236403.778662115,1.0,0.0,
12449.0,1276321.93253574,236707.075622424,3.0,125602.24806153851,11.740875431435185
12451.0,1277252.46181668,230308.362975881,1.0,0.0,
12455.0,1269261.28452851,241711.012139559,4.0,42289.42935485359,10.65229243675652
12459.0,1267005.51281419,242745.350892618,3.0,626332.605823077,13.347636828188357
12467.0,1284085.28473568,196072.248700827,1.0,0.0,
12469.0,1274572.37662995,208137.65044117,1.0,0.0,
12470.0,1281056.02738859,198162.208126962,1.0,0.0,
12471.0,1281054.14514859,198089.626942888,4.0,135780.8404843188,11.818797397881545
12472.0,1275119.2416545,252693.352374807,3.0,7085.093717570511,8.865748379640756
12475.0,1273145.73381248,223399.357784808,3.0,412269.08632719074,12.929431537293587
12478.0,1294393.38260224,179367.11351572,1.0,0.0,
12479.0,1294494.71309835,179252.369003594,3.0,83965.6825228411,11.33816345295493
12480.0,1283522.39942311,257510.346299738,3.0,185708.4570260848,12.131933287639766
12481.0,1275415.35032681,242570.489388436,4.0,156636.12806009324,11.96168073874134
12482.0,1289754.62547749,190030.07378263804,3.0,6934.275054381824,8.844231792949124
12483.0,1278379.14232984,253846.300151989,4.0,197544.9236239064,12.193721298844762
12486.0,1274198.91410156,225762.030875221,3.0,118244.08231327498,11.680506261239575
12490.0,1286096.44147375,196846.401405618,1.0,0.0,
12495.0,1270237.39806551,224522.614425957,4.0,143802.43359388353,11.876195647588217
12497.0,1276747.53631218,220342.95675768,3.0,106746.28959000712,11.578210172547756
12501.0,1291333.4904391,178996.44593133,4.0,591661.700821304,13.290690299210244
12504.0,1294793.21082665,183355.762671798,1.0,0.0,
12507.0,1274860.83992624,227090.498716578,4.0,289477.74842422624,12.575833710948663
12509.0,1285720.22508936,205703.024774686,5.0,94095.05081326888,11.452060729219731
12510.0,1258831.97174983,259895.206398174,1.0,0.0,
12512.0,1266706.84279789,245739.208431676,4.0,289785.09676519746,12.576894881615365
12513.0,1284219.03942382,243244.033005118,3.0,35751.40337130337,10.484344802493045
12515.0,1283989.50150359,207259.957320273,1.0,0.0,
12519.0,1274441.77912581,283225.993686065,3.0,86963.68247932704,11.373245867716879
12520.0,1281143.78476468,264253.432258636,1.0,0.0,
12522.0,1269918.61393718,210550.481611654,4.0,800099.9969275306,13.592491994998108
12523.0,1270467.88779375,210541.760139644,3.0,257338.2919604074,12.458146809429348
12524.0,1285015.99123263,260349.346878648,3.0,5526.038356962591,8.617226446639618
12527.0,1276706.37464812,247925.945201918,5.0,65035.67140464296,11.082691189187813
12528.0,1276712.26015213,248359.956786364,4.0,84702.91893996325,11.346905342147442
12529.0,1253681.20054455,251332.488629401,3.0,339022.0,12.733820281012047
12530.0,1273968.56875733,248750.059378758,1.0,0.0,
12532.0,1278629.47481009,253929.914488062,3.0,86946.97211098215,11.373053695840627
12533.0,1285659.3002893,203115.961348027,3.0,104571.31903693656,11.557624596426598
12534.0,1280485.427772,217131.989074379,1.0,0.0,
12535.0,1277193.95506462,282379.678805202,4.0,470249.2207228029,13.06101809000678
12536.0,1271247.81336254,213539.617998704,4.0,84737.65324053707,11.347315330152243
12538.0,1273550.9469329,255123.970873296,3.0,25607.82768606783,10.15065335271687
12543.0,1276785.90303221,229819.258335382,3.0,44557.98313742079,10.704546611849283
12544.0,1276796.04735222,230150.482399717,1.0,0.0,
12545.0,1274209.62667757,227111.524572611,4.0,200956.2238275635,12.210842371418442
12546.0,1274213.23230958,227535.82159704,4.0,515046.5139456156,13.152012493908419
12547.0,1280224.97689174,264919.259331316,3.0,184752.15577477013,12.12677050734735
12549.0,1257167.67587613,257318.317819536,1.0,0.0,
12551.0,1270046.28593731,245140.602671072,4.0,119102.25811195766,11.68773771496179
12552.0,1267744.34103896,201041.329025909,1.0,0.0,
12553.0,1267515.49079873,201024.251649886,3.0,232475.38897573823,12.35653964453884
12554.0,1273607.25880496,283104.823381945,1.0,0.0,
12555.0,1273770.70469312,283099.617621943,3.0,128780.3445450759,11.765863476543448
12556.0,1293392.03975321,182610.345839038,3.0,36291.993221837125,10.499352423522092
12558.0,1277324.54962477,212690.32442984,1.0,0.0,
12559.0,1277920.33221738,283330.187094167,3.0,382345.6504049615,12.85408032245621
12563.0,1264258.63607538,252041.631542131,4.0,587389.0257418663,13.283442614803773
12564.0,1276221.22533563,284031.625302896,3.0,287030.04216538044,12.567342165797978
12569.0,1283970.95065556,246552.228464514,1.0,0.0,
12571.0,1272436.10168375,211096.727564201,3.0,194497.2822811845,12.178173469095636
12573.0,1276962.47781639,231249.806624845,4.0,415306.2460110639,12.936771469262705
12574.0,1273467.81714082,239526.792745322,3.0,463926.53080596594,13.047481479891239
12575.0,1273777.81125313,239520.405289307,3.0,51871.17722925315,10.85651856285141
12577.0,1265008.74385215,241808.75601165,3.0,39632.10803557096,10.587394877693606
12578.0,1265020.74385217,242329.530860186,3.0,925.1912697360513,6.83000049422981
12579.0,1283851.00147144,252505.11915861105,3.0,57689.18972309808,10.96282508179085
12580.0,1276019.97874343,212116.165133253,3.0,560621.1001850165,13.236800555579283
12581.0,1267786.23435099,282815.939733639,3.0,82475.28992795479,11.320254011434098
12582.0,1264703.07517985,283609.852182463,3.0,258651.50118504607,12.463236879339219
12583.0,1277719.78898516,272495.910155073,3.0,85772.65559834128,11.3594555353606
12588.0,1294891.50989875,187629.636660174,1.0,0.0,
12589.0,1271875.88133119,236932.874662668,4.0,104446.03627444112,11.556425817719326
12590.0,1270066.34494533,243628.936109513,4.0,198803.50993860187,12.200072228675522
12592.0,1275986.7779754,216406.402257636,3.0,42523.66119095688,10.657815933898553
12593.0,1286459.12185812,206508.12909551,3.0,43814.554418320615,10.687721333823282
12594.0,1286606.56352226,206506.504135504,1.0,0.0,
12596.0,1286559.72013022,247149.725297123,1.0,0.0,
12600.0,1260944.27690399,247989.089777991,4.0,858666.8218610634,13.66313625827707
12603.0,1260270.2995593,253700.369015828,4.0,833195.6753734801,13.633023797973198
12604.0,1264288.83287542,255915.348218098,3.0,126779.22144105312,11.750202438795899
12605.0,1279245.68095472,225215.58089067004,3.0,20003.11832325533,9.903643456545232
12606.0,1280978.79756451,253887.12357603,3.0,167804.05371185608,12.030552230720202
12609.0,1281681.27084522,271700.33959426,3.0,737378.946082654,13.510857212818644
12611.0,1270109.79665737,282036.795988843,3.0,92986.51707899274,11.44020978397988
12612.0,1279405.51724289,223263.206808671,3.0,624214.270688389,13.344248970922726
12613.0,1274321.08184569,207034.610632047,4.0,94395.36573922074,11.45524725918301
12614.0,1279321.40485881,265823.343172252,4.0,280061.71476328606,12.542765267733579
12615.0,1274314.03954168,206757.571527764,3.0,77743.96688677765,11.26117623071919
12616.0,1274971.76031035,206743.453447744,4.0,149699.55622300252,11.916385605961125
12618.0,1265819.46270098,259170.848573431,3.0,14854.44582688843,9.606054481706963
12620.0,1284455.25779207,258182.675708428,1.0,0.0,
12621.0,1264866.29988401,248549.677874565,3.0,412554.9620795348,12.930124717285958
12622.0,1262012.20752908,258351.268860593,1.0,0.0,
12623.0,1279090.46501857,230092.102623656,3.0,72168.0273574658,11.186752392416684
12624.0,1283534.44467112,256133.753914326,3.0,495358.6299167634,13.113037284106213
12625.0,1283525.70483111,256411.345914602,3.0,510045.34888926806,13.142254920138136
12626.0,1268246.78263947,255021.270585179,4.0,371374.4758673196,12.824966201433908
12627.0,1271906.36421122,211481.049292594,3.0,760747.0244935718,13.542056156471347
12634.0,1286087.63148974,255982.388090163,3.0,862515.5856323983,13.667608498022819
12635.0,1274879.19915827,255350.523897529,3.0,91485.16795968282,11.4239321393229
12638.0,1268010.22276722,243919.335469812,3.0,15076.628268324905,9.620901026928431
12641.0,1280412.86559592,221972.650967345,3.0,47213.36871329021,10.762432366921123
12642.0,1280411.66450793,221955.961751327,3.0,20973.12132166211,9.950996959822788
12646.0,1273738.1863571,275758.513550416,3.0,19148.482550954555,9.859978751310093
12650.0,1269485.86283274,257500.326971725,3.0,74578.90502685109,11.21961297176463
12651.0,1282807.85292637,247570.951153561,3.0,21550.14127437477,9.978137651165847
12652.0,1269450.54334471,227338.707868844,5.0,51830.47697487736,10.855733613820886
12653.0,1257635.7953646,255193.411961362,3.0,459462.531703406,13.037812676002499
12655.0,1274960.80267835,263313.412481681,4.0,1102070.1572557413,13.91270093024001
12656.0,1279852.31813936,246771.62142473497,3.0,38110.25324416533,10.548238638930197
12657.0,1264050.54461917,245647.366447583,3.0,60985.671718813785,11.018394225708994
12658.0,1278563.52709803,200576.45529744,3.0,40307.651354613066,10.604296589829618
12659.0,1274422.83691779,211073.676044181,3.0,42728.2,10.662614402780042
12660.0,1261750.82973681,261364.816319674,3.0,138863.68837245795,11.84124807176106
12664.0,1284810.80460843,249838.881331876,3.0,1689.376233103132,7.432114646947209
12665.0,1274047.20773341,216453.50555369296,3.0,84778.0,11.347791354158918
12666.0,1274206.52075757,216449.588241681,4.0,1026814.6651608612,13.841972010269865
12668.0,1271219.88465852,229284.117022827,3.0,32783.57072138402,10.39768277624288
12669.0,1286136.51526579,205694.368902668,4.0,259409.3109900249,12.466162444553467
12672.0,1282052.29606161,209154.65530622,4.0,113929.04634611886,11.64333113313241
12673.0,1285546.79136118,207800.763656825,4.0,254364.0582899318,12.44652182016023
12674.0,1287133.75865881,249372.956403404,1.0,0.0,
12676.0,1272048.30686736,215569.373456791,3.0,46418.416003580205,10.745451556100598
12677.0,1286681.51449834,201366.162690237,1.0,0.0,
12678.0,1282995.35123058,204418.971205369,4.0,768291.8535426345,13.551924957575036
12681.0,1287195.07974687,191796.976120442,3.0,43422.5545915727,10.678734276145931
12686.0,1274723.2201501,252388.005878493,1.0,0.0,
12688.0,1273191.37150854,216214.56078544297,3.0,249669.0857049676,12.427891662856274
12689.0,1273474.31646882,216207.553297445,1.0,0.0,
12693.0,1274863.26911025,279898.333714664,1.0,0.0,
12694.0,1275064.42520645,279898.332370654,3.0,155150.23601403253,11.952149191074419
12697.0,1270722.78686601,281709.108628511,1.0,0.0,
12698.0,1271111.32645041,281703.880276501,3.0,121816.96218854886,11.710274887193558
12699.0,1275189.28581458,217096.38254635,4.0,18151.489800188832,9.806507918979433
12700.0,1287822.96825951,201565.863746449,1.0,0.0,
12701.0,1264268.4683954,254835.307064995,4.0,83887.65699206399,11.337233765924305
12702.0,1285133.83417676,257713.140859947,1.0,0.0,
12703.0,1281920.22444548,244565.203246474,4.0,164318.18886119785,12.009560003078747
12704.0,1282291.75193384,244937.626734853,1.0,0.0,
12705.0,1273356.0585487,250094.395956144,3.0,178973.97281856628,12.094995671002582
12708.0,1266069.24535725,285903.454872802,1.0,0.0,
12710.0,1281589.17260513,258477.545532718,4.0,357285.6521191718,12.786290886807707
12711.0,1272275.9464836,243943.083117843,4.0,121656.04730070944,11.70895305762726
12712.0,1279781.76121128,218503.758995786,1.0,0.0,
12713.0,1279780.71564327,218436.276819721,4.0,652797.9916633496,13.389023006131207
12714.0,1266946.75147013,257167.68293938003,3.0,26015.755293515853,10.166457606303757
12718.0,1274158.07531752,214603.7188638,3.0,63268.00568904077,11.055135041003094
12719.0,1270260.46334553,253635.747127771,3.0,130258.48700581932,11.777276116846535
12720.0,1270681.73611397,254171.26540032,3.0,36891.16069931349,10.515727253888468
12721.0,1291291.98458306,185480.106865972,3.0,423889.7854811059,12.95722876052081
12725.0,1276614.50770403,219685.612245008,5.0,498497.2663550499,13.119353384627871
12726.0,1280372.36633189,221058.803414404,4.0,138909.24362910975,11.841576075333847
12727.0,1278942.73074642,207153.441800162,3.0,45887.47480140991,10.7339474786665
12728.0,1286301.89152196,195968.769276708,4.0,555989.9133198907,13.228505431557172
12729.0,1280796.00198032,226980.073692471,4.0,446973.2659013501,13.01025406398019
12730.0,1279215.19506671,249943.115699992,3.0,236631.0924055354,12.374257635271713
12731.0,1270147.03838542,248390.575858399,4.0,190407.3897397282,12.156921212244486
12732.0,1273132.03403647,246120.704048067,3.0,32243.24433040246,10.381063822153255
12737.0,1263252.89597836,251632.563125715,4.0,664240.7948404743,13.40640000555159
12738.0,1278977.42719446,253923.952568054,4.0,368142.7473337794,12.816226042300702
12739.0,1279591.41221909,253912.666168049,1.0,0.0,
12741.0,1281234.88396476,230480.104096055,3.0,535666.7186999908,13.191267453189042
12743.0,1273891.14507724,227538.65724504,4.0,734131.762191977,13.506443804009336
12746.0,1276433.63307986,248440.50814645,4.0,139673.71223709412,11.84706435457548
12748.0,1277661.87436111,251962.794102058,3.0,46845.31514153576,10.754606285687577
12749.0,1284422.79264003,249848.287859887,3.0,49242.89246834801,10.804520320822279
12750.0,1279962.39077947,263154.234625518,3.0,251517.22041809303,12.435266737025199
12751.0,1287927.58809963,253055.565239176,3.0,164125.51908615723,12.00838677434896
12752.0,1263053.25265016,244117.354414016,4.0,152070.14462713787,11.932097171190394
12753.0,1266623.77540581,256911.107387125,4.0,259833.86921088563,12.467797741199286
12754.0,1276406.32146382,268556.334407046,3.0,25092.80590769947,10.13033646681418
12755.0,1275779.94475918,283180.337942019,3.0,1006732.3813740212,13.822220378062946
12759.0,1279899.6658514,215340.282064557,4.0,108600.39136520964,11.595430290206691
12760.0,1274587.60920596,210752.55169186,1.0,0.0,
12761.0,1285386.39436902,257163.249915376,3.0,47399.658374522485,10.76637030036864
12762.0,1264322.99191545,258287.085884526,4.0,264479.18496692687,12.485517831406602
12763.0,1280356.97132386,270425.448456958,4.0,535377.2318566855,13.190726883681686
12766.0,1276386.3306798,274755.571021393,3.0,90085.26125934036,11.408511848188132
12770.0,1280069.19570757,274393.031053022,3.0,47527.3839808326,10.76906132876728
12771.0,1283310.45689489,255120.286137283,3.0,21449.201808416507,9.973442711934956
12772.0,1277967.03058542,247125.457009107,3.0,22396.409758345395,10.016655946351841
12773.0,1275108.7288865,218171.867283449,3.0,268227.8057812533,12.499591920001091
12774.0,1275252.54194264,218168.319699451,1.0,0.0,
12775.0,1277529.45964098,237984.995623738,3.0,153222.4564875655,11.939646108363425
12777.0,1274488.72389387,224419.522393852,3.0,20202.06180118058,9.913539947545948
12779.0,1270445.69592172,280951.895891741,3.0,933572.7663322604,13.746774188933749
12780.0,1279424.94994691,276116.288142785,3.0,35705.51593494687,10.483060463814306
12782.0,1283471.94348706,197242.235582024,4.0,204238.4370312669,12.227043399277717
12783.0,1283814.15180741,197238.001662016,3.0,81881.34270610538,11.313026438103222
12784.0,1261635.0196247,247691.011633679,4.0,179065.56893718947,12.095507324660568
12785.0,1281435.94489297,217451.688274711,1.0,0.0,
12786.0,1270801.44881809,232286.7005779,3.0,279177.0548154398,12.539601464600114
12787.0,1279069.34956256,238211.546983972,1.0,0.0,
12792.0,1262740.16048983,246585.245168552,4.0,473511.03966825496,13.067930506369752
12798.0,1281946.2529255,211219.325068325,1.0,0.0,
12799.0,1282075.66610962,211215.933964327,4.0,106388.98413464418,11.574857317960682
12800.0,1265648.49911681,247031.82596901097,3.0,94780.01428541992,11.459313846243449
12805.0,1260215.42800725,245363.67051129,4.0,57344.593241148286,10.956833841585713
12806.0,1260223.17731926,245629.725743562,4.0,151146.1626010551,11.926002611867164
12808.0,1280458.85695598,231380.570144981,3.0,233519.0014510829,12.361018729444355
12812.0,1272228.81438754,227570.756957069,4.0,344309.4518077969,12.749296101194354
12813.0,1282167.86834972,244317.404206231,3.0,41443.48856987997,10.632086057026221
12814.0,1282166.95724572,244631.939310551,4.0,101358.87140456989,11.526422680408267
12815.0,1277993.36127345,265503.436611921,1.0,0.0,
12816.0,1277833.93900129,265869.7642923,3.0,396081.6971526565,12.889375774899525
12818.0,1273739.2821651,274789.094221428,3.0,39241.451026460665,10.577488891243854
12819.0,1274267.73547763,204866.54118982,1.0,0.0,
12820.0,1280736.12313226,275700.354574367,3.0,245770.94954581268,12.412155281764923
12821.0,1284475.61139208,240014.161193818,1.0,0.0,
12822.0,1284542.78252816,240181.152297989,3.0,42398.0,10.654856470296197
12823.0,1283769.53241536,196515.499837279,3.0,78923.78392500481,11.276237905325287
12825.0,1273507.6294288505,224314.24866573507,4.0,86363.86704482885,11.366324661820173
12826.0,1274961.63435835,232057.005153671,3.0,128757.46408612531,11.765685790330053
12832.0,1277762.43583322,256926.795003131,1.0,0.0,
12833.0,1277867.62136932,256924.634875134,3.0,711651.1303259577,13.47534308481474
12834.0,1289152.73984487,192036.662008688,3.0,475676.06202267343,13.072492359570582
12835.0,1278602.77081007,265187.140355602,3.0,169541.99999999997,12.040855962718982
12836.0,1266274.43620545,256263.187066451,4.0,127550.70128426614,11.756269221667475
12837.0,1278610.30623408,263199.107905552,3.0,95802.64914127068,11.470045616408255
12838.0,1266282.83153346,256919.290427133,4.0,238903.15355283348,12.383813533531647
12839.0,1270239.3052655,223098.986008495,3.0,81756.48334819781,11.31150039262646
12840.0,1270583.69464186,223305.234648705,4.0,298711.0223661482,12.607231904648742
12848.0,1271534.56120284,283117.709141955,1.0,0.0,
12851.0,1271163.75185846,231561.582625166,1.0,0.0,
12852.0,1268938.54929617,224820.363482267,4.0,132957.62019359594,11.797785711264801
12853.0,1272377.2999557,232331.617505953,4.0,487734.3485704261,13.09752616892985
12854.0,1272471.11275579,232371.118369997,3.0,326250.61294565845,12.695421116377915
12855.0,1278261.02309772,203573.61363650896,3.0,45886.554145271824,10.733927415122409
12856.0,1278843.51737031,213214.02676637503,3.0,137888.44022378794,11.834200233029028
12857.0,1259947.22967097,250401.013748452,3.0,43636.8340126074,10.683656889483192
12860.0,1268588.76427183,244095.180909991,4.0,107887.08831426516,11.588840480640805
12861.0,1278229.14783369,257389.750779614,1.0,0.0,
12865.0,1273845.34398921,246892.748144865,1.0,0.0,
12867.0,1262951.18135405,254860.133113027,3.0,7517.898901423147,8.925041976497544
12868.0,1286409.92019407,196062.177532807,4.0,535226.905214519,13.190446057860171
12873.0,1280420.89017193,230056.796575621,3.0,103748.80460676558,11.549727916164068
12874.0,1269555.01464081,246211.303664163,3.0,73735.37017890571,11.208237884068529
12875.0,1273019.57298036,220895.841814235,4.0,609982.3968850311,13.321185378167584
12876.0,1284069.08268768,243247.248877123,3.0,79312.02504888548,11.281145036087487
12877.0,1279968.86553147,204970.307717934,1.0,0.0,
12878.0,1267629.17662284,241765.125547618,6.0,902147.1773858306,13.712532953567854
12880.0,1284685.6457603,205315.368710279,1.0,0.0,
12881.0,1273452.2489488,210065.990091145,1.0,0.0,
12883.0,1285874.63027352,209079.967434138,4.0,230460.52959599072,12.347834888560639
12884.0,1273614.76402096,260696.717246994,3.0,66469.03168492591,11.10449142922869
12886.0,1268273.1733595,229703.638495266,4.0,797891.0950845832,13.589727394793666
12891.0,1265055.33233219,210660.024651766,4.0,430484.1201181408,12.972665715103703
12892.0,1282404.70706996,227164.591388658,3.0,17657.159887396814,9.778896639446533
12894.0,1281245.23564477,252558.066550657,4.0,62238.561941429325,11.038730053531191
12897.0,1274678.08242205,236816.104230538,3.0,7098.597021583007,8.867652440909499
12900.0,1287850.00294754,192874.305017546,1.0,0.0,
12902.0,1276356.60760777,260616.569086909,1.0,0.0,
12903.0,1294190.84922603,186545.104371071,3.0,6431.512277592257,8.768964980494987
12905.0,1266014.84484518,242770.570028633,4.0,208699.8291365164,12.248652274361154
12907.0,1282132.62201369,213214.67406237096,5.0,470612.0522058944,13.06178936524473
12908.0,1259937.11095096,258387.870460629,1.0,0.0,
12909.0,1259947.43543097,258787.524861038,4.0,887194.0799341501,13.695819042243722
12910.0,1276371.45272779,222074.546455443,4.0,477948.9120301169,13.077259127163586
12913.0,1262882.37706597,251637.319349721,4.0,1042086.2796812624,13.856735299864926
12914.0,1272363.36331569,237763.719463512,1.0,0.0,
12915.0,1272500.31973182,237760.977383509,4.0,83796.3718839899,11.336144990592466
12916.0,1287309.37344299,246362.780720323,3.0,51655.18520233141,10.852345860647972
12917.0,1278904.45196238,219407.234836712,3.0,255521.78002237112,12.451062929698725
12919.0,1264913.33655606,246785.273584753,3.0,122363.82007300056,11.714754017726841
12920.0,1269313.84907256,255517.343737692,3.0,838355.4691382274,13.639197477037914
12928.0,1274901.75755829,256346.824378535,4.0,68614.4300285376,11.136258141863689
12931.0,1279021.3496905,269798.086856321,3.0,85967.49513373712,11.361724540228218
12932.0,1284203.67756781,259094.921597362,3.0,351584.06340380415,12.77020411783816
12934.0,1281781.29990132,209156.292746216,4.0,82716.16672580119,11.323170348313107
12937.0,1273561.37074091,256051.713402241,4.0,62183.90714531838,11.037851517684292
12940.0,1281169.07666869,229830.783263385,1.0,0.0,
12941.0,1281198.12812473,230035.682143599,3.0,84778.0,11.347791354158918
12946.0,1277977.62834543,225978.162651449,4.0,294098.10938738706,12.591668696052832
12948.0,1282411.47673397,227338.929948837,3.0,45688.428765273056,10.729600344937177
12951.0,1281751.2910693,204865.335493818,1.0,0.0,
12952.0,1281775.92914931,204454.331397399,4.0,329868.8412445836,12.706450403664181
12953.0,1282139.81817369,243557.57367745004,3.0,357568.1445356772,12.787081237037453
12954.0,1282144.8440937,243693.723693579,1.0,0.0,
12957.0,1276925.62520835,260266.772542551,3.0,48778.13748342553,10.795037489069365
12963.0,1279411.2298189,198520.560767323,3.0,161433.83727469834,11.991850661386922
12965.0,1272165.10289948,249576.792627603,4.0,603755.9774665656,13.31092538446565
12966.0,1293496.88506532,188368.087284938,1.0,0.0,
12969.0,1282546.88627011,224972.501274422,4.0,67493.04794946127,11.119779878215128
12971.0,1281418.56959696,243845.860525742,1.0,0.0,
12972.0,1270989.86737828,206270.830343261,4.0,687840.9736833684,13.441312947295762
12973.0,1281080.33964461,210214.048523307,3.0,156493.6554775987,11.960770748061332
12977.0,1278370.60063383,215470.556368679,3.0,45732.98634471215,10.73057511836228
12978.0,1280583.2976601,210194.54529129,3.0,4909.566811854503,8.498940991204904
12981.0,1271595.4757629,245289.076783225,4.0,870383.5287769283,13.676689231165017
12982.0,1269215.12779246,257639.910715863,1.0,0.0,
12983.0,1287061.44217874,202866.67840378,1.0,0.0,
12986.0,1258307.28810129,257385.206139609,3.0,66149.87407169075,11.099678265863146
12987.0,1273950.80242132,263731.556354105,1.0,0.0,
12988.0,1259677.3913347,249878.807475924,4.0,937927.4342938452,13.751427862835676
12989.0,1268052.50807928,284999.111575887,1.0,0.0,
12991.0,1267167.05643037,287060.066777989,3.0,81189.9381350945,11.30454660387929
12992.0,1267342.54430254,287058.357081994,3.0,60824.00230326581,11.015739764775985
12994.0,1276120.18687153,225287.052826732,3.0,374597.1054820615,12.833606342005682
12996.0,1273244.47640459,231576.19478517803,3.0,15215.764649678056,9.6300873173731
12997.0,1274855.42431024,217627.47368289495,3.0,71012.44200532934,11.170610380182485
12998.0,1289049.61933278,248412.547890425,3.0,25425.53916306705,10.143509426712253
13003.0,1276435.03659986,217879.26843515,4.0,155706.3842666605,11.955727360620902
13006.0,1278707.46085818,265841.30835627,3.0,98453.5387879139,11.497340028448322
13007.0,1278710.63378619,266052.283972487,1.0,0.0,
13008.0,1267338.66993454,244174.201710075,3.0,96566.05169074454,11.477982526661162
13010.0,1273899.16440526,226689.432924166,3.0,47979.99074706332,10.778539343543798
13011.0,1270027.7226733,242291.294764146,4.0,356752.36558772874,12.784797166256773
13012.0,1275849.77599126,212119.543053254,3.0,589195.9319041191,13.286514059107061
13015.0,1273610.95762096,260365.609982654,3.0,126588.5542459498,11.748697375805326
13016.0,1273743.7467411,260361.722814649,1.0,0.0,
13017.0,1278944.24191442,263849.404482231,4.0,169900.14573839982,12.042966165448941
13018.0,1274798.55627818,247940.835249931,3.0,2374.1555192548467,7.772397082398377
13019.0,1274056.10827741,240618.62090644205,3.0,10593.244070657074,9.267971725080338
13020.0,1274842.39448622,218162.910931438,4.0,126154.04753687888,11.745259038666488
13021.0,1274837.10379821,217919.9970112,3.0,43656.5423947055,10.684108433076625
13026.0,1278375.99205784,248916.571826935,1.0,0.0,
13027.0,1278675.35794614,248911.248690933,3.0,169542.0,12.040855962718982
13028.0,1266658.61194985,240940.004138768,5.0,701566.1921105518,13.461070532035517
13030.0,1282516.89811008,228661.568094194,3.0,56482.23752876266,10.941681487684873
13031.0,1284356.10572797,240316.910250127,1.0,0.0,
13032.0,1284518.64972813,240389.65482620904,3.0,127062.0,11.752430435291636
13034.0,1282035.32793359,191953.249400601,3.0,56942.833822008666,10.949803128157168
13037.0,1282425.51481399,224088.436121508,4.0,130122.6877560978,11.776233036353803
13040.0,1274091.28210145,242422.475564286,4.0,159667.49738845066,11.98084879056183
13041.0,1282891.79007846,258435.266364679,3.0,84778.0,11.347791354158918
13042.0,1272262.50987558,243483.470509365,3.0,70375.66901318502,11.161602871800856
13043.0,1289410.62912513,187960.119924515,3.0,286855.23131161585,12.566732946961913
13044.0,1266069.17316523,286048.840408951,1.0,0.0,
13045.0,1266069.15774123,286080.173400983,4.0,155852.8414584175,11.956667517037094
13046.0,1262805.39588189,244512.813614428,4.0,140304.96212880712,11.851573633453766
13047.0,1274664.90987805,222387.956567764,4.0,572198.9974954228,13.257242107578826
13049.0,1282044.0273896,248565.90161857,4.0,133794.59044262997,11.80406099568428
13052.0,1282595.97868617,261493.116927817,3.0,187589.8696333297,12.142013314273882
13053.0,1275618.36504702,262709.961601064,3.0,46493.56487172613,10.747069192143336
13054.0,1278765.92402624,229959.778399527,4.0,304605.55319289083,12.62677295037646
13058.0,1271555.45841886,247757.955697745,4.0,33159.87928796597,10.409095968952073
13061.0,1275105.2781345,236336.596006051,4.0,38768.323126067626,10.565358777887122
13065.0,1273078.29854842,273026.321547627,1.0,0.0,
13067.0,1275064.53151044,273913.072716534,4.0,846382.1395241173,13.64872623816707
13068.0,1262153.14000922,256219.635322407,3.0,44589.99445529244,10.705264773272836
13074.0,1280254.84261976,249924.707315966,3.0,40412.04570371563,10.606883180491149
13075.0,1277438.49196088,219798.566421121,4.0,63090.45151508258,11.052324714021488
13076.0,1277257.7852727,219374.955732688,3.0,107400.17671928764,11.584317106486532
13079.0,1265869.36087704,244526.764014438,4.0,67103.7431220378,11.113995105636944
13080.0,1282699.31084627,229499.192351043,3.0,316053.37050812715,12.663666372321122
13081.0,1282315.06092587,230004.636575565,3.0,853029.7059528992,13.656549651134604
13082.0,1282682.27807824,212644.050253794,3.0,24713.94310141557,10.115122861380009
13083.0,1282436.313022,226436.386139914,3.0,119944.44398637472,11.694783947781763
13084.0,1262358.36695343,258833.602877095,4.0,990990.8350021824,13.806460565037455
13087.0,1277116.72850455,204261.882629201,1.0,0.0,
13088.0,1260905.84029596,246147.4284641,3.0,20505.18457819089,9.928433039404318
13089.0,1260281.82775131,246161.308976114,3.0,14211.8664336718,9.561832558959392
13090.0,1269229.07268848,258830.906685084,3.0,809643.4677728812,13.60434926650499
13094.0,1293164.50938499,185267.149297759,1.0,0.0,
13095.0,1287183.39341086,205659.766982645,1.0,0.0,
13097.0,1278476.00991394,207630.876872659,4.0,409552.9308127987,12.922821431096384
13099.0,1283525.57260711,257750.214907974,4.0,959904.8799091746,13.774589475106989
13103.0,1275484.27147888,235483.430053174,4.0,476244.37646459485,13.073686397404977
13104.0,1275698.5472551,235478.703077167,1.0,0.0,
13105.0,1266949.84132615,257431.934395656,3.0,30154.33453470082,10.314083957483758
13106.0,1279632.09945112,263512.269377872,3.0,1026489.0014020008,13.841654800724202
13107.0,1284556.14342417,249844.902003884,3.0,14024.61580900742,9.54856933671854
13109.0,1272446.83461177,283794.395478651,3.0,358062.2684984628,12.788462184611259
13110.0,1285835.88723348,253685.764407814,3.0,83975.61136064453,11.33828169472365
13111.0,1275371.19653477,262715.520001069,1.0,0.0,
13114.0,1275174.87839057,226163.725595638,4.0,318210.8970805732,12.670469640310044
13115.0,1271678.85515498,252620.93387872,3.0,100725.1612757852,11.520150911207784
13119.0,1272743.70936407,229563.607903123,3.0,66238.52156386476,11.10101746942396
13121.0,1259101.8317821,258271.284732506,1.0,0.0,
13122.0,1287814.63264351,248442.89233845504,3.0,127903.24908187002,11.759029390542713
13123.0,1278880.35359436,271793.831178367,1.0,0.0,
13125.0,1295355.68186723,186102.308338612,1.0,0.0,
13127.0,1283105.07673468,274973.11617361,1.0,0.0,
13128.0,1261276.35236032,254351.8369205,4.0,887306.8584996153,13.695946152422334
13129.0,1260362.7400074,258380.13855662904,3.0,867132.172676164,13.672946692443691
13130.0,1278007.16536947,223294.311768696,4.0,609079.3767265221,13.319703877651003
13131.0,1254878.87760177,250195.346548244,3.0,799356.7238979952,13.591562588064665
13132.0,1274936.42149432,260658.119550958,4.0,173829.78050446018,12.065831826412495
13133.0,1286559.75949022,191814.543352455,3.0,233816.78495724584,12.362293117390346
13134.0,1286536.0131222,190817.320567444,3.0,163893.78221005076,12.006973827526963
13138.0,1280637.84415616,277861.456208572,3.0,16038.383213718638,9.68274007919042
13140.0,1285747.45990539,243596.44369348895,3.0,58797.67303830373,10.981857558925132
13144.0,1278102.90040956,284568.48347944,3.0,84778.0,11.347791354158918
13145.0,1278251.45720971,284564.80827944,1.0,0.0,
13146.0,1268603.96235183,244378.098286286,4.0,167618.6915572557,12.02944698561632
13151.0,1278515.01541798,265188.97830759,1.0,0.0,
13154.0,1276302.60677572,262971.400065333,3.0,65789.45948803078,11.094214914330088
13156.0,1272768.59448411,281979.453524783,3.0,65629.43504682428,11.091779579276281
13158.0,1270729.84561801,228112.023261636,4.0,39937.581066056126,10.595073040940832
13159.0,1270422.17726569,228406.991133928,4.0,142725.37175659623,11.868677585534593
13160.0,1287804.42099549,247664.394545645,3.0,1489.5788626426695,7.306248716466881
13161.0,1273315.50578065,248769.404466778,3.0,139653.00155938824,11.846916064585868
13166.0,1275179.35179856,227527.31542103,4.0,156462.6997833147,11.960572920512126
13167.0,1275310.2498467,227522.062493026,4.0,182800.94239601644,12.116153093328156
13169.0,1271894.67595521,251026.571573094,3.0,151750.73813749943,11.92999457307795
13170.0,1276043.59941545,220195.738837525,3.0,139915.720509017,11.848795523954712
13171.0,1274958.59698234,264636.127043024,4.0,212973.72579612653,12.268924084013118
13173.0,1266653.96727784,229318.328862861,4.0,95167.05874593584,11.463389139323873
13175.0,1262655.15799375,255692.707897872,4.0,958816.9467696768,13.77345545636497
13179.0,1254697.67587359,253106.292791218,3.0,77849.15390110003,11.26252830888067
13180.0,1284624.31910424,203847.914308786,3.0,116122.11022832528,11.662397590797463
13182.0,1276988.27071242,246006.064239949,4.0,130252.7115988236,11.777231777815985
13183.0,1276428.25778385,248071.630642071,4.0,68221.1413248378,11.13050978589481
13187.0,1280721.16748424,274370.384461001,4.0,232444.5556045397,12.356407005052825
13190.0,1274871.63653426,229231.88188678,4.0,890272.5496881091,13.699282930432387
13191.0,1274876.26053426,229657.991903216,4.0,499668.0081268016,13.121699173123098
13193.0,1284745.42451236,243772.927597672,3.0,72962.90232800152,11.197706403671955
13194.0,1273898.28050126,235990.481253698,4.0,106492.17427134264,11.575826780411498
13195.0,1260967.25162402,249052.674291074,4.0,293748.3049897248,12.590478574176112
13196.0,1270269.15128154,205474.428742453,4.0,39695.90210099718,10.58900323971021
13197.0,1271775.33528309,282004.694996819,3.0,175900.3942214652,12.077673171891218
13204.0,1279856.29157935,199291.760320112,4.0,297700.52525123616,12.603843311366557
13211.0,1273614.23845297,262535.246080875,3.0,59365.56203142076,10.991469573441934
13212.0,1273964.72952533,262528.472128868,1.0,0.0,
13213.0,1265279.69079643,256288.605626479,4.0,58661.94728830509,10.979546538167046
13215.0,1273557.5446929,255718.877497897,3.0,9209.968921890686,9.128041754856111
13218.0,1283088.41503866,196319.733501077,1.0,0.0,
13219.0,1276374.5882158,234143.516387805,4.0,161125.95980596467,11.989941697126552
13220.0,1273856.75666121,203350.217412278,3.0,84438.73714472498,11.343781546198182
13221.0,1283330.89555092,252515.796278626,3.0,45410.54355113757,10.723499593875843
13224.0,1277958.20748141,238068.307431832,4.0,466524.68876500666,13.053066221266798
13226.0,1276896.80440833,229093.539614633,4.0,318094.2872478237,12.670103118593964
13227.0,1273046.69790839,222119.31931948703,3.0,67190.63030512155,11.115289086806667
13228.0,1275540.48888694,205858.536582842,3.0,7755.976450650443,8.956218980082848
13230.0,1265503.63460466,250941.262709007,3.0,29580.19536850339,10.294860340992924
13232.0,1268659.18865588,213590.811150759,4.0,120930.4835044233,11.702971142988671
13233.0,1269220.43326446,213579.98798275,4.0,121628.51447388304,11.70872671505342
13234.0,1275181.72152656,254013.049528152,4.0,613575.0362258658,13.327057844090655
13238.0,1265982.39114915,259569.605629846,3.0,147435.4447436642,11.901145696204896
13239.0,1275145.10021453,214580.46830377,4.0,256783.165345416,12.455987293140582
13240.0,1274213.59422958,281520.65096432,1.0,0.0,
13241.0,1271479.32209878,248824.292530835,4.0,83501.46550718826,11.332619461669221
13242.0,1281521.73542106,255690.842425868,4.0,323916.9332812141,12.688242383142128
13244.0,1258265.01290125,258287.82246053204,3.0,49167.07355931366,10.802979441842309
13246.0,1267378.13118258,245984.449071929,4.0,534366.5796350269,13.188837361140875
13247.0,1271063.21009836,215848.726545066,3.0,17707.77750102666,9.78175922888867
13248.0,1271048.45189033,215088.928528294,4.0,236141.712008221,12.372187378406112
13251.0,1262829.91453792,261148.814463466,1.0,0.0,
13252.0,1283390.41478297,260414.996350706,3.0,340062.110255298,12.736883557130357
13253.0,1270320.71384159,207796.949064821,3.0,104301.34903527936,11.555039575088145
13254.0,1261929.903209,250352.038132399,3.0,26355.75910291191,10.179442091868701
13255.0,1260636.03376767,255720.308217898,4.0,363795.6119663405,12.804347483328602
13257.0,1275495.85803889,236845.410598576,3.0,314852.48107974057,12.659859494081935
13258.0,1275541.84415095,237343.937191084,3.0,136947.8945210073,11.827355800502266
13261.0,1283141.32211073,211525.219148651,4.0,85841.57931071524,11.360258775442826
13262.0,1269347.9615206,244753.860014677,1.0,0.0,
13263.0,1272173.17931549,229590.648223147,4.0,1098552.175690014,13.90950366689324
13265.0,1264741.35492387,241597.922091439,4.0,334102.3213429883,12.719202576369163
13266.0,1282989.27123056,227121.45929262004,3.0,128568.84047006424,11.764219763371251
13269.0,1275840.02405524,204571.989957526,1.0,0.0,
13272.0,1280887.37810841,204435.421637386,3.0,189747.76312257457,12.15345090663806
13275.0,1280889.74585241,219038.224788338,4.0,231412.72559731465,12.351958086167867
13276.0,1280877.5080284,218728.466196015,3.0,17426.639077044707,9.765755295884674
13283.0,1281297.97081283,201488.616834372,1.0,0.0,
13284.0,1281326.87001286,201271.643842146,3.0,72555.93150222137,11.19211301240968
13285.0,1267309.8507985,226884.860956371,4.0,25120.196199863592,10.131427431055757
13286.0,1276773.6435762,213950.183119133,4.0,159615.127590548,11.980520743908018
13289.0,1280323.86117983,281414.27259621,1.0,0.0,
13290.0,1266892.93329409,285398.60879229,1.0,0.0,
13295.0,1271554.06801885,254142.369784281,3.0,26414.70867877559,10.181676280909002
13296.0,1281744.02470128,277242.531279936,1.0,0.0,
13297.0,1295272.02221914,185524.090354025,1.0,0.0,
13298.0,1276691.55839212,204254.576517195,1.0,0.0,
13300.0,1275858.48754327,247370.332145348,4.0,96742.96692097906,11.479812914926526
13301.0,1286997.73331466,196070.760572821,3.0,62947.24952505239,11.050052345508433
13303.0,1282353.04607791,271969.894474536,3.0,523436.6547515907,13.168171298631387
13304.0,1257603.63267657,253070.199351192,4.0,200938.1553720481,12.21075245498038
13305.0,1279577.21113107,225576.983323038,4.0,385923.0372483044,12.863393243199976
13308.0,1271259.94129856,205187.397190154,4.0,132051.90557228084,11.79095034830863
13309.0,1285839.70188949,206514.953223512,3.0,47086.96207403192,10.7597514279697
13310.0,1286149.1388818,206511.543815508,4.0,58148.8849868409,10.970761982988096
13311.0,1260552.35447159,257048.031291261,3.0,67932.5935639517,11.12627122140575
13312.0,1260334.40509537,257052.471611261,3.0,47611.203055407495,10.77082337083397
13313.0,1282057.94495761,192082.813112736,3.0,49229.07334269628,10.8042396495545
13315.0,1267478.48823868,242273.668140128,3.0,8464.651503493034,9.04365412461085
13316.0,1274339.8314777,232767.595938399,3.0,693946.2881473721,13.450149841893497
13319.0,1286790.96601845,251781.466677874,3.0,42197.41598233647,10.650114265503253
13324.0,1275623.77541502,230373.347807944,3.0,36045.518775921766,10.492537829186816
13327.0,1293193.85120901,186329.492594838,3.0,159069.46565773987,11.977096276722497
13328.0,1293186.79412101,186071.631282583,4.0,529661.329020076,13.179993079430695
13330.0,1275940.70264734,227893.78153340504,3.0,79697.8862981962,11.285998343701358
13331.0,1259928.05648695,260115.764990404,4.0,883308.3731288179,13.691429652059762
13332.0,1271395.4312187,228254.205341771,3.0,164117.18083757826,12.008335968962685
13335.0,1284309.61107191,250512.146420568,4.0,115168.3233777892,11.654150018753645
13336.0,1284308.67475192,251173.375093251,3.0,28730.261173157465,10.265706242539654
13344.0,1274044.40587741,202704.407043606,3.0,33392.51491895405,10.416087049626755
13346.0,1268613.45713584,258845.803325102,3.0,416593.5677608243,12.939866367845417
13347.0,1281511.22297305,251227.5967253,4.0,222200.217372992,12.311334134463479
13348.0,1279754.69337125,198123.367358923,3.0,42414.0,10.65523377539901
13349.0,1278221.99429768,233231.080226868,3.0,58604.09017820192,10.97855977139215
13350.0,1277116.60677655,214580.80980777703,3.0,56029.85499458308,10.933639952559963
13351.0,1274533.18379791,247409.301233396,3.0,33506.96879392239,10.419508719878404
13352.0,1266217.10135739,228314.644189835,4.0,71022.30892453316,11.170749316874456
13353.0,1266433.75934161,228552.982622087,4.0,83882.16607442578,11.337168308173444
13354.0,1274829.0909982,278403.312721133,1.0,0.0,
13355.0,1275056.71787845,278398.491857126,3.0,44991.28498406035,10.714224082975697
13358.0,1272135.72171545,282613.275477439,1.0,0.0,
13359.0,1264133.88305126,249664.581171706,4.0,661627.3340671494,13.402457736933624
13360.0,1283946.87263955,268311.284358799,1.0,0.0,
13362.0,1276998.45804043,255079.561785251,3.0,932102.7608687222,13.745198346032549
13363.0,1292091.73133588,188980.491573557,3.0,72356.6596732561,11.189362775829776
13364.0,1273755.75160511,279939.505554706,3.0,647804.6719741646,13.381344497755979
13365.0,1275511.86853491,271755.691530317,1.0,0.0,
13366.0,1264068.76509918,285594.579224497,3.0,352631.043383562,12.773177586430567
13367.0,1276809.75237624,226551.191068038,3.0,62949.1924698333,11.05008321127001
13368.0,1284154.72198376,251176.782901242,4.0,194557.2378852253,12.178481680934377
13369.0,1279155.72210664,278534.283601269,3.0,1025459.09890257,13.84065097164513
13371.0,1265673.29137284,248023.953202024,3.0,43739.98641806184,10.686017983715434
13375.0,1280341.55276385,265195.911363602,3.0,50606.67014346954,10.831838667605115
13376.0,1280325.22437984,265795.675204217,4.0,192149.49963897897,12.166028991976999
13377.0,1280684.80108421,219065.18075636,4.0,35313.09826185881,10.472009229674029
13383.0,1294466.97793032,184839.943793327,3.0,56082.820526688985,10.934584815142184
13392.0,1270271.92331354,223832.000281245,4.0,373621.643579667,12.830998916152557
13393.0,1273932.19550928,245772.93111971,3.0,884465.0693304933,13.692738299807228
13394.0,1277406.27845685,244680.948782593,4.0,248857.888599775,12.42463728400437
13396.0,1278885.95199436,257889.514556125,4.0,817077.5080045137,13.61348923838093
13398.0,1279526.28633101,222394.51695177,3.0,64736.96772911352,11.0780876887113
13403.0,1288250.26989195,201500.987842381,1.0,0.0,
13404.0,1283021.4525426,205409.897734389,4.0,663073.4835356555,13.404641097921674
13406.0,1279088.93516257,275755.333134413,4.0,332396.613279357,12.714084153221263
13409.0,1274255.56523763,211075.719372183,1.0,0.0,
13410.0,1271556.53688286,213099.572302252,1.0,0.0,
13411.0,1279000.92780247,268474.565510958,3.0,108981.9753964884,11.598937784202288
13413.0,1275180.25336657,216736.351761982,4.0,12644.401249723487,9.444969807229601
13414.0,1272834.44933216,249553.141107589,4.0,844756.1343914795,13.646803266333514
13418.0,1271707.84235501,235855.577317566,3.0,142880.88030096047,11.86976655721229
13420.0,1281692.66649324,212475.967245623,1.0,0.0,
13421.0,1260523.92637555,260365.361278653,1.0,0.0,
13425.0,1264048.80516317,245546.931247488,3.0,55966.94861214765,10.93251659212422
13426.0,1273046.31109238,279964.26862672,1.0,0.0,
13428.0,1271695.904691,254137.192952275,3.0,3597.887982644096,8.188102280797397
13430.0,1272415.84350774,222745.30332014,1.0,0.0,
13434.0,1262897.024298,252330.254006431,3.0,1050540.7144945394,13.8648155557694
13435.0,1254865.40982577,249398.502323434,4.0,61656.14254317976,11.029328139366077
13436.0,1254195.47939308,249415.98885144305,3.0,66611.20604379257,11.10662810129034
13437.0,1286155.6300178,206937.075783953,4.0,342454.8413468144,12.743895077909137
13438.0,1282201.13170975,198681.577471495,3.0,74069.0496060769,11.212753039901349
13439.0,1273504.46174885,231570.988129169,3.0,4880.716987395048,8.493047411701497
13443.0,1282230.15033379,196445.462525204,1.0,0.0,
13447.0,1259174.75159018,251541.645365626,3.0,69434.12970725654,11.148133808134812
13450.0,1283626.73779121,203310.361860231,3.0,860.4882193630813,6.757499925102424
13451.0,1274863.22674224,226597.731292084,4.0,385416.0556081551,12.862078693690295
13452.0,1270435.07422571,282834.172949672,3.0,105686.16070967194,11.568229233387227
13455.0,1254846.03612974,247814.105905801,4.0,113799.81749291335,11.642196196920123
13456.0,1254150.24848104,247822.930673808,4.0,210184.9926459456,12.25574333928127
13458.0,1272777.23947611,231691.58499330297,3.0,5091.428260651028,8.53531367149007
13459.0,1270107.11518538,228693.592286229,4.0,104701.5770002436,11.558869458829662
13460.0,1270265.39736153,228867.555870399,3.0,5742.375629495318,8.655628276426292
13462.0,1274041.01810139,206209.229127198,4.0,507510.63663150254,13.137272948558254
13464.0,1285447.03206508,257042.471611261,1.0,0.0,
13466.0,1278781.60441026,206720.349511728,3.0,26390.070429909974,10.180743098304342
13467.0,1276715.53836013,248601.728306606,1.0,0.0,
13472.0,1271571.00664288,255575.244857758,1.0,0.0,
13473.0,1271762.54168306,210782.693707883,3.0,19755.47332232122,9.891185862179887
13477.0,1273171.73278852,242310.812396169,1.0,0.0,
13478.0,1277660.93637711,251646.026037723,1.0,0.0,
13479.0,1272441.72638777,282872.164693698,3.0,159035.89995425488,11.97688524159239
13482.0,1262701.01648979,244685.3880786,4.0,87441.5026195349,11.378725307281163
13484.0,1274852.49349423,251374.763125449,4.0,138021.49714511188,11.83516472842131
13486.0,1264071.36349919,211690.786380813,3.0,272027.8622674895,12.513659774838995
13487.0,1265617.97918078,256935.247099146,4.0,124493.57957648396,11.732009423890343
13492.0,1284154.43225576,251406.72926949,3.0,152531.54450478638,11.935126702850969
13496.0,1281856.6307814,222118.148439497,3.0,42442.61666666667,10.655908246498038
13497.0,1281932.69919749,222116.097239494,3.0,74780.22738396598,11.222308789232098
13498.0,1278666.57810614,260211.063998505,1.0,0.0,
13500.0,1266671.68209386,242754.553644627,3.0,118240.11531514292,11.68047271144494
13501.0,1280899.86623642,278676.472657412,3.0,13424.878587286074,9.504864875558596
13502.0,1286161.52371381,207364.933192387,5.0,104434.36965434218,11.556314111501031
13504.0,1274633.64914201,244220.929646119,3.0,443029.8250685137,13.001392371972123
13505.0,1272715.10475604,209477.949962541,3.0,23768.41349498976,10.07611281412128
13506.0,1270485.44811375,222787.619160175,4.0,72367.77378974958,11.189516365880182
13509.0,1270492.15544176,223093.639256492,3.0,80268.67453212567,11.293134718370945
13513.0,1294498.43226635,185865.719602376,3.0,43685.480396001054,10.684771069489884
13514.0,1285681.95936131,204622.988485575,4.0,502497.9445700553,13.127346828499151
13523.0,1274061.75890142,207040.566984057,4.0,80992.91100055639,11.302116911312957
13526.0,1274342.20421371,207865.590600893,4.0,106218.82717453327,11.573256652440506
13527.0,1284718.53612834,255086.860025257,1.0,0.0,
13528.0,1280349.61637986,213342.888718501,3.0,763.472366036057,6.637876930206763
13530.0,1278417.48837788,255912.758010104,1.0,0.0,
13531.0,1271842.86699516,218144.263635427,1.0,0.0,
13534.0,1275530.00792693,271513.413450077,1.0,0.0,
13536.0,1274307.01758967,206481.383431479,3.0,122271.7094517409,11.714000973998553
13537.0,1274965.01202235,206466.475975469,4.0,226176.4743010382,12.329070833281179
13538.0,1262344.24260142,261540.046271861,1.0,0.0,
13541.0,1268289.85739151,258523.220924765,3.0,62525.45924617816,11.043329100719696
13546.0,1281035.46182056,197339.790782124,4.0,313741.4324285328,12.656324462054595
13548.0,1268079.4152153,287193.338458136,3.0,184138.85773470384,12.12344541357889
13550.0,1273104.70565245,282259.738069072,1.0,0.0,
13551.0,1280181.82636368,219834.134293154,5.0,227585.8054079564,12.335282612892069
13552.0,1280325.77983584,219828.575573146,3.0,80146.15495194562,11.291607183735929
13553.0,1285457.49984109,199430.364416257,4.0,67426.22685205315,11.118789343645922
13554.0,1276441.25874385,249998.777012035,4.0,101967.50744532463,11.532409487059557
13558.0,1275929.34373534,218736.040980026,1.0,0.0,
13560.0,1281267.98790081,225635.572507098,4.0,139178.8471541568,11.843515055235903
13563.0,1286244.8772499,255540.455609724,1.0,0.0,
13564.0,1261383.97450444,259688.381693959,4.0,656857.0859389112,13.39522174859757
13565.0,1283465.30406305,247229.255665213,3.0,35542.26628085112,10.478477866722631
13566.0,1283245.96723083,261095.278143406,1.0,0.0,
13567.0,1270996.24568228,244849.905134767,4.0,344473.52306732105,12.749772510364187
13570.0,1269114.76420836,281047.258899838,3.0,42431.66666666666,10.655650217808292
13574.0,1285425.44742505,199662.438400492,4.0,96348.2263029042,11.475724264777417
13576.0,1270503.98616178,227231.798300728,4.0,1102783.4953384344,13.913347991877632
13577.0,1270781.20670606,227395.678556889,4.0,837850.7818116231,13.63859529894489
13579.0,1283770.29785536,277379.734416083,1.0,0.0,
13584.0,1279658.13580315,232008.937697619,4.0,29000.890987116603,10.275081832190324
13586.0,1287172.59027486,246205.594032153,1.0,0.0,
13588.0,1282589.81958215,191175.070199803,3.0,127164.0,11.753232870962837
13589.0,1282764.32710233,191169.657463804,3.0,84778.0,11.347791354158918
13590.0,1263994.03396311,243148.146029025,3.0,71024.72963324867,11.170783400073097
13592.0,1261600.16900066,254347.7821365,4.0,1059176.8836029554,13.873002639533745
13593.0,1282516.00966208,256718.887290925,1.0,0.0,
13598.0,1275451.21183084,283677.928150535,3.0,201360.0240135909,12.212849749066198
13601.0,1286775.77907445,249791.212467834,3.0,395342.0619068797,12.88750664865042
13603.0,1272770.4664841,210773.82497187,4.0,60273.4976598172,11.006647777974202
13604.0,1272945.02520429,210772.38797988,1.0,0.0,
13605.0,1288695.53472441,188630.371573195,3.0,48894.49762399652,10.797420146105116
13606.0,1275182.96856657,227950.398237467,4.0,158209.13230685823,11.971673058988769
13615.0,1267328.03383853,243593.992237478,4.0,741141.9967621973,13.515947514478787
13617.0,1280234.85970774,210629.802635729,4.0,73703.93540900957,11.207811474431736
13618.0,1273207.64082055,254345.941880494,4.0,397441.5528166033,12.89280316532617
13619.0,1268617.91377585,244637.811694548,4.0,284078.8953338011,12.557007279035068
13620.0,1273526.20517288,225352.442138806,4.0,470994.9654013937,13.06260268377241
13625.0,1293853.45159368,186296.200050816,4.0,131147.23288401522,11.784075886208655
13629.0,1278067.35090552,228561.094814092,3.0,133668.98512449226,11.803121762541187
13630.0,1282053.33804561,228942.341790482,3.0,9036.56472746724,9.109034373141341
13632.0,1257725.2620527,259101.195837364,3.0,43285.19105042096,10.675565847419064
13633.0,1273894.70571725,227961.786013469,3.0,85887.53989117587,11.360794043797682
13634.0,1277511.39698495,279540.884626299,3.0,42528.333333333336,10.657925799455668
13635.0,1278687.75097016,249593.901555628,1.0,0.0,
13637.0,1274375.46360575,216755.779858008,3.0,10665.237084241084,9.274744860779423
13641.0,1268555.49988778,213159.701774314,3.0,66542.11988855281,11.105590407925112
13642.0,1268659.85630389,213157.11745432,4.0,101071.04248453028,11.523578939495877
13643.0,1274183.55358955,215569.638224781,1.0,0.0,
13644.0,1257719.39293268,258830.443069085,4.0,803839.3684657975,13.597154737734904
13646.0,1271115.30872241,282573.850005403,3.0,268743.5706544773,12.501512934991716
13647.0,1267471.30686267,241768.559915617,3.0,34597.457345118244,10.451535471210192
13648.0,1266862.88452604,286316.688985229,1.0,0.0,
13649.0,1290335.39693409,249111.333619133,1.0,0.0,
13656.0,1275376.18245476,252117.03032621703,3.0,13247.182544033063,9.49154017061748
13657.0,1284596.98092821,201534.305090412,1.0,0.0,
13658.0,1275578.48351097,214569.599503756,4.0,17278.877925368943,9.757240105375203
13659.0,1273583.35627693,242795.678892672,3.0,457408.21464159817,13.033331519835867
13664.0,1284761.99833637,244552.762670472,3.0,937587.6598363124,13.751065536280892
13668.0,1275527.01055092,227079.02991657,4.0,388104.8052762834,12.869030698821918
13669.0,1282059.28454161,192961.417657629,3.0,104683.82477611557,11.558699893769061
13672.0,1278274.34917773,235296.160740986,3.0,19912.988119982507,9.89912746716243
13673.0,1275063.01176645,276565.363663241,4.0,574445.4272474552,13.261160380022575
13677.0,1267480.86750269,243590.42730948297,3.0,256594.9482755976,12.455254043813206
13679.0,1269446.9373927,247579.804849565,3.0,673043.8023040979,13.419565691656167
13680.0,1282698.64415827,206116.964231104,1.0,0.0,
13681.0,1273388.99806874,224254.203545675,4.0,108573.76297608948,11.595185064071616
13682.0,1275094.53631048,281907.490132719,4.0,82232.01565661997,11.317299990088449
13686.0,1279688.33753118,216627.466833875,4.0,88027.39874688264,11.385403394397573
13689.0,1270298.01643357,230920.089120507,4.0,340879.6025164845,12.739284622121966
13690.0,1276380.2444078,277180.537295878,4.0,291517.65941520943,12.58285586412197
13701.0,1263351.28458646,250330.707828388,3.0,62782.650926011214,11.047434055149756
13703.0,1281202.90866874,213854.615695029,3.0,419554.7980690256,12.946949423459793
13704.0,1280827.83455636,209156.217610225,1.0,0.0,
13708.0,1282341.57631791,211208.966156319,4.0,47732.913682474646,10.773376453233658
13709.0,1285540.77958518,197976.339710772,4.0,454925.9933702677,13.02789003277035
13710.0,1275675.20351107,205855.030982837,3.0,24329.486620134205,10.099444334861735
13711.0,1262956.85751405,255124.097465292,4.0,356033.72211611905,12.782780730393313
13712.0,1286338.52006599,204796.438277751,3.0,31976.47234424266,10.372755672118517
13714.0,1270127.09156939,279853.409874618,1.0,0.0,
13715.0,1281892.20153344,205257.394758224,1.0,0.0,
13716.0,1282341.0901099,205245.891462222,3.0,49897.14764815392,10.817719118746197
13718.0,1273790.36178115,232189.67318581,4.0,177749.26112730213,12.08812919084842
13720.0,1280301.17125981,201086.227201954,3.0,8699.57918893843,9.071029934385317
13724.0,1271893.8882432,254985.489529148,1.0,0.0,
13725.0,1281543.91186908,195298.71353203096,3.0,308480.8652494489,12.639415095280599
13726.0,1269226.30001648,240444.30730626,3.0,30631.41267740616,10.329781319475215
13728.0,1292536.24589634,185151.638001636,3.0,15378.21514031659,9.640707185630601
13731.0,1258297.65520528,259755.425854027,3.0,61122.78780621496,11.020640034812885
13733.0,1281436.31993297,244345.541294247,1.0,0.0,
13734.0,1274182.29406954,225336.064218789,4.0,1032533.1359432556,13.847525696225608
13735.0,1275792.4581672,214884.18945609,4.0,238409.60797165125,12.381745515255743
13736.0,1268270.67364749,256871.582203075,4.0,236187.71584076676,12.3723821739449
13743.0,1282984.28927857,266344.183620781,1.0,0.0,
13744.0,1281284.89631683,267754.347846225,3.0,186750.9761547151,12.13753133004815
13746.0,1272782.60491611,236915.02890265,4.0,191227.88645688628,12.161221118634316
13751.0,1280988.57439652,221368.125270724,1.0,0.0,
13755.0,1265975.46698914,259013.780989274,3.0,27911.94475437847,10.23681000358615
13756.0,1283509.4433911,196519.311165273,3.0,160197.61567582452,11.984163430083818
13757.0,1273209.87870856,217144.6806584,3.0,176306.4780962722,12.079979112443008
13758.0,1273395.14341274,217139.802386388,1.0,0.0,
13759.0,1276426.31352784,224602.147034034,4.0,910283.4807267092,13.721511347263696
13760.0,1276965.08146439,264575.85581097,4.0,193626.62653310163,12.173686978113075
13761.0,1254928.20297784,252820.913142934,4.0,831801.3817272163,13.631348967418706
13763.0,1267991.08305521,243578.36958146104,3.0,67344.77743722445,11.117580635212315
13764.0,1278978.87276246,252227.31192632,3.0,406892.68087214895,12.91630474629335
13770.0,1266068.24106924,284748.46018362,4.0,292632.62848270446,12.586673273595508
13775.0,1271293.41797058,215844.290577069,3.0,35542.05058444123,10.478471797974436
13776.0,1274937.41330232,259664.156349942,4.0,166115.5357043079,12.020438823462968
13777.0,1280307.80741982,248599.273266613,3.0,56144.89083857938,10.935690964727954
13778.0,1269725.29412898,257493.97759571704,3.0,108976.45229867456,11.59888710391547
13780.0,1278858.53932233,222620.544408008,4.0,796422.4538653414,13.58788504498033
13781.0,1255937.60285087,253738.983479872,4.0,37709.04981173718,10.537655392685867
13785.0,1274210.51877357,226873.090012357,4.0,102063.34657079766,11.533348944309628
13786.0,1273573.17982893,228816.65667034703,5.0,725194.0399776115,13.494194539375686
13787.0,1273766.20466112,228815.097630352,3.0,380336.90052415896,12.848812719249102
13788.0,1273586.31365293,252607.441078708,1.0,0.0,
13791.0,1280753.91967627,217066.724754319,1.0,0.0,
13794.0,1254877.10531378,250079.440564126,3.0,803960.9897640418,13.597306026789983
13795.0,1267879.55275109,250893.160052955,3.0,487140.561224178,13.096307987163733
13798.0,1280406.78885992,219076.633172378,4.0,203088.96051335536,12.221399391159412
13799.0,1279117.3478346,219399.285076708,4.0,556522.6715081298,13.229463188325463
13800.0,1275592.28466299,251679.409525767,1.0,0.0,
13802.0,1283082.48396666,254313.60076046,1.0,0.0,
13806.0,1263719.68573883,250324.084788382,3.0,15318.1689288553,9.636794914536116
13812.0,1281476.28178902,218438.332307726,1.0,0.0,
13815.0,1271058.23992234,227559.758557066,3.0,125560.56458210896,11.740543507458277
13817.0,1266799.93681398,249489.330547526,4.0,97853.71008163146,11.49122888811597
13821.0,1268282.95351951,257928.794620156,3.0,138571.893347817,11.83914455547504
13822.0,1284640.35680026,241914.293867767,4.0,84822.03809523811,11.348310671214769
13823.0,1284974.6871686,241905.971051753,1.0,0.0,
13825.0,1273185.62578052,242780.265196651,3.0,446833.1097176033,13.009940447544418
13826.0,1273205.26059654,243456.922669336,3.0,171130.27706094115,12.050180399578784
13828.0,1284585.0268802,242736.685228601,3.0,16.533333333333335,2.8053785450627724
13832.0,1280809.43762833,245459.161455393,4.0,138510.7938905603,11.838703535800688
13834.0,1273216.72120456,221197.518038556,1.0,0.0,
13842.0,1283552.39116713,255114.537785277,4.0,529683.4313990452,13.18003480782696
13851.0,1264118.25252324,248985.057586998,4.0,777964.9342277878,13.564436730458121
13852.0,1275714.10987912,270578.047881112,3.0,84777.99999999997,11.347791354158918
13853.0,1276376.64600779,270555.974089086,4.0,520998.9993475869,13.16350340009563
13854.0,1275209.1391266,235486.66038918504,3.0,631993.3020206016,13.356634075004166
13855.0,1275232.53541462,236334.784998044,4.0,108926.80627728852,11.598431433609578
13857.0,1272661.75051598,276388.843343064,1.0,0.0,
13858.0,1282672.84761424,194149.756858855,3.0,510561.98740204016,13.14326733409702
13860.0,1272080.81400339,222140.45346351,4.0,168289.55641500338,12.033441324866716
13861.0,1286656.11558633,192910.915833578,3.0,519818.2669910014,13.161234542917185
13873.0,1263732.84484285,244664.60657458,4.0,62487.50341519781,11.042721870375921
13874.0,1277661.14604111,215397.37512061,3.0,121601.18991002002,11.70850203391057
13875.0,1273003.17010033,233146.836002782,1.0,0.0,
13881.0,1275999.92267941,243088.966060966,3.0,25314.26129726049,10.139123203542166
13882.0,1286463.14387412,195789.537980527,3.0,175083.5203359845,12.073018398116536
13883.0,1271783.83921909,247214.491889194,4.0,74410.36876132087,11.217350576182291
13885.0,1265489.48996465,250292.299060345,4.0,119242.00931762,11.688910398686764
13886.0,1279192.94578667,269795.660040319,3.0,32315.15390946424,10.383291560472726
13887.0,1282082.00364563,211547.033420667,4.0,195214.09318364636,12.181852149041642
13888.0,1285829.24947347,255686.248569861,1.0,0.0,
13890.0,1281052.96799658,275853.334542513,1.0,0.0,
13894.0,1273097.22078843,211596.422092721,1.0,0.0,
13895.0,1273109.57573245,211409.924748525,3.0,62190.37782932309,11.03795556948265
13900.0,1280190.75909969,226087.442971557,3.0,10554.780371887186,9.26433415209693
13901.0,1278041.6479295,227905.935389414,4.0,197754.47423025,12.194781511064209
13902.0,1276438.69247186,248787.671154797,1.0,0.0,
13903.0,1265609.59863676,256279.279866472,4.0,52566.12732473689,10.869827224079533
13904.0,1273818.69995718,233525.005859166,4.0,844178.0182944782,13.646118673487
13905.0,1278241.48114571,233888.32829155,3.0,17377.367602446902,9.762923926038807
13907.0,1278814.36127429,200261.44998511704,3.0,20028.7032575243,9.904921686550374
13908.0,1281806.16594936,221487.58011885,3.0,241290.2635814249,12.39375590095
13909.0,1281897.92300545,221487.101462841,1.0,0.0,
13910.0,1269964.46424122,240004.668713808,4.0,166570.7329555307,12.023175320746821
13912.0,1284151.50444776,253815.693943948,3.0,149620.3142525752,11.915856125762215
13916.0,1272394.93317172,227568.834013075,4.0,316663.37584797194,12.66559458279558
13917.0,1279325.03148282,267489.696453959,1.0,0.0,
13918.0,1271584.07979488,244834.173870757,4.0,374248.0147206516,12.832673997580168
13919.0,1278655.26873013,268484.513030976,4.0,365829.0221387817,12.809921350607441
13921.0,1267343.44030254,244434.410542339,3.0,69590.04426580152,11.150376793932981
13924.0,1264262.59505139,211994.573837131,3.0,468085.61371628026,13.056406493460361
13925.0,1284627.45196824,196797.31750156,1.0,0.0,
13929.0,1275050.77035843,215451.926160663,3.0,47562.23917880104,10.769794430831865
13930.0,1274373.32517374,244082.944365978,4.0,848575.7417724517,13.651314625167425
13931.0,1274628.363702,244077.20420597505,3.0,497004.42258858925,13.116354203607763
13932.0,1276339.76287176,244702.803054616,3.0,20584.719337433075,9.932304299786699
13937.0,1281751.5672933,191962.906872615,3.0,43244.06522106008,10.674615282622145
13938.0,1279631.58105113,222893.444760293,3.0,297539.77501039207,12.60330319254503
13939.0,1273784.33816513,205944.779206932,1.0,0.0,
13941.0,1274428.40088581,236397.844262108,4.0,181606.1594259608,12.10959566211798
13942.0,1261691.39191276,258519.521788761,3.0,45281.42368147066,10.720652154111376
13943.0,1286996.61689867,249530.553587556,1.0,0.0,
13944.0,1287023.4734107,249784.638003826,3.0,472125.9463422781,13.065001064444369
13946.0,1279524.24338701,216630.860817879,1.0,0.0,
13948.0,1275950.39685535,204093.57062903,1.0,0.0,
13951.0,1269588.97515284,247542.993201524,3.0,702147.1858484647,13.461898327481814
13952.0,1280300.58233181,202626.060739532,4.0,372945.0621749606,12.829186401384039
13953.0,1257024.45897998,250436.04811649,3.0,55498.10229968112,10.9241041063514
13955.0,1280873.47161239,218618.436883911,3.0,25012.186413557443,10.12711844162429
13956.0,1282039.0621416,251481.095925555,1.0,0.0,
13961.0,1265511.90391667,251288.717365369,3.0,23969.285161621647,10.084528504773544
13962.0,1285546.60467318,198344.859647155,3.0,90347.40074295804,11.41141752685124
13964.0,1281945.28742149,201525.265410408,3.0,1143.8996816892184,7.042198477263574
13965.0,1281943.7362535,201254.242306128,4.0,171609.5639673394,12.052977198558317
13966.0,1284295.7052799,202847.552771762,1.0,0.0,
13967.0,1284782.3814404,252643.03749474895,3.0,42390.0,10.654667764346684
13970.0,1280861.11078039,193980.294906676,3.0,84777.99999999999,11.347791354158918
13971.0,1280791.22866832,193677.987770364,1.0,0.0,
13974.0,1281229.56050876,224407.662873834,1.0,0.0,
13976.0,1281823.88146937,226037.946651503,4.0,306660.2974082644,12.633495890820551
13977.0,1281531.27212507,214980.302480176,3.0,40751.93370510354,10.615258570429132
13978.0,1281483.26239702,214306.101071492,3.0,93933.07148534156,11.450337802180771
13980.0,1283303.24204689,267955.486854434,1.0,0.0,
13981.0,1282368.76358193,268365.665478855,3.0,52162.36337522154,10.862116505681838
13984.0,1268245.31908746,242243.599596098,4.0,354067.93924383115,12.777244092469745
13986.0,1278423.79999389,249324.674035355,1.0,0.0,
13987.0,1282821.44838239,252526.22738263,4.0,384612.3095663863,12.859991117777481
13992.0,1264307.45060344,211035.421580151,1.0,0.0,
13993.0,1279336.43404283,215405.916752622,3.0,30903.96073348092,10.338639633748652
13999.0,1272772.0698761,211093.846284211,4.0,97599.68157695672,11.48862950986468
14000.0,1260885.49520794,245177.658095106,4.0,57260.05595746929,10.955358555903974
14004.0,1281130.93241265,209910.437898993,3.0,81554.70489979706,11.309029299822077
14005.0,1265990.78878115,228520.579166055,4.0,85327.77223424138,11.354255263540006
14006.0,1264719.46391585,250306.113332361,4.0,121497.4239861894,11.707648339778222
14007.0,1284351.42495996,244561.494574472,3.0,1060752.1705764872,13.874488809328316
14008.0,1294461.90049031,184715.599537194,1.0,0.0,
14009.0,1260972.86807202,249318.544435352,4.0,141607.42393577233,11.860813887792354
14011.0,1282680.86470225,223926.22191333803,3.0,1005152.8262069992,13.82065015379208
14012.0,1273334.38859668,220581.97070992,1.0,0.0,
14016.0,1272679.27902801,277317.160080016,3.0,84778.0,11.347791354158918
14019.0,1274953.05464633,262434.278080776,3.0,304508.362124589,12.62645382757633
14020.0,1275394.31461479,262423.110464767,1.0,0.0,
14021.0,1260274.09155931,246905.228080869,4.0,433783.8060398013,12.98030154620278
14026.0,1268512.20209575,228839.150366381,4.0,126480.55108764708,11.74784382898682
14030.0,1274160.24261352,214712.277711913,1.0,0.0,
14031.0,1268075.05559929,245178.290287107,1.0,0.0,
14033.0,1282052.4755176,222881.252824277,1.0,0.0,
14035.0,1276936.80396037,263255.786625624,4.0,73366.55291305542,11.203223428364398
14036.0,1287713.92909141,204082.573893026,3.0,243457.2139292818,12.402696493249385
14037.0,1287513.0285472,203900.92928484097,3.0,66279.60348424074,11.101637489088095
14039.0,1286071.75225772,247297.149233282,1.0,0.0,
14040.0,1277782.27013724,227043.597852543,4.0,723915.7069895597,13.492430237779725
14047.0,1253337.4928962,251300.029685378,1.0,0.0,
14051.0,1262745.92458583,246850.812528819,4.0,468259.1377638148,13.056777134827756
14055.0,1289977.38451771,190247.554678857,4.0,70918.02338459974,11.169279888742206
14058.0,1282250.55942181,277305.269648001,1.0,0.0,
14060.0,1269997.37131326,223104.222872496,3.0,41676.92247779699,10.637702836796107
14062.0,1254901.0675538,251234.862133309,3.0,2532.755364014836,7.837063065793487
14063.0,1273166.0575885,214935.808144137,3.0,42813.00000000001,10.664597073768501
14064.0,1273311.99691665,214932.235280141,1.0,0.0,
14065.0,1283551.15494314,269853.403976366,1.0,0.0,
14066.0,1285045.57484867,257173.548091382,3.0,31073.627155550468,10.34411473698147
14067.0,1260889.28426394,245349.222383276,4.0,52410.07655513835,10.866854152492309
14069.0,1265062.97239621,284775.492567658,3.0,46830.71116934191,10.754294488253649
14073.0,1276385.67154381,271883.82055445,3.0,531306.3392129014,13.183094043880939
14076.0,1277181.28940062,237563.451815307,3.0,10089.13173471285,9.21921405758479
14077.0,1275549.23979895,220840.53352618203,3.0,217957.4923776412,12.292055333664992
14080.0,1286800.39545846,194598.963963315,3.0,516458.6380707116,13.154750483155514
14084.0,1272655.43429199,227565.957405075,4.0,290437.9082371749,12.579145091420234
14086.0,1278913.0998984,220323.554581657,1.0,0.0,
14087.0,1275113.7078945,213289.310094446,4.0,1097689.2089567462,13.908717809032886
14088.0,1282304.59180586,228664.583838195,3.0,238372.8966238568,12.381591519051968
14089.0,1290296.48135005,189871.133494467,1.0,0.0,
14092.0,1267669.37860687,243586.028013483,3.0,99269.95963362497,11.505598282951519
14093.0,1269272.28024052,257506.419835731,1.0,0.0,
14095.0,1272141.88773146,248804.475954816,4.0,133672.88177802926,11.803150913632129
14104.0,1280475.578044,217889.261523157,1.0,0.0,
14105.0,1270514.46283379,224686.480858117,4.0,126095.24544484858,11.744792816601796
14110.0,1271148.25061044,210657.111307755,3.0,838474.9741381649,13.63934001381093
14115.0,1271106.65489839,280693.857043475,3.0,216661.8375945927,12.286093064930371
14117.0,1280082.12249158,205711.880710691,3.0,84777.99999999999,11.347791354158918
14118.0,1282360.94111793,206149.098311141,3.0,403793.9839029842,12.908660086045044
14120.0,1261585.75069664,245334.216495261,4.0,619691.1541631853,13.336976494462625
14121.0,1266271.03722945,255997.169530183,3.0,95578.8521740775,11.467706863000378
14123.0,1274509.75045387,250057.2316681,3.0,34106.134685294244,10.437232549885593
14130.0,1274902.39928629,278251.396368966,1.0,0.0,
14131.0,1275057.17259844,278244.778640971,3.0,90994.92463596976,11.418559010712501
14132.0,1277621.94399306,201747.34925063,3.0,334558.5274199556,12.720567113110317
14133.0,1271986.7328513,243115.401005,1.0,0.0,
14134.0,1279361.73516285,230536.112864107,3.0,72216.75437687321,11.187427353041649
14141.0,1271743.49253105,225769.663387224,4.0,934121.2643853473,13.747361542172378
14143.0,1280618.45638014,203617.109956548,1.0,0.0,
14148.0,1280712.54841223,273703.739468321,3.0,685237.3689477136,13.437520581230045
14149.0,1272910.87634024,235834.461221531,3.0,592884.225756721,13.292754424107466
14153.0,1265007.21265215,247788.551793784,3.0,91406.29885018432,11.423069670277592
14155.0,1273741.0774291,277275.013519973,3.0,83250.54209818036,11.329609919511343
14156.0,1285871.02496152,242548.357548416,1.0,0.0,
14157.0,1263754.95108287,286141.730649054,3.0,127905.4240248802,11.759046394993607
14158.0,1282337.2584299,272302.391882882,3.0,81539.93519911793,11.308848181660125
14159.0,1282433.51314999,272134.518538713,1.0,0.0,
14160.0,1254864.88259377,249109.910707131,4.0,1083161.0985839693,13.89539426707572
14161.0,1268938.63755217,230539.386784121,4.0,278051.7394429175,12.535562488459899
14162.0,1272215.40165153,254118.233016267,4.0,193983.57914276049,12.175528790868976
14163.0,1272219.28293154,254442.457144588,1.0,0.0,
14165.0,1284444.67283206,251170.296309248,3.0,19960.732529384943,9.901522249061017
14166.0,1263000.5812261,257660.558971882,4.0,88569.63283493761,11.39154433331618
14168.0,1278974.94066645,266823.310341269,3.0,50560.0073423449,10.830916174041157
14170.0,1280856.22623637,218198.338963479,3.0,4498.013444877419,8.41139112159381
14175.0,1277689.32837714,279433.884498179,1.0,0.0,
14179.0,1283590.98815918,252510.47474262104,3.0,42349.81073364913,10.65371923097102
14184.0,1285921.80211356,244527.367342442,3.0,146768.3866868493,11.896611022426887
14185.0,1278071.21477753,204780.075461745,1.0,0.0,
14186.0,1278100.17010556,204437.173253387,3.0,308701.81132560427,12.640131078064886
14187.0,1272648.30072397,215057.445328265,3.0,306082.6336456201,12.63161038907257
14188.0,1280658.93599617,220307.681237638,4.0,28074.109318932973,10.242603054043126
14190.0,1280358.68428387,212172.254285306,3.0,102808.4830440707,11.54062314848258
14191.0,1272902.05483623,256238.683834434,1.0,0.0,
14192.0,1254945.00707385,253088.122871205,4.0,935681.9928119434,13.7490309464619
14194.0,1281910.66380545,197600.676094383,1.0,0.0,
14195.0,1284428.22534403,262359.040064692,1.0,0.0,
14197.0,1275106.09304649,282874.867093712,3.0,223748.84994176423,12.318279496198816
14199.0,1260277.15715931,245894.88363184,4.0,72459.9089426843,11.190788707791976
14200.0,1281253.55161279,230033.3750076,1.0,0.0,
14202.0,1273822.80856518,247429.452785417,1.0,0.0,
14203.0,1276293.59269571,231267.30236886404,3.0,90837.15609624478,11.416823688995002
14204.0,1267777.41380699,244914.698286831,3.0,29663.835071293932,10.297683908455774
14205.0,1270739.67205001,231928.582177535,4.0,341256.57111609186,12.740389881313764
14207.0,1271689.87224299,228389.042333916,1.0,0.0,
14208.0,1274793.68952617,247693.422385678,4.0,26490.04602945356,10.184524319880822
14209.0,1275059.46360645,247708.222257704,4.0,378534.5175659328,12.844062543384348
14210.0,1271165.53009845,210744.884427845,3.0,939242.2844366052,13.752828748802107
14211.0,1267743.29022296,227361.435804859,4.0,242237.22896767137,12.397672809963643
14212.0,1267960.03780718,227599.753885105,4.0,291449.5112901308,12.582622066649956
14213.0,1272072.79403539,227574.944605082,4.0,378081.7757722118,12.842865789225753
14216.0,1276341.22053576,282453.423765272,3.0,209655.5499035677,12.25322122448114
14217.0,1270837.96382612,249343.863667369,3.0,54445.58303957648,10.90495700550373
14222.0,1277380.75583282,259590.056701869,1.0,0.0,
14230.0,1265364.00100452,245238.410927162,4.0,127732.36004111225,11.75769241666181
14231.0,1273345.2219407,231574.150177181,3.0,24988.3604490202,10.126165413394176
14233.0,1270564.23832184,227762.233885273,4.0,321528.60994779505,12.68084180765168
14234.0,1275316.89547871,267654.903110117,1.0,0.0,
14235.0,1276700.40876013,234134.745123804,4.0,751193.863868921,13.529419038404225
14236.0,1276711.59410414,234719.406372398,1.0,0.0,
14237.0,1285382.42092901,259076.109629333,4.0,256510.96607554925,12.454926695410276
14238.0,1272449.07608376,284430.392855301,4.0,51639.51560566469,10.85204246470095
14242.0,1283188.52870277,277581.354384288,1.0,0.0,
14243.0,1283855.13235146,277598.855376303,3.0,93816.09423418678,11.449091700597917
14244.0,1273739.7598611,274463.58996509,3.0,96855.41407598424,11.480974568934904
14246.0,1279509.12530699,198129.208830923,1.0,0.0,
14247.0,1270830.82769811,249063.953459084,3.0,21360.44205590681,9.969295988361237
14249.0,1273522.66251688,252334.723126441,3.0,135611.81063517614,11.817551749774998
14255.0,1286793.69894646,252139.458742231,3.0,5172.137175779196,8.551041262312491
14257.0,1262729.77271383,246107.215280056,4.0,637749.9095080603,13.365701494111551
14258.0,1275210.18539859,244733.13630265,4.0,232364.7039292986,12.356063416045554
14259.0,1268883.17278412,242798.558508664,4.0,325417.9428123051,12.692865613034538
14260.0,1277986.74085744,269171.393863678,4.0,172160.34252939507,12.056181545552759
14261.0,1265634.00375679,243239.746285126,1.0,0.0,
14262.0,1265823.34622099,243234.945389122,3.0,84778.0,11.347791354158918
14263.0,1289184.70010091,190496.82776711896,3.0,37566.16466052882,10.533859048196705
14264.0,1267531.56228673,229296.014302835,3.0,207833.5024020973,12.244492568916213
14265.0,1273230.13195658,221503.144726858,1.0,0.0,
14266.0,1264737.79165988,285891.205912799,3.0,226727.66848606276,12.331504877950168
14267.0,1264409.42679554,285900.692440808,1.0,0.0,
14268.0,1276936.31615236,230391.565919966,3.0,288113.69135155977,12.571110442857568
14273.0,1284310.22655992,249850.919411898,3.0,49534.76523759458,10.81043003007208
14274.0,1267162.66014236,284338.341207206,3.0,75292.16430357557,11.229131348659925
14275.0,1267421.12222262,284329.52891919,1.0,0.0,
14277.0,1281183.23410872,278124.222096846,3.0,218928.07007167625,12.29649850768676
14278.0,1281193.99263673,279637.247954398,4.0,937608.9589317698,13.751088252933904
14280.0,1273961.63902932,286210.159001127,3.0,121538.33173283108,11.707984979520033
14281.0,1276883.81720832,255294.725753471,3.0,16259.810534340915,9.696451730779357
14282.0,1274959.70098235,263974.809794351,4.0,215623.2699315176,12.281288043229567
14284.0,1257517.06589249,249128.049139157,4.0,702414.4677773049,13.462278918723753
14286.0,1277659.05420111,236019.308901727,4.0,172706.3999624473,12.059348321713603
14289.0,1270632.3933939,257469.921851695,4.0,611784.0863443933,13.324134699155008
14290.0,1283656.96147124,198249.988159046,1.0,0.0,
14299.0,1265774.06807694,228282.351005808,4.0,76912.5324071179,11.250424112399125
14304.0,1274325.11397369,232172.928481787,4.0,260187.93356794424,12.469159470303252
14306.0,1292511.51034431,189077.15083766,3.0,2183.2815481149128,7.688584321259251
14310.0,1271124.03441842,227448.67286095,1.0,0.0,
14311.0,1287054.39232273,203800.727044731,3.0,261930.34734916556,12.475833897586563
14316.0,1263380.44791448,284183.713559046,3.0,70009.73672707216,11.15638960745956
14317.0,1265003.50039615,247638.354289621,3.0,62861.17441926443,11.048683993270643
14318.0,1268651.62731189,212178.01998131,4.0,144755.97210217782,11.882804652630286
14319.0,1274388.56696576,244756.881646678,3.0,272336.6269900871,12.514794179311743
14320.0,1275443.15864684,212141.169037282,1.0,0.0,
14325.0,1273742.91960509,271730.64301829,4.0,506132.9467142406,13.13455465430133
14326.0,1274346.20517372,242872.812268749,3.0,49260.19679677391,10.80487166672895
14327.0,1274585.83691797,242927.3043008,3.0,11405.77231556243,9.341874849704377
14329.0,1276785.34200822,219769.747925088,3.0,160456.63707338157,11.985779011051015
14330.0,1276794.50015222,219752.608213067,1.0,0.0,
14333.0,1294411.48129027,183369.301359817,3.0,44178.77196885471,10.6959996805003
14334.0,1294405.92551425,183217.912559658,3.0,68385.71394227276,11.132919221303164
14337.0,1280312.86777182,219542.17979686,3.0,1457.684067742293,7.284604200296901
14339.0,1271787.87563509,284645.763479516,3.0,458860.2461734006,13.036500968113135
14341.0,1276054.55083947,273877.786060497,3.0,180638.72055448467,12.104254296511222
14344.0,1271955.15710726,254127.73036027,3.0,73370.58862034744,11.203278434305645
14345.0,1283199.91775878,278782.163345516,3.0,148994.48159431943,11.911664547962001
14347.0,1280492.17055601,208713.848137766,3.0,107027.03630236966,11.58083675724999
14348.0,1280556.81836407,208711.444553763,3.0,118672.78044640509,11.684125240454689
14349.0,1278722.6586822,216650.244625896,3.0,84778.0,11.347791354158918
14350.0,1278940.50303441,216645.692497894,3.0,132212.9980213013,11.792169522453843
14352.0,1279177.72665066,225217.05724266203,3.0,50602.59470036267,10.831758132624145
14354.0,1281901.78911746,198402.576767206,1.0,0.0,
14357.0,1277751.60287321,283504.017750353,3.0,453204.846637822,13.024099502337018
14362.0,1280867.65932439,266444.441348881,3.0,218613.878889792,12.295062342598436
14363.0,1281315.61510085,226959.964828447,4.0,33753.45060882371,10.42683793133594
14365.0,1272991.52843633,279780.473682538,1.0,0.0,
14369.0,1261591.30973665,245600.136879534,4.0,408567.5286497056,12.920412488432207
14372.0,1286642.9476503,200190.169985041,1.0,0.0,
14373.0,1270932.80875422,257461.955643684,3.0,391416.2541049476,12.877526861198726
14374.0,1278053.9041215,272483.633995071,3.0,1108802.482700072,13.918791146502636
14377.0,1276386.98911181,275632.532494292,3.0,24201.09330055585,10.094153088833215
14380.0,1272775.75749211,247721.526321709,4.0,33281.877111089365,10.412768296922929
14381.0,1265790.18423696,242906.969388783,1.0,0.0,
14386.0,1282067.65036562,223252.87810465705,3.0,84072.92906202863,11.339439904274514
14390.0,1281502.56620504,255163.330361336,4.0,315020.2165973752,12.66039209542255
14392.0,1268652.66603188,280068.45537883,3.0,80751.58755511208,11.299132901016872
14393.0,1269111.80030435,280061.540754825,4.0,63225.64714933433,11.054465307141525
14401.0,1282766.12563033,274276.398412898,3.0,185832.5461514788,12.132601257683161
14404.0,1271308.6042746,216604.328721851,4.0,91861.26714298256,11.428034752069236
14405.0,1271615.48261091,216598.24904184,1.0,0.0,
14406.0,1287147.84985882,204045.304964989,1.0,0.0,
14407.0,1275540.21163894,284873.866071761,1.0,0.0,
14409.0,1280627.33561215,205959.757190943,3.0,458052.052143494,13.034738107606868
14412.0,1290219.99200597,190453.13957506404,3.0,365702.85960470414,12.809576423643964
14413.0,1264164.95876329,242344.629292205,4.0,11825.409034089624,9.378005803382578
14416.0,1280270.61029978,258313.419836551,1.0,0.0,
14421.0,1295802.73082769,185390.132977888,3.0,199993.7947846292,12.206041618972002
14422.0,1296271.84404416,185377.561457872,4.0,455411.8117057784,13.028957369266587
14425.0,1271123.35301042,284497.252311364,3.0,6723.23970891271,8.81332541688513
14426.0,1279918.59167542,218817.596948117,1.0,0.0,
14428.0,1269760.78584102,246207.240304157,3.0,124591.58516920645,11.732796348297343
14431.0,1274579.78309396,261000.83308731,1.0,0.0,
14432.0,1269796.21425706,204415.498117357,3.0,970181.6193792678,13.785238569426477
14436.0,1263383.17098649,284357.387095228,3.0,144941.9572148692,11.884088646193385
14437.0,1262883.02896997,284371.194519237,1.0,0.0,
14438.0,1276155.58047156,248526.172018528,4.0,171229.6472252911,12.050760900741983
14444.0,1285869.48198551,196466.217789218,4.0,97898.51427891717,11.491686652498617
14450.0,1279044.13081053,214101.85735929,3.0,135961.5667816326,11.8201275275862
14456.0,1278060.16101752,280651.860435426,1.0,0.0,
14457.0,1278283.84063375,280923.736147702,3.0,159314.66941203328,11.97863657836296
14459.0,1269316.92683256,281049.520019844,1.0,0.0,
14460.0,1278125.67365758,230116.940511689,4.0,62193.26941284663,11.038002064075599
14461.0,1269536.2360808,224107.373081535,3.0,53474.81363379185,10.886966048835452
14462.0,1284362.24121597,241204.725739032,4.0,254500.2685296429,12.447057170098455
14463.0,1278915.07493839,200253.039553106,4.0,239433.3274443537,12.386030274799294
14466.0,1282327.79058988,277552.608400255,1.0,0.0,
14467.0,1278220.63704967,279655.075666413,1.0,0.0,
14485.0,1278744.76594622,213216.016910374,3.0,140494.64772387352,11.85292467253832
14486.0,1278731.1852102,212833.437965989,3.0,84778.0,11.347791354158918
14489.0,1275396.15480679,273901.242700517,3.0,558913.0264301935,13.233749152250795
14491.0,1265178.23959632,244289.587630197,4.0,86169.11060513473,11.364067046782552
14494.0,1278379.08357784,279376.617554128,3.0,208314.91389443987,12.246806222835053
14495.0,1278517.34444198,279770.501906529,1.0,0.0,
14499.0,1278887.61177036,233344.083938986,1.0,0.0,
14505.0,1278469.35109794,235834.602277532,3.0,13938.448340307748,9.542406368241618
14506.0,1277230.93592867,284299.426583171,3.0,534672.0075246008,13.189408767826384
14507.0,1269043.76632029,228790.847326323,4.0,243269.38684400896,12.40192469612838
14510.0,1280809.19090833,203945.390788883,3.0,96901.9617051094,11.48145504230871
14511.0,1280803.16831632,203737.581508666,1.0,0.0,
14515.0,1264300.21111542,256705.257082909,3.0,74279.62867110198,11.215592016411362
14516.0,1282819.00025439,248551.343602553,4.0,635935.8345035857,13.362852948087301
14520.0,1286686.34848236,255041.649465203,1.0,0.0,
14523.0,1271427.88062672,205227.991238192,1.0,0.0,
14524.0,1270707.16452999,245127.804143056,3.0,13564.56170241233,9.51521591365413
14525.0,1270909.93445019,229632.31478318604,3.0,225564.76982718008,12.326362624297905
14528.0,1282441.897982,278490.203985214,3.0,849017.9413742882,13.651835597430962
14535.0,1272921.38616425,219785.24002111,4.0,139032.53402128775,11.842463242432704
14536.0,1264791.66813993,243134.857005015,3.0,42748.28099520077,10.663084262917858
14537.0,1283267.99404685,196573.294973329,1.0,0.0,
14538.0,1283510.4929271,196569.359933332,3.0,51279.26564975425,10.845041771089406
14539.0,1272509.74917184,232387.387682006,3.0,286181.3351379067,12.56438092782795
14541.0,1282240.72153381,265740.961732164,3.0,323730.0979139166,12.687665416481336
14546.0,1266660.04305385,228346.956509873,4.0,199066.74149391789,12.201395431869404
14548.0,1275715.64536712,233544.3194592,3.0,89719.73255195636,11.404446007710803
14549.0,1278601.58905007,259553.507901832,1.0,0.0,
14550.0,1279793.59487529,203323.965508252,4.0,50422.93494823716,10.828201409048512
14551.0,1280053.16063556,203308.940292224,4.0,112012.54634201076,11.626366164914169
14552.0,1271758.55813107,222147.500055522,4.0,153572.50741677466,11.941928095503375
14554.0,1271121.97803441,284178.611543044,3.0,26472.96412829046,10.183879269620101
14558.0,1275409.78667881,280551.94952333,3.0,341655.47081160155,12.741558112993353
14559.0,1273413.05285276,277658.826384366,1.0,0.0,
14560.0,1278203.95794566,283567.09967041,1.0,0.0,
14564.0,1287480.90464316,191790.157560438,3.0,20885.861597952306,9.946827730471158
14565.0,1256885.57539584,249019.154995039,3.0,5051.244138731122,8.527389856031926
14566.0,1290487.64762224,248178.939442173,1.0,0.0,
14571.0,1269110.90168035,279729.298962489,1.0,0.0,
14572.0,1271130.65809841,285633.830744535,3.0,283046.3003826006,12.553365768835668
14574.0,1257428.6585964,257387.208763614,1.0,0.0,
14575.0,1279847.88972335,261416.222719729,1.0,0.0,
14576.0,1276122.69867954,273345.072523952,1.0,0.0,
14577.0,1276385.46783181,273353.691595957,3.0,65691.01703359054,11.092717468086512
14578.0,1272551.39742787,277322.451088026,1.0,0.0,
14591.0,1272007.68293132,282374.992789194,1.0,0.0,
14596.0,1277113.41714455,214440.81633563305,3.0,63411.04984511132,11.057393413016749
14597.0,1254862.65584177,248786.835570797,3.0,253310.7513639535,12.44237228026844
14603.0,1278980.86713046,253260.853495389,3.0,332251.85173555894,12.713648549879927
14604.0,1272791.69150813,240387.190954193,1.0,0.0,
14606.0,1278441.10476191,277103.602767795,4.0,108658.23667959902,11.59596279210341
14607.0,1271944.44747525,283319.252054155,1.0,0.0,
14608.0,1268479.29726371,285377.678744271,4.0,738385.7726947592,13.512221694236995
14609.0,1265018.36490816,282983.16117382,3.0,266307.58284674486,12.492407246224806
14610.0,1272934.66040426,205580.50599056497,3.0,192655.7658494335,12.168660278749615
14611.0,1272951.60261229,205400.106374368,4.0,408332.741228618,12.91983766323944
14612.0,1284756.47302437,244292.808430195,3.0,688978.4391659715,13.44296525656853
14613.0,1257849.43370081,258253.533820495,1.0,0.0,
14614.0,1254894.7680338,250866.654900923,3.0,82035.1832250858,11.314903497945432
14617.0,1270574.21432185,287210.051674142,3.0,124690.4564537228,11.733589596692271
14618.0,1270846.22597013,287125.23855406,1.0,0.0,
14622.0,1277796.04568924,281112.163923904,1.0,0.0,
14623.0,1277986.01183344,281164.515219957,3.0,72846.0973765687,11.19610423951672
14627.0,1282136.35359769,212660.568589807,4.0,105851.89523658268,11.569796181330284
14628.0,1284025.22252762,256151.127610341,1.0,0.0,
14629.0,1286762.36307442,248277.422194272,3.0,50754.23656648591,10.834750372562423
14630.0,1272076.22641939,283513.18901436,1.0,0.0,
14638.0,1281742.54860529,277556.948624268,1.0,0.0,
14639.0,1281735.54406127,279006.622865751,3.0,400792.0348776142,12.901197955495475
14645.0,1274832.09823021,208408.967497453,3.0,127337.17514998256,11.7545937698004
14648.0,1293662.8443615,180618.295725003,3.0,251509.36209014736,12.435235492839624
14649.0,1276873.8835123,279153.741009891,3.0,353283.08198388875,12.775024946505487
14650.0,1272410.02725174,283090.655381933,1.0,0.0,
14651.0,1278214.96088968,219431.35355673695,3.0,113712.3738803915,11.641427503020251
14652.0,1280034.05202754,251526.665717602,3.0,12395.348425142516,9.425076554210756
14655.0,1279210.16620269,206695.876423702,1.0,0.0,
14662.0,1288107.67795581,252091.946102187,3.0,531828.2485799773,13.184075875184321
14666.0,1264734.41661987,245779.459375724,4.0,512772.8226340548,13.147588185200641
14671.0,1265528.48196468,252020.32971811303,3.0,9407.75085225689,9.149289187247017
14676.0,1280208.58354771,216613.239121854,3.0,7018.112585781399,8.856249598445574
14677.0,1254141.15958503,247509.32139349,3.0,243961.1246685982,12.404764166453047
14678.0,1274094.67218146,242600.749804467,1.0,0.0,
14679.0,1273551.8865169,203279.139524207,3.0,331276.2721609108,12.710707965321406
14683.0,1279757.26649125,276220.268878892,3.0,119735.37999746006,11.69303942011597
14693.0,1273229.24248457,218116.744339392,3.0,74684.27274822879,11.22102481010883
14695.0,1275226.91339861,285018.443223909,1.0,0.0,
14697.0,1266674.54462186,243940.409901842,3.0,40334.938083310335,10.604973322308792
14699.0,1258125.92426111,257352.106811568,1.0,0.0,
14705.0,1276198.28773561,277851.461456567,3.0,225889.78230018745,12.327802470358272
14706.0,1276189.5000236,278402.697553128,1.0,0.0,
14709.0,1257038.33821198,257775.933692008,1.0,0.0,
14711.0,1276068.59807147,222971.125080362,4.0,883255.9453636216,13.691370296434085
14717.0,1269428.12216067,280388.295635164,1.0,0.0,
14718.0,1282811.33651038,247884.00536187,4.0,731010.311439061,13.502182844568216
14719.0,1271779.87761909,241405.889003247,3.0,50635.80560697014,10.832414225721191
14721.0,1269975.80382524,240424.215466231,4.0,106063.45905661212,11.571792864308001
14723.0,1274909.19256629,256678.918202877,4.0,68923.44121343186,11.140751619944302
14724.0,1283031.66611061,273880.259148493,1.0,0.0,
14731.0,1281558.3633251,256744.78386695695,3.0,76281.55835624033,11.242186488926762
14734.0,1279666.10623516,264476.418370873,1.0,0.0,
14735.0,1261054.3508241,259696.260285974,4.0,815121.7983310403,13.611092826862045
14736.0,1255312.46339422,254417.339384571,4.0,198648.49609799933,12.199292190602456
14737.0,1272450.01310778,284615.22978349,4.0,568267.1261954715,13.250346879748045
14739.0,1266669.31006186,242464.00241231904,3.0,245114.4744626164,12.40948062310754
14740.0,1270991.51960228,286001.973080903,3.0,134256.111194998,11.807504532340634
14741.0,1270992.69675428,286197.650841117,1.0,0.0,
14748.0,1269462.09553671,248096.280498087,4.0,43899.71810396311,10.689663177720622
14751.0,1272530.49387586,232086.458209693,3.0,41930.42888779019,10.643767068774318
14752.0,1274326.03883769,214600.16180779,3.0,12539.751567326122,9.436659002772654
14753.0,1278963.29273044,201712.331586599,4.0,93472.14872701422,11.445418796325946
14754.0,1279103.81996259,201703.229890585,1.0,0.0,
14756.0,1296262.15246016,184841.12094532,4.0,467697.5617832734,13.05557713049379
14757.0,1274799.19147818,279386.336338133,1.0,0.0,
14760.0,1282357.29644592,205999.025478989,3.0,460134.6820670045,13.039274512713682
14761.0,1281576.08146912,221013.80155836,5.0,337977.345506902,12.730734147091363
14766.0,1273269.53803661,280164.910290927,1.0,0.0,
14768.0,1268706.67179194,285374.286680266,3.0,69229.77519831523,11.145186326495272
14769.0,1262973.22167407,255952.461626142,3.0,40177.29693194448,10.601057362137402
14772.0,1274817.41650219,248919.059698939,3.0,30617.72319648488,10.329334309702624
14774.0,1253777.43004864,251781.851893872,1.0,0.0,
14775.0,1269791.95377705,228980.193054512,4.0,106733.93680595906,11.57809444488276
14776.0,1273572.83659692,257049.433851257,4.0,216254.2160286054,12.284209920690117
14777.0,1268289.09323151,258457.3493727,3.0,55236.65204733863,10.919381998288602
14778.0,1274641.85547802,284244.308247104,1.0,0.0,
14780.0,1277463.4571449,247142.16164912295,3.0,18188.1596693334,9.808526093734903
14781.0,1282199.44665375,272754.001227349,3.0,130085.52532601936,11.77594740024808
14782.0,1286244.93363389,199643.058176473,3.0,159321.7188309827,11.978680825782343
14783.0,1286692.61024235,199635.54508847,1.0,0.0,
14784.0,1276304.44696772,205788.364486769,1.0,0.0,
14787.0,1268858.5458401,285371.452696264,1.0,0.0,
14792.0,1278280.35346574,225236.550618678,3.0,120945.49425919614,11.703095262423192
14793.0,1291580.77171937,189128.577909708,3.0,159375.7255956053,11.979019747641203
14796.0,1280542.49036406,208205.915721253,3.0,125255.13621281755,11.738108025793485
14797.0,1282142.70662169,197030.995197803,3.0,222608.27049593368,12.31316887120317
14799.0,1253777.34147266,251550.544565633,1.0,0.0,
14801.0,1280534.41650805,207958.39981699,3.0,89773.41751011458,11.405044191649749
14806.0,1257610.46301258,253722.200055853,4.0,337810.11418253754,12.730239224241345
14809.0,1273633.19838898,248762.446194783,1.0,0.0,
14811.0,1260978.48324002,249584.353331611,4.0,216810.7395657346,12.286780084063043
14815.0,1264910.45694005,211020.621708125,3.0,185827.00725187472,12.132571451374922
14816.0,1274895.30213428,211067.902476177,1.0,0.0,
14817.0,1275055.03250244,211065.95066817096,3.0,46931.10099833448,10.756435868950827
14818.0,1281297.89004484,226500.226907983,4.0,269020.8452186046,12.50254414710064
14819.0,1282627.0140782,262284.280320629,1.0,0.0,
14826.0,1280217.34828372,217276.342802539,3.0,282035.7017864287,12.549788943986417
14828.0,1280197.68133971,220254.06421358895,3.0,109119.33661038174,11.600197393608495
14831.0,1276676.89311209,282601.525141433,4.0,832994.0981663223,13.632781836089453
14835.0,1275956.78955936,283162.711382002,1.0,0.0,
14838.0,1268468.3248477,283719.692886576,4.0,997737.745925097,13.813245741126812
14839.0,1294748.4921066,183615.878960073,1.0,0.0,
14840.0,1282756.21721433,190867.25227949,1.0,0.0,
14841.0,1281931.57682948,199948.241280794,3.0,259205.6050770436,12.46537686775208
14844.0,1275648.78456704,241235.952363074,1.0,0.0,
14845.0,1278094.46111356,216030.625489265,3.0,37701.31280101508,10.537450195137913
14846.0,1278894.19999437,258550.544700801,1.0,0.0,
14848.0,1276959.72191238,231547.10889715,4.0,539195.0849552017,13.197832723099523
14849.0,1278975.88063446,250610.746292666,4.0,998180.6500482062,13.813689550985243
14850.0,1282375.60415794,197921.590846717,3.0,88418.64646824422,11.38983815928121
14851.0,1272618.03902794,241794.52765964,1.0,0.0,
14852.0,1275489.31903088,203784.069892719,1.0,0.0,
14853.0,1280043.49791555,202641.263171554,4.0,474995.05975922366,13.071059682455795
14854.0,1281538.42143708,219857.582421184,3.0,305173.8347779648,12.628636843321372
14855.0,1281652.2371172,219851.68046917,1.0,0.0,
14856.0,1264342.05623546,259613.000253886,4.0,670731.8870163732,13.416124763847776
14861.0,1271708.30987501,207984.238985017,1.0,0.0,
14862.0,1275668.61624707,231877.013089478,3.0,12161.35054660227,9.40601821404062
14863.0,1272792.12491612,248265.011826262,4.0,108818.60828186107,11.597437630782073
14864.0,1279999.5806675,266979.450437427,1.0,0.0,
14866.0,1268337.58199956,225949.277915418,3.0,12294.752404178194,9.416927816519763
14867.0,1280001.02092351,247281.128241256,3.0,361993.1865982449,12.799380669078971
14870.0,1272991.09893233,223663.168281078,4.0,243646.84493903272,12.403475099035473
14871.0,1281086.51481262,217561.986898825,3.0,980029.1892521464,13.795337635154361
14872.0,1263469.73841058,250328.582452387,3.0,62065.09544638711,11.035939039794465
14873.0,1269997.24472126,257486.76601171505,3.0,59089.47251671724,10.98680805752237
14874.0,1274630.08875801,241798.292779639,3.0,42467.33333333333,10.656490431915996
14875.0,1274945.93458232,261654.18809597203,3.0,217641.5570126738,12.29060475464831
14876.0,1278294.19071376,265854.771588281,3.0,294653.80320359266,12.593556397712344
14879.0,1278947.62277843,207603.319816634,1.0,0.0,
14882.0,1280928.20479645,201165.759234041,3.0,1.0,0.0
14890.0,1260228.62384726,245895.70155184,4.0,53504.28563014553,10.887517034912209
14892.0,1280332.87365985,204383.370565325,4.0,685138.3645239866,13.437376088852544
14895.0,1281845.4798694,196446.562941208,1.0,0.0,
14896.0,1287653.10048334,202636.621123537,4.0,357540.1565236622,12.787002960748428
14897.0,1268784.30718403,255533.70559370503,3.0,100039.40266536456,11.513319414015758
14898.0,1271138.34149043,223632.656857044,4.0,266020.5916450204,12.491328996966992
14900.0,1282610.53407818,197921.834238708,3.0,32753.546782855632,10.396766533912665
14901.0,1273106.32606845,250103.346036151,4.0,160726.7305621049,11.987460876176092
14905.0,1273360.17829271,241406.103595242,1.0,0.0,
14906.0,1262722.99152981,250340.61035639,3.0,12764.941353893228,9.454457735375428
14907.0,1279102.48729059,268471.335238963,3.0,63628.401161597,11.06081520879496
14908.0,1272246.78315556,256757.209082961,3.0,228937.64880913103,12.341204969519893
14911.0,1267368.84375857,250005.22027604296,3.0,124298.83380282484,11.730443895337531
14914.0,1278222.76991369,257062.399355277,1.0,0.0,
14915.0,1269253.1047525,209201.433098271,3.0,314818.8913739292,12.659752804442505
14916.0,1288288.62246799,203397.808900326,4.0,275288.74551099184,12.525575809477736
14917.0,1278081.54975353,218180.984339461,1.0,0.0,
14918.0,1272048.08773136,220659.090966001,3.0,114729.544035612,11.650332846546748
14919.0,1284946.41952057,209161.628362224,1.0,0.0,
14920.0,1274537.6995099,203048.075011969,4.0,638303.4749925047,13.366569115366106
14927.0,1269832.1761131,223107.066712499,3.0,35196.49113710557,10.468701673012493
14933.0,1275144.39154252,215295.541008502,4.0,110975.56748516974,11.617065343319886
14936.0,1269314.39928056,212173.396301314,4.0,218271.11718333565,12.293493225874977
14937.0,1294653.76263452,185858.939122364,3.0,54220.90487291894,10.900821811827432
14941.0,1272456.76734778,216581.628625825,1.0,0.0,
14942.0,1286418.39033808,196555.845885321,3.0,258491.05820721545,12.462616381257734
14943.0,1286416.98579407,196456.353277221,3.0,276161.46648598823,12.528740997139709
14947.0,1268895.82532813,229261.119006813,4.0,68974.69253421212,11.141494941434553
14949.0,1289211.10323693,191151.363575786,3.0,45103.61756035527,10.71671773425523
14950.0,1286903.27846657,196544.969917312,1.0,0.0,
14957.0,1278862.48684233,282075.662996888,3.0,286603.0512158681,12.565853440571694
14958.0,1281931.48786949,200597.14156945,4.0,70622.3114997343,11.165101400463767
14959.0,1281929.63289347,200474.209089324,1.0,0.0,
14961.0,1272176.51397149,239079.304744855,1.0,0.0,
14965.0,1277748.9877052,282364.738901183,3.0,291222.6353387747,12.581843323529544
14966.0,1277893.20952934,282349.227093175,3.0,221285.55930877864,12.307209269995772
14971.0,1284491.11795211,259367.912189633,3.0,84778.0,11.347791354158918
14994.0,1271042.68945833,253213.450039327,1.0,0.0,
14997.0,1286053.2696977,245183.41393511,1.0,0.0,
14998.0,1282295.55180585,263734.198082104,1.0,0.0,
14999.0,1264936.58090807,248971.137330994,3.0,43429.47184955057,10.67889356449592
15007.0,1279478.35564297,205745.541062728,1.0,0.0,
15008.0,1269926.31473719,210942.723596051,4.0,790910.8341499773,13.580940514921686
15009.0,1269032.63736027,205779.068870768,4.0,623963.5901939323,13.343847296601007
15012.0,1282474.05996604,211205.494028315,1.0,0.0,
15016.0,1261936.964201,262201.451136544,1.0,0.0,
15019.0,1284174.22815979,209534.990154609,1.0,0.0,
15022.0,1269555.57860881,205764.568582743,4.0,543058.4925233609,13.204972314152075
15043.0,1272181.1533955,238665.49687244,1.0,0.0,
15044.0,1263742.55972286,247644.908081636,3.0,49789.81879508696,10.815565800245933
15047.0,1281346.45983689,203928.610308871,3.0,252841.51531214823,12.440518149734501
15048.0,1284232.08697584,200562.257473424,3.0,317400.21410387574,12.667918761629592
15052.0,1275518.60274291,218152.432915434,1.0,0.0,
15053.0,1287306.86886698,199136.197631955,1.0,0.0,
15054.0,1291667.63539945,189109.44837369,1.0,0.0,
15055.0,1278111.51096956,212523.089165673,1.0,0.0,
15065.0,1282032.06546958,197270.718782052,4.0,501004.07554604096,13.124369514856351
15072.0,1289498.53741322,190386.546870992,3.0,142020.0444561207,11.86372348476322
15073.0,1289472.02464521,190363.925814971,4.0,210161.4553118508,12.255631349115854
15084.0,1279350.57311484,202332.627267227,1.0,0.0,
15086.0,1291352.44314313,189135.074933723,1.0,0.0,
15087.0,1274703.68607008,217922.816275194,1.0,0.0,
15092.0,1281220.24159676,214357.725967541,3.0,137449.28901602834,11.83101032090652
15100.0,1287995.92621168,204291.28314124,3.0,221270.36068684285,12.307140584339315
15101.0,1288286.98566799,204269.029573217,3.0,286373.6119568999,12.565052572801754
15104.0,1279373.32140286,222492.145047873,1.0,0.0,
15107.0,1272119.63710743,250399.29528445,1.0,0.0,
15110.0,1263390.5935145,284830.72443971,4.0,280621.62315577816,12.544762504108359
15111.0,1263081.68337017,284839.742807716,1.0,0.0,
15112.0,1278032.86348149,280855.681875646,1.0,0.0,
15113.0,1278165.65061763,281019.286483809,3.0,80877.4253478622,11.300690020198827
15114.0,1277567.15314502,280591.058707371,3.0,201141.7961524109,12.211765391820443
15115.0,1277704.36677715,280756.239123538,1.0,0.0,
15123.0,1282580.60307014,259628.142589897,1.0,0.0,
15124.0,1272875.88069221,239707.161449507,3.0,57279.611099745096,10.955700012151722
15125.0,1281901.04767746,260469.718334764,3.0,479704.927345555,13.080926459160468
15126.0,1271777.42456308,241285.011947125,1.0,0.0,
15127.0,1281834.34047738,258483.987772733,1.0,0.0,
15131.0,1283148.63404673,258263.450812504,1.0,0.0,
15143.0,1274843.23403822,218201.455443487,3.0,83773.16641757518,11.335868025377927
15148.0,1279698.34309919,194500.420155212,3.0,159803.38708947352,11.981699507893648
15158.0,1279693.43788318,229649.701279208,4.0,502548.9216005374,13.127448270595519
15159.0,1278537.977594,253794.009271935,3.0,117849.32192301778,11.677162154618559
15160.0,1280284.2290518,200648.623425514,3.0,388.86040214493016,5.963220415830932
15175.0,1274232.52530159,202670.245379582,1.0,0.0,
15179.0,1295004.67207487,185844.037554353,3.0,123364.07632218018,11.722895232367458
15181.0,1265780.92964494,217852.54837112097,3.0,84777.99999999999,11.347791354158918
15182.0,1265780.66916494,217887.65915516,1.0,0.0,
15184.0,1283270.83692685,258536.287164778,1.0,0.0,
15185.0,1282891.82687846,258560.393468812,1.0,0.0,
15188.0,1265597.99953276,216818.466770068,3.0,63027.85705286027,11.051332083085144
15189.0,1282554.27007812,259820.974910095,1.0,0.0,
15191.0,1283266.76115085,259934.228286222,1.0,0.0,
15192.0,1282244.5308778,258455.562300697,1.0,0.0,
15193.0,1281930.91180548,260088.037374377,1.0,0.0,
15194.0,1272805.67544414,239747.621993542,1.0,0.0,
15197.0,1265663.37476483,246324.34641628,3.0,375901.98319780827,12.837083705403764
15200.0,1263393.6798505,284990.730007872,3.0,352278.2817574871,12.772176715416547
15201.0,1263140.55140224,284996.674199879,1.0,0.0,
15216.0,1286400.36281806,243143.162797019,1.0,0.0,
15217.0,1281577.74482912,201264.660610139,3.0,120056.46936230578,11.695717489096285
15224.0,1264817.39517996,216559.589649796,3.0,93460.28153659146,11.445291828625136
15225.0,1264326.14385146,216509.762321755,1.0,0.0,
15227.0,1266074.49271725,217947.411667228,1.0,0.0,
15228.0,1287592.69869128,194567.453179285,1.0,0.0,
15229.0,1265601.67050876,216995.805970252,4.0,169542.0,12.040855962718982
15230.0,1282920.78022249,274864.430029511,3.0,45261.66751000513,10.720215761416604
15236.0,1280372.42309989,206902.66573591495,3.0,572599.811723099,13.257942342835582
15237.0,1285228.41209686,201528.888386413,1.0,0.0,
15243.0,1282900.48428647,196673.520509437,4.0,293865.5083483681,12.590877487059156
15244.0,1283041.48172662,196775.754557535,1.0,0.0,
15248.0,1282909.91737448,197611.093758404,3.0,40435.896804054646,10.60747320418974
15249.0,1282076.48364563,201520.769026399,3.0,20940.40782917868,9.949435960317903
15251.0,1277546.18892099,217559.150610819,4.0,311186.9572667824,12.648149159311622
15252.0,1281143.23321268,204742.54797369204,3.0,20992.91964892827,9.951940500279647
15255.0,1282870.36198245,198662.435135469,4.0,85372.45416750161,11.354778777014154
15256.0,1279171.83692266,210001.097163081,4.0,796358.4730115123,13.587804706431841
15257.0,1279375.28466687,209988.845899075,3.0,550532.9279271952,13.218642047937696
15258.0,1277342.35109678,217557.899986818,4.0,247572.1720693397,12.41945742280317
15259.0,1282573.40326214,197481.803006262,1.0,0.0,
15260.0,1282861.87417443,197481.37747027,3.0,67977.65545798207,11.126934333952535
15261.0,1281387.17497292,203926.54438886,3.0,57143.586058405584,10.953322432975547
15262.0,1279783.06207529,208344.772105381,3.0,6631.364985921793,8.799565942219013
15266.0,1281097.49874863,204740.14048570403,3.0,4395.834395060724,8.388412643080684
15270.0,1281032.16326056,204941.304133907,3.0,26162.691712029133,10.172089694468607
15271.0,1281057.60972458,205020.393861979,3.0,51591.4042067406,10.851110352452123
15272.0,1282044.6628456,201778.649410665,3.0,43837.77885485752,10.688251255531311
15275.0,1281960.66860551,202039.049794927,3.0,188458.38887169832,12.146632512810369
15276.0,1280200.8273237,207446.623944461,3.0,26660.0695326775,10.190922201856736
15277.0,1279954.79698746,207207.142472222,1.0,0.0,
15278.0,1280247.04242776,207199.80948022,4.0,639588.3393446631,13.368580028607303
15280.0,1282124.87756568,201518.11712239697,3.0,125084.74899167025,11.7367467784851
15285.0,1280144.82937165,207452.243656471,3.0,46300.10476267923,10.74289950276462
15286.0,1279227.79417071,213517.789326683,3.0,600351.848079941,13.305271175791663
15290.0,1280923.15692444,205284.141382247,5.0,869975.7580011705,13.676220625876077
15292.0,1282908.95641448,197482.338110268,3.0,79998.79755503628,11.289766882981013
15293.0,1283430.59449501,197477.633086264,3.0,41419.46733993416,10.631506274894267
15295.0,1280881.21574041,205578.316678554,3.0,23144.753723665606,10.049523412823994
15298.0,1282916.35532649,196402.722173154,3.0,372113.7814159116,12.826954950509688
15300.0,1279214.36338671,212549.17377369097,3.0,1112989.911560109,13.922560566029818
15302.0,1282906.07385448,197252.692222029,4.0,361576.1144230038,12.798227850072298
15305.0,1279225.37618671,212893.659982041,3.0,67316.78735798373,11.117164925210929
15307.0,1281536.53791708,194625.781179339,3.0,253821.5710169036,12.444386822837174
15311.0,1282264.43967782,197264.562942043,4.0,738457.6524024709,13.512319036591027
15314.0,1282986.25414257,195908.771708652,4.0,290254.41258758947,12.578513102158064
15315.0,1274986.20453437,267259.634245723,3.0,364881.40370052186,12.80732765839781
15316.0,1274983.38431036,267134.863173589,4.0,487174.9488740128,13.096378575488547
15319.0,1282722.61919829,196661.70226942,1.0,0.0,
15320.0,1282853.99161443,196660.695037425,4.0,116865.48465957606,11.66877884859921
15321.0,1287639.80915533,201007.886145875,3.0,84777.99999999999,11.347791354158918
15323.0,1283050.32787062,195911.10143666,4.0,639348.6812926602,13.368205251662166
15337.0,1295435.77876331,183851.328304306,3.0,44057.40779943695,10.693248785203814
15338.0,1295746.22765963,183838.958256289,4.0,181092.48277830635,12.1067631343314
15339.0,1279192.55570668,213194.937934354,4.0,826731.6360079168,13.62523541832993
15340.0,1279233.34009072,213149.319566309,3.0,8077.772860782728,8.996871477478804
15342.0,1278733.86373821,248309.278770313,1.0,0.0,
15345.0,1270933.59518622,227134.099356622,3.0,797558.6873121861,13.58931070003978
15351.0,1296224.20865212,183817.797872275,4.0,222450.6301457343,12.312460468982408
15352.0,1294049.54208989,188583.973045155,4.0,742279.5115915983,13.517481151474007
15353.0,1267494.1834067,284728.168535605,3.0,54681.28478409198,10.90927678697904
15354.0,1282160.86994971,201248.998850122,4.0,410748.54943815706,12.925736504397618
15356.0,1280482.502588,206607.781447604,3.0,507033.1307933166,13.136331627170696
15367.0,1293991.16519383,188437.147509009,1.0,0.0,
15368.0,1273579.00165293,242601.82071647,1.0,0.0,
15370.0,1296415.89460431,183131.052527577,1.0,0.0,
15371.0,1296666.47156458,183000.140015438,3.0,84778.0,11.347791354158918
15372.0,1296060.79988395,182524.560302943,1.0,0.0,
15373.0,1296888.4498048,182487.766062915,4.0,1046675.1944933928,13.861129216788287
15376.0,1281455.25100499,215699.082512915,3.0,811799.481490437,13.607008644670836
15377.0,1294996.24916285,185611.172210112,1.0,0.0,
15378.0,1296453.98407635,182762.34225519,1.0,0.0,
15379.0,1296866.19950077,182739.931567162,3.0,459090.0400614746,13.037001635515978
15397.0,1276301.30981572,219673.74350899496,3.0,652835.218751825,13.38908003147062
15407.0,1287901.62457959,200803.640833661,1.0,0.0,
15408.0,1287626.43910731,201002.987905875,1.0,0.0,
15409.0,1279782.70348328,202325.25657922,1.0,0.0,
15415.0,1271382.01393868,233267.366946906,1.0,0.0,
15421.0,1275077.05541447,211819.57223694,3.0,4791.02634400012,8.47449993551132
15424.0,1268598.96567982,212178.133197308,6.0,888709.2291960658,13.69752538472504
15425.0,1294082.23917793,183871.84593632803,3.0,39082.75569682697,10.573436617919093
15428.0,1293439.08596127,183903.622448355,3.0,33730.19789293274,10.426148795009512
15432.0,1267313.21822251,245175.328687102,3.0,141816.50544023636,11.862289285743767
15433.0,1267217.63217442,245000.75684692,3.0,13940.751232375893,9.542571573276819
15436.0,1293454.16692129,184142.251888603,1.0,0.0,
15438.0,1264423.42250755,212117.518157259,3.0,74753.59231121527,11.22195254777332
15439.0,1264669.9502518,211569.77511669704,3.0,24287.0191941588,10.097697297057785
15440.0,1266719.53604591,229163.224542707,3.0,16976.08175136685,9.739560676544741
15444.0,1266521.98327771,229321.70582287,3.0,28417.023257976583,10.254743655066717
15445.0,1272137.50814745,235415.198565111,3.0,204269.25203022384,12.227194265466238
15446.0,1264540.31761168,212115.080461249,3.0,46141.01307453288,10.739457488021877
15448.0,1263634.80497074,212551.901453704,3.0,109312.6766509395,11.601967647777395
15449.0,1266627.66743781,229222.542366773,3.0,6342.779839151009,8.755072411769497
15450.0,1264707.37341985,212111.596557245,1.0,0.0,
15455.0,1275976.39250338,207412.001288429,4.0,949270.2963906848,13.763448859367374
15462.0,1263323.77706642,212592.673677742,4.0,1089465.1093688032,13.901197408410514
15463.0,1281478.89298902,198619.915903434,3.0,196015.3917537928,12.185948464485472
15464.0,1264150.11498727,212901.521486059,1.0,0.0,
15467.0,1267671.77003089,212152.057421282,3.0,739505.2042747353,13.513736598667032
15468.0,1280981.7873885,199149.017855972,1.0,0.0,
15469.0,1280985.39334051,199599.901760429,3.0,629410.5144959482,13.352538969059097
15470.0,1280983.17714851,199262.230208084,1.0,0.0,
15471.0,1281709.56511725,230023.364895582,1.0,0.0,
15472.0,1273529.87211688,215672.711184889,1.0,0.0,
15473.0,1295218.09844309,184525.615984991,3.0,93408.05813309769,11.44473289601038
15474.0,1270105.14372937,255825.018682003,1.0,0.0,
15475.0,1280796.99046032,199300.448320121,1.0,0.0,
15476.0,1295542.75367542,184309.780464783,1.0,0.0,
15488.0,1274170.91710953,240729.432042554,3.0,68231.94670855052,11.130668160965556
15489.0,1273704.23826106,241337.872747168,4.0,173627.63294771477,12.064668244507336
15491.0,1271084.90949038,221830.5301992,4.0,127164.0,11.753232870962837
15492.0,1271084.72248237,221813.19099918,1.0,0.0,
15496.0,1271115.0616824,222161.382551536,3.0,105468.86984308432,11.56617111577838
15503.0,1282565.16607814,199937.444096774,4.0,376222.9157103532,12.837937107631209
15505.0,1282920.66310249,198661.858687475,4.0,451985.8437873647,13.021406139269413
15515.0,1273704.64805305,241221.004203051,5.0,717393.9696186112,13.483380438160701
15516.0,1273697.91806905,241342.945259184,1.0,0.0,
15522.0,1262876.18775398,283772.842326626,1.0,0.0,
15525.0,1279511.006843,202672.985539585,3.0,832082.4403016255,13.631686801795555
15526.0,1282857.07001443,197251.731262028,4.0,317728.6092381953,12.668952867314974
15534.0,1274860.57944624,218162.704851449,1.0,0.0,
15535.0,1275109.66162249,218192.27073946604,3.0,351062.7039880369,12.768720130333653
15536.0,1282362.81740592,200598.049409449,4.0,316653.39023846167,12.66556304846696
15538.0,1277237.36671267,229713.863199264,3.0,4009.4712055405,8.296414642662622
15539.0,1275397.94616678,229653.80131121,3.0,164831.82540620904,12.012680993142082
15540.0,1275588.55467899,229541.250335097,3.0,6123.360911262975,8.719866393275554
15541.0,1281564.7720931,191963.961336613,1.0,0.0,
15542.0,1277240.27512868,229808.497887373,3.0,78176.24800909686,11.266721146497902
15547.0,1287107.65011477,203124.320900038,1.0,0.0,
15549.0,1271297.80248259,218914.149908215,4.0,284775.6165950284,12.559456838966465
15551.0,1274338.74226171,216186.14420941504,3.0,822312.4870712707,13.61987575638579
15552.0,1271726.96958703,223270.89544867,4.0,938502.2304513488,13.752040511618928
15553.0,1271824.01765113,223328.584984735,1.0,0.0,
15554.0,1264825.90429996,217717.103378981,1.0,0.0,
15555.0,1264885.09642802,216671.23080191,3.0,43225.33159635212,10.674181981924082
15556.0,1280358.72005987,221546.899542913,3.0,18818.01634155969,9.842570005966785
15557.0,1280328.91333984,219899.520597219,3.0,43601.854117086754,10.682854954054193
15558.0,1277479.59519292,248125.873650119,4.0,464464.04180080106,13.048639421539407
15559.0,1276661.01221609,235883.927653581,3.0,822242.3762999843,13.61979049225397
15560.0,1277470.84850492,247628.208625615,4.0,147156.40757278533,11.899251297210936
15562.0,1277973.26975343,246560.040112525,4.0,167481.6840702506,12.028629275433914
15563.0,1278207.89855367,246552.148080513,3.0,188994.5435977245,12.149473423771727
15564.0,1286088.84966573,196462.265341222,1.0,0.0,
15568.0,1286010.10700966,196462.962493226,1.0,0.0,
15571.0,1274473.5392538498,242626.286508486,6.0,913681.1040874182,13.725236888119934
15572.0,1274704.15032607,242596.141228467,3.0,622011.6601559509,13.34071411777704
15573.0,1278275.59167373,280115.324754879,3.0,101583.72247338665,11.52863858941511
15575.0,1266238.50519741,212207.566541344,3.0,299048.8625628865,12.608362258964004
15576.0,1265513.47774068,212673.458317816,3.0,167058.65835646846,12.026100277369403
15577.0,1265503.81764466,212399.756749541,3.0,4396.232270297358,8.388503150865043
15580.0,1274715.5584541,242822.322860688,3.0,12864.991017422337,9.462265026497361
15581.0,1283788.78764738,256406.195962608,1.0,0.0,
15582.0,1284027.68844762,256407.761594608,1.0,0.0,
15602.0,1293756.8494176,183888.369584352,4.0,664642.1049153334,13.407003986665552
15609.0,1294336.00378618,184442.43505691,1.0,0.0,
15610.0,1294104.75392994,184310.490736783,3.0,84778.0,11.347791354158918
15627.0,1277924.41976938,218862.415444165,3.0,122260.83431044116,11.713912027626511
15628.0,1276264.39749567,218998.50242029096,3.0,490243.82168921054,13.102658141611432
15638.0,1275602.686583,284676.287703559,1.0,0.0,
15639.0,1275796.97227921,284671.083991542,3.0,89439.90495435902,11.401322225713484
15640.0,1277035.60760847,218418.999315709,1.0,0.0,
15641.0,1279690.91756319,213534.820430696,3.0,6835.826301587278,8.829932634548596
15642.0,1279715.82661921,213486.95271866,3.0,24624.38082735533,10.111492321657384
15649.0,1268661.56759989,213742.522126913,1.0,0.0,
15652.0,1274858.96466224,252551.115766659,3.0,5371.1338141727,8.588794303795943
15655.0,1273681.20715703,220716.26504606,3.0,476871.2792595073,13.075001878651248
15658.0,1267495.95019069,285118.677592009,1.0,0.0,
15682.0,1281878.46732543,218535.616851822,3.0,148474.9814363646,11.90817174785536
15695.0,1282889.46265446,274701.480269343,3.0,84286.76375608509,11.341980118092454
15706.0,1269351.4490726,218494.999827787,4.0,211918.0,12.263954686377824
15707.0,1269216.98283246,218070.759187341,4.0,127164.0,11.753232870962837
15710.0,1269284.03678453,212560.094989702,3.0,10548.92820473871,9.263779541775504
15711.0,1269292.46328054,213144.66599831,5.0,256830.3947283335,12.456171203328015
15713.0,1261035.27248809,245096.215343028,3.0,58842.051051766335,10.982612032227598
15714.0,1283422.579391,210834.422283933,3.0,240055.01099183032,12.388623388524925
15715.0,1263354.26455446,243212.8289731,4.0,73392.01221073628,11.203570383213878
15716.0,1270478.99569775,222490.41403988,4.0,117949.6406331274,11.678013038058204
15717.0,1274209.28088558,226188.035931662,4.0,444186.82713639154,13.00400053474923
15718.0,1281839.75942139,221919.756439283,4.0,117709.92393679198,11.675978605214762
15720.0,1280639.55148415,219060.955348358,3.0,13473.94633396478,9.508513198579971
15721.0,1280630.74278015,220308.954197645,4.0,21289.32063498183,9.965960847325867
15724.0,1283146.04287873,278044.56116876,3.0,85788.79981833631,11.359643738707366
15725.0,1283090.65222266,274608.745869249,1.0,0.0,
15728.0,1279187.21580267,213020.94055818,3.0,928630.5983602868,13.741466305091514
15729.0,1279229.40997872,213019.849998176,4.0,110506.62453795322,11.612830748712692
15733.0,1294244.25031409,179313.111659661,1.0,0.0,
15736.0,1260822.66986386,245092.89643101403,3.0,27133.178529651534,10.208512558010849
15746.0,1265988.47185315,211909.351565033,3.0,750931.7559238184,13.529070055676936
15747.0,1273127.48613247,213010.97601416695,3.0,179211.56946079983,12.096322339162162
15748.0,1273320.13637267,213009.98030217,1.0,0.0,
15752.0,1269131.36484838,212056.641293183,4.0,82347.3546111523,11.318701611363668
15760.0,1272919.76939626,206306.080647305,3.0,137807.53134843486,11.83361329026585
15761.0,1261234.51613629,245608.322863549,4.0,110529.28688464568,11.613035804503184
15762.0,1261226.06832828,245341.966127276,4.0,61941.80031332324,11.033950518544312
15767.0,1269111.36292836,216236.307153463,1.0,0.0,
15770.0,1269274.34718452,209996.444939077,3.0,334434.9031757729,12.720197530271575
15771.0,1268769.12478401,211028.509196132,1.0,0.0,
15773.0,1269277.69528052,212050.231565177,4.0,117868.89489214304,11.677328225526736
15775.0,1269281.57944053,212173.59150131,4.0,101223.22010573137,11.5250834572015
15777.0,1269200.30603245,215824.945425048,1.0,0.0,
15782.0,1293711.73728955,188172.499444738,1.0,0.0,
15789.0,1295591.69121146,185623.581938118,1.0,0.0,
15790.0,1295809.44109969,185610.451058105,3.0,44628.04866849429,10.706117834249678
15791.0,1293546.97780138,185534.462706029,1.0,0.0,
15793.0,1279740.65759523,208000.278665036,3.0,267733.5427230697,12.497747521334365
15794.0,1279737.98866723,207876.70279291304,3.0,43494.93507573728,10.680399775257168
15798.0,1273703.04568505,241346.791083187,1.0,0.0,
15800.0,1293172.705865,185553.400690049,1.0,0.0,
15804.0,1283140.02092671,277859.277392566,1.0,0.0,
15810.0,1271888.80523519,231958.852449566,3.0,300587.6327664633,12.61349461362653
15818.0,1268651.62993588,212042.314893171,4.0,65915.90146872702,11.096134988328954
15820.0,1277409.50117685,206248.977031246,4.0,716421.4692486327,13.482023916961744
15823.0,1279734.91353123,207734.341192767,1.0,0.0,
15828.0,1266626.74090981,286942.386521876,3.0,246862.37284600135,12.416586265363858
15829.0,1266789.64810997,286939.799961865,1.0,0.0,
15830.0,1273912.44882128,244948.411502868,3.0,40524.98913804904,10.609674078572972
15864.0,1281965.45369351,271437.77191399,4.0,58831.46989850033,10.982432193072466
15865.0,1282040.99814159,271433.861129984,3.0,89536.49023880454,11.40240153333634
15866.0,1281808.72172536,271441.187529996,3.0,67901.5035786843,11.125813457317582
15867.0,1281812.23289336,271638.9873382,1.0,0.0,
15868.0,1281973.43167752,271638.552650198,1.0,0.0,
15870.0,1281960.03308551,271219.115849778,3.0,36681.9207343587,10.51003928962207
15871.0,1282146.1816937,271691.247754261,3.0,222070.63333346177,12.310750778418406
15872.0,1281626.43078117,271051.185353607,3.0,596163.7804291027,13.298270707674742
15873.0,1281652.08095719,271225.208009779,3.0,334173.37642786524,12.71941522837905
15875.0,1281775.12927732,271439.939850003,3.0,97560.8003233072,11.488231055692141
15879.0,1281763.2543333,271218.698505774,4.0,157659.6654054306,11.968193972357623
15887.0,1280148.13874766,207976.526729017,3.0,175487.60654527383,12.075323701418844
15888.0,1280143.58821966,207814.10612084,1.0,0.0,
15897.0,1281508.98150104,194471.668283179,4.0,401662.03164610127,12.903366296701915
15899.0,1277558.834233,205467.457286447,4.0,93630.46757509364,11.447111117780272
15910.0,1281773.61682932,194123.94981882,3.0,233927.9100250049,12.36276827005821
15914.0,1280721.61202824,198098.328318894,4.0,756558.0377088228,13.53653452798404
15915.0,1277968.69624943,203250.660868168,3.0,265803.0444773861,12.490510879211435
15916.0,1278035.90610549,203270.807172194,4.0,358711.7669451048,12.790274467401348
15917.0,1280728.04281224,197097.689917877,3.0,74986.72194277184,11.22506633608184
15918.0,1281029.87846056,197089.653501868,4.0,241072.59320343277,12.39285338372793
15919.0,1278868.72037834,200206.240129054,3.0,132551.46180435608,11.794726239980434
15922.0,1281627.95500517,222314.759895697,3.0,921325.831447726,13.733569032745566
15923.0,1282071.04274963,222295.717591673,3.0,938619.3168329408,13.752165262604727
15927.0,1284017.48076762,201651.180482537,1.0,0.0,
15930.0,1281759.65849331,271088.477961645,1.0,0.0,
15931.0,1281760.9002853,271133.888329685,3.0,54974.26585082312,10.914620461096833
15933.0,1282035.63500559,271216.935369775,3.0,15017.621203359771,9.61697953749979
15937.0,1280805.78674833,197845.72748664,4.0,635231.7170660188,13.361745120077202
15938.0,1280874.1048284,197843.907902628,4.0,439165.29573704384,12.992631149063293
15949.0,1277883.80076134,204101.273349047,4.0,774464.6698352931,13.559927321059131
15950.0,1276478.2087599,217591.90158686,4.0,121258.29689343556,11.70567823444574
15951.0,1276615.45196004,217586.184722856,1.0,0.0,
15960.0,1274416.25259778,280290.405395061,3.0,548084.7303394161,13.214185171385807
15961.0,1273748.4829331,278703.160593435,3.0,80676.65401544262,11.298204518915668
15962.0,1273986.80990934,278696.096593425,1.0,0.0,
15963.0,1278358.56165782,201181.64825806,3.0,107722.78084647506,11.587316362099887
15964.0,1278424.59231389,201194.418946072,4.0,60994.96276696432,11.018546562154983
15965.0,1277270.6622647,207010.674696028,3.0,42538.17799558488,10.658157257455807
15966.0,1280507.17279603,198620.209215432,4.0,827879.3443169654,13.626622703325335
15967.0,1281054.14617258,195309.703356043,4.0,144012.11976254397,11.877652740034128
15968.0,1281120.18572465,195308.297852039,4.0,198753.02833115825,12.19981826928683
15969.0,1280861.84044439,198346.117183149,1.0,0.0,
15970.0,1281060.62706859,198339.578495145,3.0,49771.77343512887,10.81520330383037
15971.0,1280957.41177249,197591.584254384,4.0,319440.54376970447,12.674326443994934
15972.0,1280714.60614024,196055.45772481,1.0,0.0,
15973.0,1281046.87385258,196046.772412792,3.0,44823.01518479177,10.710477018291458
15974.0,1277119.67500055,208185.473161221,4.0,511757.77314154,13.145606692741916
15975.0,1277057.01368849,208179.442377225,3.0,84810.50224056299,11.348174661288017
15976.0,1277977.24152943,203590.068996519,4.0,89937.48989467337,11.406870151270283
15977.0,1277404.70168884,205036.141573995,1.0,0.0,
15978.0,1277636.08671308,205029.865029991,4.0,82128.74034860951,11.31604329932951
15981.0,1280330.58361185,208716.404233769,4.0,352813.3672737032,12.773694491494798
15982.0,1280008.46386752,270436.247944966,3.0,646084.5561719105,13.378685666106122
15986.0,1288487.27040419,249775.446451813,3.0,700333.2609836312,13.459311587851499
15987.0,1288616.13165233,249772.274547815,3.0,697581.7932894344,13.455375052167275
15991.0,1271379.84101067,224487.753561914,4.0,133327.43876427977,11.80056332717685
15992.0,1280460.20575598,203025.363779947,1.0,0.0,
15993.0,1280450.60242796,202620.063747525,3.0,198617.9604501924,12.199138461802233
15996.0,1278930.78623441,278697.743249431,1.0,0.0,
15997.0,1278983.90156247,278955.328017697,3.0,71664.40495703217,11.179749459204617
16001.0,1278552.07340202,279277.131858021,3.0,138819.23252875957,11.840927880343207
16002.0,1278709.02450618,279551.241874307,1.0,0.0,
16005.0,1271107.0079224,218151.746259436,3.0,191787.73333082485,12.164144483863943
16006.0,1271095.88190639,217408.584338665,4.0,377717.6941891775,12.841902354807852
16008.0,1255949.41449888,254409.737720564,4.0,45702.003506759895,10.729897416331834
16012.0,1284519.85971214,260320.842366606,1.0,0.0,
16013.0,1279155.89663464,278807.222353548,3.0,388570.6193238764,12.870230206592321
16014.0,1273746.4957331,278307.364433035,3.0,42997.81099586491,10.668904486306982
16015.0,1281094.35929263,194273.663738981,1.0,0.0,
16016.0,1289412.55034114,249760.570163801,3.0,551671.2165158193,13.22070752555188
16028.0,1267167.86455837,284732.564183608,4.0,397185.1516718281,12.892157827956497
16030.0,1267167.60734236,285394.707224295,3.0,405346.7757428239,12.912498216129435
16034.0,1274696.45842208,280281.890707046,1.0,0.0,
16035.0,1263600.0662187,284409.085527271,1.0,0.0,
16038.0,1264288.78961141,246446.560688406,3.0,371683.2182166297,12.825797206534954
16039.0,1264260.60394739,246448.496048406,1.0,0.0,
16044.0,1274833.63461421,202627.409475535,3.0,143902.80280052812,11.876893370104318
16049.0,1273758.2794771,280442.303443223,3.0,313635.19853842293,12.655985801397243
16050.0,1274022.67134938,280436.099667206,1.0,0.0,
16051.0,1267494.8215507,284921.743255809,1.0,0.0,
16056.0,1265554.16074871,207156.067464173,3.0,550247.1171407573,13.21812276019417
16057.0,1265287.43882844,207158.39943216703,3.0,466090.0,13.052134027507208
16060.0,1279860.84831536,209520.132618591,3.0,2109.117305964321,7.6540248005366545
16061.0,1279923.69759543,209270.877834335,4.0,88932.49076171892,11.39563283011705
16062.0,1279520.56946701,209683.677898765,3.0,65975.42668764977,11.09703762876478
16063.0,1279841.06489134,209592.672778666,3.0,26925.691428883903,10.200836181504856
16064.0,1280028.90674753,208767.787017822,3.0,454293.2833957915,13.026498267125307
16065.0,1279432.58277892,209343.22516241705,3.0,41029.15349015111,10.622038153737929
16067.0,1281445.93273298,269059.050567552,3.0,65417.79428422313,11.088549584293814
16069.0,1264745.88119589,286605.41736953,3.0,810172.5669415378,13.605002549564466
16072.0,1264740.55805987,286112.963353023,4.0,729443.9971016243,13.500037875117526
16073.0,1269119.35672036,282051.624660864,3.0,52214.59463258015,10.863117325454999
16076.0,1276314.75800774,282881.530133709,4.0,1032099.4717951396,13.847105607777069
16077.0,1276385.7122478,272543.051851124,3.0,126117.61646031168,11.744970214497787
16080.0,1269809.01604907,286023.594072938,4.0,858758.3182608725,13.663242808947325
16081.0,1273740.49899709,273959.23143658,4.0,736875.6794445594,13.510174472335514
16083.0,1267167.53150237,286061.920472965,4.0,821731.0962269256,13.61916848697458
16085.0,1276385.9346478,273865.996364489,3.0,122323.1908720182,11.714421926528384
16087.0,1271133.12331443,286000.608216912,4.0,490249.6451248461,13.102670020192642
16090.0,1282246.5351658,279070.323217809,3.0,921692.6399311268,13.733967084630493
16094.0,1266326.92164551,286075.213080987,3.0,57965.00840693199,10.967594804139116
16096.0,1264803.68586794,243637.857965529,3.0,38238.62723105649,10.551601467751517
16101.0,1271120.53573041,283846.374678701,3.0,44536.60223332462,10.70406665216559
16102.0,1276663.77074409,281603.925780401,3.0,85606.45072454744,11.35751591822212
16103.0,1278658.11487412,280091.963218853,3.0,375475.79910911777,12.835949298333366
16104.0,1267166.96491036,286809.025945738,3.0,43166.076190476175,10.672810192374953
16105.0,1267155.62769435,283849.46389471,3.0,111188.53007364592,11.618982508658888
16106.0,1276345.63224776,268069.103110552,3.0,134053.13773488934,11.805991550588143
16107.0,1279093.31314658,276969.498703659,3.0,200666.12659266585,12.209397744220551
16108.0,1276383.3910318,276909.527311593,3.0,345946.9266209557,12.754040651005303
16109.0,1269784.12670504,282041.639124855,4.0,650899.0950429713,13.386109909242982
16112.0,1271117.2532984,283039.880597875,3.0,48759.36266002104,10.79465251255041
16113.0,1267825.88484703,286053.120920956,3.0,746664.9230079266,13.523371799903146
16117.0,1276386.0386478,272213.837898791,3.0,95514.16111067754,11.467029799357293
16120.0,1264716.99703586,284281.556567147,3.0,119028.89924754924,11.687121593429922
16121.0,1264725.14826787,284785.349207669,4.0,95732.17344723924,11.469309711612881
16123.0,1273396.84286875,222114.18191148297,5.0,137828.85930420563,11.83376804454748
16124.0,1278572.57337004,280096.388434857,3.0,409253.4118879967,12.92208983212715
16125.0,1271112.79595441,282021.503316835,4.0,403834.09495298425,12.908759416544028
16126.0,1273737.85797308,276180.649550855,3.0,64756.52953877435,11.078389816775214
16127.0,1276381.6003758,280254.711955026,3.0,498578.638675082,13.119516606544682
16128.0,1274759.80536614,281919.417940736,3.0,105941.3972787428,11.570641364352136
16131.0,1278833.68601032,277996.185296714,3.0,123455.48024685802,11.723635886229145
16132.0,1264730.78212386,285133.611928016,3.0,131936.7008552248,11.790077547577352
16134.0,1265209.79428436,286098.655961007,3.0,51449.65443462722,10.8483590247115
16137.0,1282746.20345432,279248.359249994,3.0,760742.8781845594,13.542050706144
16141.0,1277332.59877677,284868.84309575,4.0,630335.4812771535,13.354007466598334
16147.0,1277712.61938517,280437.369683206,3.0,132577.6073813405,11.794923469029285
16148.0,1273645.07467699,281955.691796765,3.0,137991.64207457952,11.834948397628267
16155.0,1276654.06572008,203633.070852563,1.0,0.0,
16159.0,1277903.71442536,234990.699108675,3.0,30688.979327517987,10.331658889567027
16160.0,1275349.82648674,277882.592336595,3.0,482608.2121979938,13.086960448601006
16161.0,1280717.20914824,205935.593158916,4.0,973364.8138646476,13.788514228064955
16163.0,1280889.59366041,205897.070278883,4.0,54989.97626800983,10.91490619793257
16164.0,1281575.48070112,203310.777860239,3.0,22627.834637843636,10.026936048580751
16166.0,1281284.16012482,203111.038788036,3.0,169541.99999999997,12.040855962718982
16167.0,1281282.47935681,203032.719363943,1.0,0.0,
16168.0,1280847.91884437,205685.884358659,3.0,37452.887220876575,10.530839081324181
16169.0,1281286.76575682,203275.183812201,3.0,254290.0,12.446230627003512
16170.0,1281159.34150068,203598.49318853,1.0,0.0,
16173.0,1264837.69860397,215865.096913084,3.0,394301.8614105351,12.884872040652281
16174.0,1265241.33194838,212579.197005719,5.0,750710.1484619342,13.528774902134876
16180.0,1269950.82289721,212039.438221171,4.0,807714.226763023,13.601963595195064
16186.0,1283428.00326301,211322.721868441,3.0,1112866.465484073,13.922449645956595
16187.0,1269215.95755246,212173.850381315,4.0,70616.41552523412,11.16501791097575
16188.0,1264081.9245232,247367.386929348,3.0,607562.6266681551,13.317210538049205
16189.0,1263892.755243,247371.676017359,4.0,421954.8969247672,12.95265370798095
16190.0,1273147.07435648,213984.62727916203,3.0,250648.70109944345,12.43180764054953
16191.0,1273470.10981281,213977.198799163,1.0,0.0,
16192.0,1281997.59404555,201803.282242686,3.0,12484.219516192636,9.432220687038756
16193.0,1281550.20025308,203271.707780197,3.0,305402.6363331207,12.629386304123388
16194.0,1280079.41317959,204687.627525643,1.0,0.0,
16195.0,1280775.5577563,205921.109254912,4.0,257094.2599922077,12.457198067031232
16198.0,1269155.8342884,216108.45140934,1.0,0.0,
16202.0,1270568.58577785,212146.796301275,4.0,909652.5040683864,13.720817941903425
16215.0,1264812.14058796,207764.799176797,4.0,381396.0,12.85159348441648
16216.0,1264797.87549993,208412.684041455,3.0,254290.0,12.446230627003512
16234.0,1269398.03659265,204686.062853634,3.0,55721.71898439357,10.928125277819772
16235.0,1268841.16664007,206361.000775352,5.0,200181.3221790918,12.206978845702201
16239.0,1269196.45630445,206348.861063346,3.0,38727.16269263353,10.564296511179075
16240.0,1269568.83384082,206333.200327322,4.0,484441.9237116855,13.090752834628022
16248.0,1271082.75499438,216607.855953842,3.0,46499.49519291213,10.747196735450114
16249.0,1281574.58374111,200601.868929461,3.0,44610.150548549966,10.705716702887967
16250.0,1282806.88147038,195511.435196251,3.0,47629.95454864928,10.771217139535565
16251.0,1278425.22488989,205402.514502376,4.0,634184.411188646,13.360095060507788
16253.0,1280126.00857164,201677.119746566,4.0,187738.97244677253,12.14280783259792
16254.0,1280292.5951958,201633.639490515,3.0,59336.10262389171,10.99097321295332
16255.0,1281066.35442859,198628.58649544403,3.0,215669.2293649799,12.281501167425844
16257.0,1280007.09311551,201710.646594599,3.0,4369.547845097884,8.382414814795471
16260.0,1279783.25497128,202773.017155677,3.0,176159.82921546648,12.07914698247072
16267.0,1279787.00697128,202656.415363565,4.0,860552.3538411527,13.665329733969678
16273.0,1282250.5272938,197042.77234982,3.0,830065.3774994285,13.62925974474234
16282.0,1282794.75615837,206251.827463239,1.0,0.0,
16283.0,1283254.94719884,261401.63251172,1.0,0.0,
16286.0,1270478.81099376,222481.89800787,4.0,45087.86503364761,10.716368421295408
16287.0,1280033.67442754,202072.651394963,4.0,209108.83305256703,12.250610127721862
16289.0,1276948.77970438,206621.669575617,4.0,896406.2321678251,13.706148973325421
16291.0,1294101.28148194,184237.573936701,1.0,0.0,
16294.0,1275303.91813469,237173.08810290703,3.0,359203.6298075351,12.791644720613954
16300.0,1282247.3097578,197921.457598716,3.0,267731.26580188406,12.497739016868154
16303.0,1272946.76504429,212098.372493237,3.0,312982.1316988824,12.653901380668735
16305.0,1279691.76236318,230853.602080435,3.0,217289.04024643888,12.288983728923059
16306.0,1279590.44729109,230960.86268854103,3.0,1577.8365217492817,7.363809897654651
16307.0,1279632.64076313,230796.786912382,4.0,145368.2889480519,11.887025725027456
16309.0,1271068.62283435,225014.612762451,4.0,135055.05086759644,11.813437758503602
16313.0,1275344.23730274,248459.86117047103,3.0,647642.934473582,13.381094796416274
16314.0,1274484.86366986,248869.427570879,4.0,601281.5667127365,13.306818600833061
16315.0,1268516.53636774,242710.093804583,4.0,165539.23025232577,12.016963486509075
16316.0,1270854.08350614,227933.24406144,3.0,44245.51568261036,10.6975093047948
16318.0,1271118.4337144,228090.247325614,4.0,99467.00389863848,11.507581249039747
16320.0,1262830.09104992,249810.392883852,3.0,414463.13212559535,12.93473930418688
16321.0,1262842.48605794,250076.14629212,3.0,643205.2446435239,13.37421915079923
16324.0,1288405.12653211,203767.726148695,3.0,374549.1226112676,12.833478241858982
16325.0,1288715.47565243,203757.448260695,4.0,416567.3929504021,12.93980353530365
16328.0,1281885.58969343,202301.825539201,3.0,270123.2264996172,12.506633528307272
16329.0,1277057.82015249,208453.869321495,3.0,481740.3789280251,13.085160614988501
16331.0,1259117.11063012,255742.992249921,3.0,57932.08357754483,10.96702663060328
16334.0,1275596.884407,229847.311455414,3.0,86042.10070583192,11.362591998539587
16335.0,1268728.90699196,229077.265694618,4.0,174869.54643390488,12.07179552597131
16337.0,1270954.16830625,228356.638237879,4.0,103120.04289183336,11.543649053553958
16339.0,1265557.37822071,228044.242525563,4.0,78763.17798109469,11.27420088213067
16340.0,1254864.93443376,248920.766386941,3.0,133670.59657535364,11.803133818001522
16343.0,1285533.27462517,197598.549502388,3.0,498301.0422850814,13.11895967594919
16344.0,1273580.51346093,229668.932511225,4.0,958915.8522901786,13.773558604750018
16346.0,1273558.8067729,227135.808988631,4.0,230366.24844441848,12.347425705946344
16347.0,1269833.8001131,206303.053063303,4.0,371603.4006828115,12.825582437340687
16351.0,1270711.71832199,223088.620568484,4.0,245710.80664016787,12.41191054061151
16353.0,1268502.66635174,242447.536556304,3.0,87329.34827970352,11.377441862648952
16354.0,1277470.84818491,247569.510577559,4.0,95512.83540805492,11.467015919616243
16355.0,1277727.00351317,247627.577393621,4.0,42957.71607566415,10.667971563795193
16356.0,1275809.66879122,216150.706961378,4.0,157186.43662548065,11.96518787424643
16357.0,1265601.09898876,255614.235257789,4.0,199963.4407909973,12.205889832775927
16358.0,1277768.58444121,249971.551668018,3.0,81409.26273520368,11.30724433833249
16359.0,1277843.16402529,249970.011316016,3.0,48459.81100011393,10.788490094241448
16360.0,1272096.87307541,228396.70838192097,3.0,242551.95728666725,12.39897122326219
16362.0,1281963.78540552,201913.224578798,3.0,88554.05624133584,11.391368449517426
16363.0,1268295.29303952,228600.901854128,4.0,308928.1745886265,12.640864084163425
16367.0,1276976.45746441,232137.01750575,4.0,714771.6075333767,13.479718340624258
16370.0,1270427.7487857,223568.689496979,4.0,475480.39724100864,13.072080934546825
16371.0,1260291.29955932,247719.728113711,4.0,106317.03223200828,11.574180779453597
16379.0,1278894.73644237,214405.3931676,4.0,298501.1870383566,12.606529188484798
16380.0,1260995.18954404,250364.574516416,3.0,411992.881737338,12.92876135084585
16381.0,1273214.61458056,217380.033554643,3.0,30541.27791821127,10.326834421977448
16382.0,1273212.04536456,217252.040658504,3.0,218562.47809627207,12.294827193588498
16384.0,1260378.84202342,256648.260090858,3.0,17822.128971238075,9.788196164777503
16385.0,1272798.50744413,215055.217680261,3.0,606891.6080985512,13.316105484242025
16386.0,1269123.87998436,205505.892614484,3.0,91670.6322513496,11.425957347968685
16387.0,1274287.02091765,203635.49901256,3.0,16768.42982380502,9.727253220368393
16389.0,1287229.44646691,193003.521913677,4.0,922213.964384838,13.734532541109017
16390.0,1287525.6906272,193051.790521726,3.0,783757.4631906854,13.571854893296287
16392.0,1260303.68439133,250381.11256443,4.0,1021971.4948294898,13.837244157800537
16393.0,1277526.81887297,206022.530311003,3.0,124997.34125494827,11.736047746097816
16394.0,1277556.298169,205886.529606864,3.0,118765.36157068638,11.684905074125782
16396.0,1270073.45585734,244869.653102785,4.0,139295.16456755335,11.844350446800394
16397.0,1268263.02999948,256213.54380241,3.0,304267.5323387887,12.6256626339678
16400.0,1275178.64344656,227444.429404944,4.0,128671.55328223744,11.765018337935173
16401.0,1272038.37118734,215069.548304275,4.0,51498.91733124017,10.849316063736483
16402.0,1277961.39052142,225243.6923787,4.0,252216.4664398993,12.438042991578643
16403.0,1276177.2543276,250004.198260054,4.0,55147.48287770691,10.917766382256675
16404.0,1271090.43147437,222472.443287849,4.0,97836.74735378304,11.491055525264114
16407.0,1285512.25760114,196470.066493228,3.0,160866.4619093433,11.98832987066542
16408.0,1273078.79826042,205396.528646365,3.0,279804.009220084,12.541844669988931
16410.0,1270810.4012021,222921.95714432,3.0,67116.60000325528,11.114186684364242
16412.0,1285535.65945718,206943.365767956,4.0,671414.6126065151,13.417142127673886
16413.0,1271784.80081908,241586.946731433,3.0,99691.34550729246,11.509834146839022
16414.0,1270287.08043356,227598.171869099,5.0,809397.0619796924,13.604044881542954
16416.0,1266667.91313384,242293.089004144,5.0,342004.381983362,12.742578828779507
16417.0,1278415.60447387,215379.278352588,4.0,205937.17051417156,12.235326403746498
16419.0,1281511.01663706,252552.882166654,4.0,120818.88095227307,11.702047851543176
16420.0,1278676.44255415,200522.70374538,4.0,11469.044807416243,9.347406929185405
16422.0,1275566.96191096,228800.357150331,4.0,129490.32410334104,11.771361439981531
16423.0,1273495.30136484,240838.658538669,3.0,96770.33974311464,11.480095818699812
16424.0,1288098.36333179,250102.97042015204,3.0,62662.4857430535,11.04551823405214
16425.0,1288101.1090598,251085.709557161,3.0,486245.6932974412,13.094469316903727
16426.0,1279845.88511534,246336.767280295,3.0,85845.01002852563,11.360298740332619
16427.0,1274773.80568615,246865.526064828,3.0,25285.55492170188,10.137988559949228
16428.0,1279397.64581889,222898.616984293,4.0,1067389.9481028768,13.880726925658397
16429.0,1274235.2785176,249245.055411264,3.0,397172.7716881621,12.892126658169419
16430.0,1289874.89786161,186950.30833947696,3.0,168221.21608793546,12.033035154642215
16431.0,1289988.76147774,186788.236467317,3.0,287431.9285082293,12.568741340778846
16433.0,1267319.67063852,228617.283038154,4.0,169561.55928298185,12.040971321478677
16434.0,1282834.00972641,249878.573875919,4.0,464284.61621884553,13.048253040180708
16435.0,1266046.25815721,241439.278379276,3.0,84491.67102589764,11.34440824074629
16436.0,1274020.80818138,225340.205274791,3.0,981324.2939815464,13.796658258824392
16439.0,1279985.13253948,207984.955209017,4.0,352239.9608810491,12.772067929371968
16441.0,1275154.40466253,225311.739162758,4.0,519146.1658254316,13.159940752219269
16443.0,1260372.4463754,258779.33753302705,3.0,887427.5279345923,13.69608213833221
16444.0,1274669.30360605,244748.726510659,4.0,294699.934643094,12.593712946951394
16445.0,1274930.22763832,244741.222894654,4.0,272125.92848227266,12.514020210500794
16449.0,1265180.58730833,245326.603631258,3.0,67892.62521664715,11.125682695227518
16450.0,1269612.96395287,226209.446683675,4.0,918217.9894401616,13.730190102676957
16451.0,1271322.04849862,217404.08993867,4.0,400207.0693339328,12.899737365478336
16452.0,1269960.27102523,224358.527129784,4.0,192988.1651816253,12.170384145704396
16453.0,1269804.42718506,224621.804506049,4.0,259205.71319138096,12.465377284850758
16454.0,1263295.52023439,247653.858481646,3.0,63353.83118718053,11.056490660434948
16455.0,1277709.88645716,205030.094341993,3.0,232928.2455626772,12.358485726160273
16457.0,1267753.06743896,229094.384478629,4.0,195635.9655358893,12.184010892563178
16463.0,1277178.30904861,265891.123204321,3.0,637411.6306934041,13.365170927886133
16465.0,1257728.2262767,259237.940285504,3.0,32966.26838730987,10.403240147594989
16467.0,1265729.65905289,250295.080244347,4.0,127981.6552769733,11.759642214482081
16468.0,1272829.27909216,244800.855342716,4.0,339616.18931715644,12.735571404006144
16471.0,1273546.6949649,226481.42741996,4.0,966514.5646983128,13.781451647044461
16472.0,1260282.02691931,254364.084216505,4.0,563228.8056115604,13.241441228845385
16473.0,1275403.41464679,252683.399926797,4.0,91838.58544809876,11.427787809083934
16475.0,1279072.45554656,219863.995093182,3.0,159375.09720116667,11.979015804784314
16476.0,1282864.32063843,198227.165695027,3.0,21535.06160624565,9.977437658233859
16477.0,1282864.98502244,197921.638398722,4.0,157001.46939492898,11.964010443490018
16478.0,1275471.24952687,214748.333071947,3.0,15471.142101337444,9.646731767689973
16481.0,1262763.60855386,247665.382449657,4.0,314744.2092172863,12.659515553698544
16482.0,1281761.96754931,202569.647811472,4.0,884919.0841962565,13.693251489523348
16483.0,1278253.72389771,202111.390531003,4.0,274645.67386092915,12.523237087184592
16484.0,1279900.4138834,225201.436506644,4.0,753509.5194251245,13.53249693057887
16490.0,1274982.29906237,211385.0153725,3.0,182669.1265631332,12.115431743757865
16491.0,1257492.46429245,247780.354609773,4.0,638758.5688291958,13.367281835406855
16492.0,1276099.0369835,246032.43819198,4.0,119200.95292910031,11.688566027953078
16494.0,1268540.80830377,243169.515757054,3.0,22118.51986455775,10.0041705394986
16497.0,1285215.53382485,251153.181237221,3.0,134015.77576252632,11.805712801574558
16499.0,1286128.29740977,251132.887285203,4.0,102204.38099004918,11.534729822663211
16501.0,1275592.16101499,208505.09722554695,3.0,103946.62794781449,11.551632853585534
16503.0,1282832.96735841,251202.12242128,4.0,109092.18159930842,11.599948506552154
16504.0,1276141.32786356,213267.429902434,4.0,330102.15809849696,12.707157455531204
16505.0,1278448.00472991,235170.675108865,4.0,51752.31577335814,10.854224459370034
16506.0,1271552.33541085,227358.014876857,4.0,806970.3440396424,13.601042198174916
16509.0,1285565.2919692,209085.45101814,4.0,390168.160581638,12.874333106152582
16510.0,1269122.47870436,226977.831260473,4.0,78553.28577925685,11.27153247322592
16513.0,1257790.17757276,247774.80868975804,3.0,46559.09547256563,10.748477655080992
16514.0,1272142.05208346,226361.369883835,4.0,929157.9620158316,13.742034037804437
16515.0,1275016.0017184,246065.999472022,4.0,305416.595542067,12.629432010637592
16516.0,1274859.36421424,252702.976694807,4.0,29987.57894884981,10.30853853986978
16517.0,1282270.03871782,243554.75678144404,3.0,276842.2178430432,12.53120301220475
16518.0,1278113.00274557,229691.136543244,4.0,80092.74428831397,11.290940545786432
16520.0,1273134.18296447,200317.314049169,4.0,54897.14972534737,10.913216708578773
16524.0,1269058.7731683,225881.387291342,4.0,698864.487021713,13.4572121354996
16526.0,1268631.87473586,244897.729838818,4.0,344892.8766344051,12.75098914528864
16527.0,1258449.60374944,255753.577529937,3.0,107209.83516437396,11.582543269346761
16531.0,1277062.7013685,208148.930313185,3.0,91709.05538227309,11.426376403448401
16532.0,1290713.12224647,189873.686006472,3.0,322774.7879789795,12.684710108173304
16533.0,1280591.20774011,265788.379652217,4.0,140580.0536765211,11.853532382551712
16534.0,1262702.4361378,259656.643837929,4.0,334038.4986819141,12.719011530830992
16537.0,1277845.3212093,257431.783483654,3.0,519518.94264375226,13.160658552078504
16542.0,1285492.09068912,199179.902976006,4.0,604279.0799334099,13.311791423073279
16543.0,1286233.67942588,199172.971519992,4.0,694708.7894949311,13.451248028817618
16545.0,1259327.02749434,246356.950320318,4.0,36293.81904055977,10.499402731389871
16546.0,1277069.2670005,212095.519181222,3.0,57863.22933744014,10.965837389925287
16547.0,1273485.57797283,223028.10396042507,3.0,744760.1707599763,13.520817527091847
16548.0,1273491.95128484,223390.24002479,4.0,372760.8585810809,12.828692363204915
16550.0,1282803.91756637,247224.191025198,4.0,120622.92106837108,11.700424603826415
16551.0,1278979.44127446,252600.696694702,4.0,693982.8833415707,13.450202575411833
16552.0,1263924.03306705,242729.778796598,3.0,647763.0261111611,13.381280208003957
16553.0,1273251.7375246,229671.808159232,4.0,496491.3086387282,13.115321257054786
16555.0,1277086.49989653,237299.72202304,3.0,25966.76297838283,10.164572652235822
16556.0,1280114.76057161,245664.645615608,3.0,104109.40687513008,11.553197614354598
16558.0,1275073.85432646,262724.026497066,4.0,82191.43498255953,11.316806378322893
16560.0,1254887.59088179,250440.289588496,4.0,854414.266188557,13.658171444366737
16561.0,1277204.96780065,255285.256953448,4.0,903041.230753742,13.713523491106185
16562.0,1276764.64780019,225271.003674716,4.0,1018783.8967695748,13.83412021588633
16564.0,1275259.14821465,250033.35045208,4.0,51293.21347340598,10.845313731440895
16566.0,1276641.67596006,245352.331567287,4.0,119980.51849520768,11.695084662711396
16567.0,1276656.22156008,246015.989743963,4.0,96556.39203605508,11.477882490078038
16568.0,1271461.31627476,223098.43023249495,3.0,171582.43235609162,12.052819085248013
16569.0,1271344.23185864,223284.650968686,3.0,36608.48910630182,10.508035435290019
16575.0,1267428.19831863,227648.038621157,4.0,279096.09286774875,12.539311420385754
16577.0,1286811.76813048,194170.07308287904,3.0,555252.9183645282,13.227178997689784
16578.0,1270638.71128191,228645.098270178,4.0,179629.4333738112,12.098651304350575
16581.0,1276191.31826361,252653.505654767,4.0,643486.3348477873,13.374656070125065
16582.0,1272167.63832349,229444.649502993,3.0,40110.00491077386,10.599381081196748
16585.0,1266886.85361408,228140.700317666,4.0,192293.38545265055,12.166777533963183
16586.0,1274176.86494954,250067.792308107,4.0,156489.7340697679,11.96074568981248
16587.0,1276918.85848835,229816.121503368,4.0,287412.57918406,12.568674020576886
16588.0,1268601.35543983,215878.03361710897,3.0,186742.1172666693,12.137483892019423
16592.0,1270041.75377731,242777.229164645,4.0,275680.86814360664,12.526999200855778
16593.0,1279379.03961086,214395.122831583,4.0,561619.909527757,13.238580582503666
16595.0,1284226.60729583,261934.850624263,4.0,110602.3165386144,11.613696313046452
16597.0,1281397.62316494,199381.157120213,5.0,718242.5286402176,13.48456257461579
16599.0,1271362.49297866,219335.619540647,4.0,86388.36163140518,11.36660824237862
16600.0,1271348.73541065,218559.358291849,4.0,206596.77797491435,12.238524240071303
16602.0,1277741.39980119,216104.01704134,4.0,254186.83192140836,12.445824834355626
16603.0,1281232.29542077,204470.203717425,4.0,592435.3113682234,13.291996966905588
16605.0,1265702.97770886,212166.697165295,5.0,133814.0806097574,11.804206657385638
16606.0,1265570.23844473,212268.688141406,7.0,129915.23919113303,11.774637510567173
16608.0,1283771.39270337,195257.792699993,4.0,1033434.6291971264,13.848398404238093
16609.0,1275008.13759039,209365.202122435,3.0,33650.94185410009,10.423796324401826
16610.0,1278010.43602547,227042.270748541,4.0,228418.1701092847,12.33893330749329
16611.0,1275540.20344694,227657.856157169,4.0,140903.3344770092,11.855829363163945
16613.0,1264285.03069942,255651.352697834,4.0,574435.4001713851,13.261142924641947
16615.0,1273077.23589242,224781.047962219,4.0,1092456.8401437711,13.90393969958229
16616.0,1279222.9637707,213439.516494602,3.0,607366.7054825026,13.316888015278264
16619.0,1260938.17194398,247706.206513688,4.0,124605.322290145,11.73290659943242
16620.0,1281189.05234872,204467.744709417,4.0,564531.3786987782,13.243751247738711
16622.0,1277303.06898475,206798.575687811,4.0,72542.34281946068,11.191925709247544
16623.0,1283746.82975934,251184.563381255,3.0,14008.642665890398,9.54742975140348
16626.0,1285521.94329716,256480.196154684,3.0,222032.53452312376,12.310579202022698
16627.0,1275872.89138328,248339.426674336,4.0,403982.1406412085,12.909125949632516
16628.0,1276063.40447147,248556.440690562,3.0,144205.27305637315,11.878993070823027
16630.0,1275165.48895055,216166.619985402,4.0,248154.51132075695,12.421806860663985
16631.0,1280917.53516445,265779.418692201,3.0,104423.14667495394,11.556206641302245
16632.0,1281597.66738914,257808.669244036,4.0,845321.5417379853,13.64747235672573
16633.0,1259596.91741461,246015.238767967,4.0,16284.959164746504,9.697997210169364
16634.0,1286887.57408255,193534.017594218,3.0,442551.6004497071,13.000312347817344
16635.0,1274037.0227094,240651.338026464,3.0,41195.54336464072,10.626085358725591
16637.0,1275676.95941508,232171.610273793,4.0,168999.51484513414,12.037651123162238
16640.0,1278025.18239348,216171.413265407,3.0,115258.24290909692,11.654930480289146
16641.0,1275396.98616679,220843.87765418,3.0,141917.23089908616,11.862999285649881
16642.0,1275457.77803886,220717.93237406,4.0,116449.19460687396,11.665210359074521
16643.0,1285501.80390514,195880.83340463,4.0,435419.0484875255,12.984064176222772
16644.0,1278134.1001536,202753.326595664,4.0,1080778.5519365186,13.893192220812898
16648.0,1278094.00210555,229313.344670862,4.0,472539.1954734906,13.065875975858543
16651.0,1280789.46982031,198096.552766889,4.0,657410.0609515186,13.39606324425018
16652.0,1275799.5490472,214581.233679771,4.0,412874.6657246708,12.930899353064355
16653.0,1275184.86258258,227087.676188588,4.0,317632.82253770164,12.668651348537068
16656.0,1276298.67109571,265919.777988344,4.0,1034555.4050941494,13.849482332098646
16657.0,1280614.43506813,198351.331455156,3.0,821884.2651496668,13.619354867470632
16659.0,1287072.64921875,201916.44569881295,3.0,486347.9156807196,13.094679522651967
16660.0,1269555.57662481,227454.031132951,4.0,115416.11146264484,11.656299237372048
16661.0,1279616.14937112,227011.364700496,4.0,320825.02367732057,12.678651155914016
16662.0,1277451.62412089,206011.555591002,4.0,134522.86120676238,11.809489435377952
16663.0,1281643.58393319,221011.79074235295,3.0,272769.50132443453,12.516382400037411
16664.0,1281579.83474912,220787.596950129,3.0,312133.65724585945,12.65118676366794
16665.0,1275107.40280649,222992.59189638495,4.0,503396.0396090621,13.129132494368063
16667.0,1279423.87218691,224545.915545985,4.0,421717.52531286905,12.952090997592641
16668.0,1272527.24190785,242688.812332556,3.0,1335.932432837311,7.1973847785941025
16670.0,1276356.87403977,212109.479437247,4.0,679556.1432463983,13.429195133510975
16671.0,1260936.12963998,245348.212847278,4.0,42531.55728353323,10.65800160369614
16672.0,1274752.64133413,246074.605104029,4.0,385935.768676178,12.863426232207232
16674.0,1279568.27871506,225208.573338658,4.0,122045.77993925632,11.712151498732185
16675.0,1275819.04178323,246040.707503989,4.0,165985.31889443786,12.019654623032645
16676.0,1271899.27960321,225506.256794959,4.0,508226.70098439127,13.138682888795742
16679.0,1279256.26194674,213672.110158846,4.0,610915.1448621061,13.322713349396379
16680.0,1258882.27805388,246034.507759988,3.0,159148.34033130348,11.977592004326008
16684.0,1279961.77497147,221989.714967355,3.0,4300.05592598518,8.366383307640142
16688.0,1270968.97342625,205455.060358435,4.0,168946.06323622246,12.03733479051684
16690.0,1280367.17049187,198767.173439577,3.0,408100.9965482518,12.91926996331263
16691.0,1276878.16069631,228447.131165966,4.0,98176.24718452035,11.49451958305302
16694.0,1272668.561204,251210.898613289,3.0,306576.5585065878,12.63322278622356
16697.0,1264031.20874715,244659.958638579,3.0,9146.410059501028,9.121116738058895
16698.0,1287990.73760368,189348.408181936,3.0,50279.52154523695,10.825353146852166
16699.0,1274839.24715821,250046.697524086,4.0,57838.12681818935,10.965403470730584
16703.0,1268262.30852748,229277.195422828,4.0,258328.45761228557,12.461987145730369
16704.0,1272357.63205168,251021.559093088,3.0,218884.85396032943,12.296301089524276
16706.0,1284775.25913639,257712.428283945,3.0,258842.13517025797,12.463973638133695
16708.0,1285544.63718519,198203.920959011,4.0,86233.45556127066,11.364813496914406
16709.0,1285542.87993719,198078.062654868,5.0,370751.936395302,12.823288482900368
16710.0,1273082.23986042,236909.134886637,3.0,151615.49423785156,11.92910295170303
16711.0,1275264.06552665,250576.873972639,3.0,28026.900869680565,10.240920073282652
16712.0,1284750.41171236,260350.955454648,3.0,71163.18954929948,11.172730962997033
16713.0,1284658.19571227,260531.056830823,4.0,84359.04840465254,11.342837354356645
16715.0,1268103.00011133,242129.065387979,4.0,311065.4027346321,12.647758467233905
16716.0,1273540.19659689,254069.664568216,4.0,116890.30309070584,11.66899119355513
16717.0,1268255.32331148,255550.050361723,4.0,193138.1992814821,12.171161270092762
16718.0,1274192.79768556,252728.420534834,3.0,28286.35330316441,10.250134751892189
16720.0,1272497.99787582,219974.66549329495,3.0,26719.72200850436,10.193157223723121
16722.0,1262854.94301794,250338.543092385,4.0,769488.4393827831,13.553481208604074
16723.0,1281123.08038065,194931.902587652,4.0,50735.575178005805,10.834382623556495
16724.0,1282844.92076641,198954.280063778,3.0,45849.55865497949,10.733120851792687
16728.0,1279437.68677893,225211.40994666505,3.0,1337.4891538411666,7.1985493694596485
16731.0,1272917.80875625,242528.208940387,4.0,40432.86256085238,10.60739816301865
16732.0,1272362.50046769,254112.839992255,3.0,232577.9769130181,12.356980832352836
16733.0,1277378.39890482,206812.121607825,3.0,192223.82273765307,12.166415715483932
16736.0,1278663.87961014,259219.00761348,3.0,832855.4186385686,13.632615339023932
16737.0,1276631.26098405,265908.95226033,3.0,844244.5185504472,13.64619744554145
16738.0,1276738.48972017,265905.450244337,3.0,742048.4219030949,13.517169778649773
16739.0,1265747.21905291,246280.36126422897,3.0,1013037.8501038124,13.828464146899831
16742.0,1264872.43870001,242332.556780189,3.0,68917.22914236573,11.140661485863347
16743.0,1270733.97387402,246188.430320144,4.0,286466.1931891832,12.565375808834787
16744.0,1279201.22924268,215463.757840678,3.0,325119.19283967715,12.691947141275566
16746.0,1263582.96125869,259998.591038287,3.0,120184.64183588218,11.69678452117167
16748.0,1271278.37797058,215084.352080286,4.0,347022.9315839942,12.757146142001929
16751.0,1272868.2156682,246128.233584076,3.0,16396.030165478496,9.704794521429713
16752.0,1274377.01547775,240068.341481879,3.0,75221.79536746712,11.228196299958936
16753.0,1281183.75647672,194958.001915678,3.0,45241.07769358036,10.719760751643504
16754.0,1278303.41445777,222055.606551424,3.0,440364.2933490333,12.995357602771278
16757.0,1271437.76907474,222154.44981552704,4.0,70825.63190825898,11.167976246766349
16758.0,1286555.51571421,204327.971077278,3.0,1030554.8741503536,13.845607927919522
16759.0,1273168.27774851,215047.11169625804,3.0,232663.70092016217,12.35734934623368
16761.0,1268516.15351975,229270.927390814,3.0,152426.48898862334,11.93443771939239
16762.0,1270820.6751221,248661.610418677,3.0,71679.62302455623,11.179961788490957
16763.0,1270825.33688211,248843.846258864,3.0,12926.728724924347,9.467052440910537
16764.0,1264167.44074729,250316.497204363,4.0,496931.28542068624,13.116207036809257
16765.0,1282832.3886704,251873.292341962,3.0,336979.5278535788,12.727777459280286
16766.0,1281255.48658879,209159.943050221,3.0,82956.36942948388,11.326070079041783
16767.0,1274879.81234226,243350.605293229,3.0,3305.977482659316,8.103487467304936
16769.0,1281685.95686123,265758.377412185,4.0,187556.44354801,12.141835111347538
16770.0,1278440.67135391,234925.970532611,4.0,805958.1345741482,13.599787077924026
16771.0,1277818.70738527,204453.281477407,4.0,614909.9401684816,13.329231097315018
16773.0,1260306.06883934,255724.809849903,4.0,267822.8457563527,12.498081017623576
16774.0,1284997.28460862,257269.746747494,3.0,153626.79054990178,11.94228150212931
16776.0,1287700.1288994,254042.288632184,3.0,253535.68764163705,12.443259871756277
16777.0,1286418.44313808,255980.58853817,3.0,495991.45315108384,13.114313974008365
16779.0,1274869.27992626,254023.829368159,4.0,247150.78305799983,12.41775388708129
16780.0,1275104.84831049,209061.658122122,3.0,432.6638181117437,6.069961024857173
16781.0,1269952.25265722,212153.980685294,4.0,649676.749883655,13.384230210301947
16783.0,1278023.57343347,222928.866264328,4.0,936946.6607943708,13.750381634087296
16785.0,1276618.90303203,244696.913966611,4.0,162251.00482782535,11.996899827630829
16786.0,1271066.48696235,250176.207476228,3.0,79532.67454659003,11.283923216790855
16787.0,1275495.0998309,244724.876846641,4.0,199871.61124169847,12.205430495604528
16788.0,1275779.90015118,244716.62027064,4.0,176216.29116197184,12.07946744656419
16790.0,1282771.25228634,199261.708864093,4.0,238436.0741380925,12.381856520419305
16791.0,1284856.59161648,195240.243835971,3.0,89631.2644700208,11.403459471916971
16792.0,1285151.36070478,195236.261243969,3.0,21129.69457613524,9.958434655992395
16795.0,1273562.2122769095,227541.54863704697,4.0,808166.5883786839,13.602523489988343
16796.0,1261394.33770445,250359.22085240495,3.0,405029.52278653154,12.911715239201122
16797.0,1276963.8469044,265898.10938032,3.0,691849.8767000783,13.447124269879806
16799.0,1272679.11070801,224189.62357761,4.0,572380.2550238217,13.257558831002767
16802.0,1266236.69182141,227426.010524929,4.0,125344.22301115852,11.738819015656905
16804.0,1278316.63519378,201400.643586278,3.0,7449.499442526033,8.915902120193648
16805.0,1273117.81982845,238170.583143935,4.0,1107960.2858057364,13.918031302511368
16806.0,1272644.90571597,242720.396588594,4.0,170634.37390129475,12.047278382027937
16807.0,1272666.86667599,243472.041389361,3.0,100398.6656853498,11.516904196164898
16809.0,1278091.13957755,229226.931742772,3.0,102019.3365058379,11.532917647886253
16810.0,1276827.78060025,227049.151004538,4.0,286775.4906858434,12.56645492619619
16811.0,1273611.80766897,231544.102625147,3.0,8180.185453876847,9.009470100962881
16812.0,1275814.33509521,236797.654182523,3.0,234805.83702825604,12.36651422620228
16813.0,1278982.92453846,215920.98856115303,3.0,252825.25406428,12.440453833671597
16814.0,1286372.95174603,194179.91756288696,3.0,699239.1441607332,13.45774808596798
16819.0,1262968.99364206,255688.473017871,4.0,469321.53064344806,13.05904337893906
16820.0,1263426.82282653,212144.45639728,3.0,102646.27706742976,11.539044153571444
16824.0,1266693.70897388,245209.564847142,4.0,184808.34713384183,12.127074605642827
16827.0,1278193.53541766,232326.369441941,4.0,99527.3187369216,11.508187445632005
16828.0,1281511.47033305,249902.467187941,4.0,312576.9833040532,12.652606064393229
16829.0,1275005.35640639,262611.727168962,4.0,221568.8594218808,12.308488697906007
16830.0,1280929.99545245,202601.651651502,4.0,544489.8782073295,13.207604632031462
16834.0,1265540.72049269,207756.200776786,4.0,500104.71716165,13.122572789799323
16836.0,1269548.5786088,205494.435910463,4.0,73720.46030687798,11.208035655753386
16840.0,1277918.02213737,244957.432110876,3.0,22110.552017018148,10.003810240388226
16841.0,1276059.82149547,244708.534638628,4.0,130412.5556023048,11.778458209133307
16842.0,1271986.26040329,233599.50211525,3.0,77334.28309380628,11.255892643290348
16843.0,1266163.70282933,215222.377424434,1.0,0.0,
16846.0,1287814.25107551,253548.51896767304,3.0,45254.5138473878,10.720057697686451
16850.0,1276674.08108009,246575.505968541,4.0,61935.26496704188,11.033845005126269
16851.0,1276699.28248812,247351.98340933,4.0,68036.38665650472,11.127797938934194
16853.0,1261596.86845666,245866.101551816,4.0,234023.05133026687,12.363174899446456
16854.0,1260900.32323995,245881.449007824,4.0,122798.611111035,11.718300984460495
16855.0,1272375.81406769,250129.43589218,3.0,19270.4758854518,9.866329456767817
16857.0,1284635.06156825,204376.839429319,3.0,622343.4886947037,13.341247451925133
16860.0,1275670.56600706,253996.14796014095,3.0,36096.805277437874,10.493959643935064
16861.0,1273534.73432489,253534.421879664,3.0,35929.01832206185,10.48930055777667
16862.0,1272104.67192341,232768.242594391,4.0,1087533.2176320322,13.899422586427484
16868.0,1274631.81714201,220860.610582203,3.0,511196.7122060309,13.14450975050293
16870.0,1278350.83954582,236736.16247046,4.0,179888.09055723084,12.100090217398373
16872.0,1275732.97503114,234160.789987817,4.0,245932.50711813357,12.41281241596215
16874.0,1276671.0895921,244695.812910616,4.0,523766.57640784833,13.16880139918371
16875.0,1275651.82655105,231284.419104874,3.0,11667.69249742594,9.364578976288765
16876.0,1273578.06398892,204627.838213578,3.0,12793.117996830742,9.456662648821027
16879.0,1276986.61324042,247986.179377988,3.0,6966.752784371692,8.848904510601457
16880.0,1269311.80580856,204946.524293914,3.0,55274.59672370145,10.92006870988178
16881.0,1276152.79864757,248334.46046634004,3.0,185757.17750297143,12.132195602495502
16882.0,1274204.36190957,223012.329368412,4.0,1007378.859502111,13.82286232686614
16889.0,1282799.22399837,246845.396208808,3.0,78986.84408685024,11.277036587035209
16890.0,1275000.28229438,202866.131779775,3.0,91653.90475536714,11.425774857437936
16891.0,1275502.25010289,202186.301763088,3.0,57707.326388141846,10.963139418233652
16892.0,1285557.5232652,249707.748403743,3.0,76814.1926341808,11.249144701986591
16893.0,1266305.05655748,258901.078141153,4.0,561596.5958083029,13.238539070080465
16894.0,1272851.17566818,250112.440500155,3.0,106952.59656722016,11.580140992544218
16897.0,1273603.34610096,259703.385917976,3.0,87501.10847934039,11.379406740600782
16898.0,1287315.71565099,204867.046405822,3.0,61345.30696938735,11.024273951196582
16899.0,1274351.75762172,250062.2414601,3.0,23504.69644114697,10.064955528724633
16900.0,1278189.11116165,202097.278978989,3.0,155324.17587700803,11.953269669120349
16901.0,1278209.29324166,201989.283842877,3.0,3175.1038905462287,8.063095632223341
16902.0,1276738.98124017,247855.001777843,4.0,55259.60666697838,10.919797480590663
16905.0,1281622.74047716,219416.23451672503,3.0,228621.25447423352,12.339822002723466
16906.0,1280996.47302052,204445.662085399,3.0,231514.8722062877,12.352399393236686
16907.0,1277225.47794466,207610.355272636,4.0,418221.3357342356,12.943766082691162
16912.0,1276238.26079164,256309.422842503,4.0,827062.378039884,13.625635398053605
16913.0,1260894.79901594,245615.143727556,4.0,148415.61230615532,11.907771808401217
16914.0,1279017.6223305,204384.905989334,3.0,521096.3008087075,13.16369014205942
16921.0,1269989.01732925,227930.863517448,4.0,480633.8670027732,13.082861067972305
16922.0,1275591.49368699,229651.888927206,3.0,110964.08675447552,11.616961885190749
16924.0,1265661.63294081,250896.834612966,3.0,79848.82014143384,11.287890377597034
16925.0,1265541.8159167,250982.085429043,3.0,29574.071326497404,10.29465328772796
16927.0,1265352.0305725,209466.915850535,3.0,177323.32174904735,12.08573002175959
16928.0,1271262.3852025603,222158.239511535,4.0,80929.98322756773,11.30133965524356
16929.0,1266675.92292586,244049.210541949,3.0,9141.751472011065,9.120607273224751
16930.0,1264833.68874797,245648.512431592,3.0,373785.0713231829,12.83143623560089
16933.0,1274814.16159019,248748.249330759,4.0,445567.770702994,13.007104637113613
16934.0,1275203.36683859,248605.028530613,4.0,564347.3128957073,13.243425143957902
16935.0,1269732.77636899,227270.995036766,4.0,962252.529493067,13.777032199870069
16936.0,1286288.51097794,198068.745726869,3.0,398849.7736487996,12.896340117829522
16937.0,1272776.10725211,211986.869453117,3.0,84528.4230620362,11.344843124384429
16940.0,1272464.40709178,232192.218145803,3.0,80116.81475502274,11.291241033061144
16942.0,1285268.9799049,252476.45349457895,3.0,216867.2982495492,12.287040916658672
16945.0,1284641.42016025,195243.149691969,3.0,196898.79413587865,12.190445140362037
16946.0,1269635.33368088,218948.287956253,3.0,190766.9209918345,12.158807652902237
16950.0,1279324.24313082,209605.81351468,3.0,132487.42754854247,11.794243033480317
16951.0,1271567.20709087,231302.635296896,3.0,596173.8021393068,13.298287517863988
16952.0,1286639.0968983,199163.226495981,3.0,220431.5139332186,12.303342331217433
16955.0,1271967.68401928,254976.992121145,3.0,563825.7261790058,13.242500486594539
16956.0,1264072.0662832,246824.941168785,3.0,468947.6871717543,13.058246499995622
16959.0,1269008.40088025,229258.209566802,3.0,5895.610205009542,8.681963319914619
16963.0,1275499.8675749,236039.773477748,3.0,3622.724317379596,8.194981595639872
16964.0,1279336.13119483,234615.135908291,3.0,973748.06807322,13.788907892158164
16965.0,1286187.31270584,208614.978569672,3.0,454980.94023242575,13.02801080745663
16968.0,1264748.16401188,241902.385387748,4.0,254361.51361943493,12.446511816061212
16969.0,1275871.74213527,248260.008498266,4.0,425174.7726797368,12.960255593209414
16970.0,1276150.12543157,248157.712114155,4.0,306157.6103219183,12.631855314744842
16971.0,1278551.69938602,198189.74777498803,3.0,42375.993586313045,10.654337291872478
16972.0,1257543.98678851,250431.632116482,4.0,435932.57197704446,12.985242858942609
16975.0,1275261.56357466,250312.885684371,4.0,116521.4498922192,11.665830654286541
16979.0,1272731.78616406,246131.999984086,3.0,98565.9683518152,11.49848133245154
16981.0,1275059.68075845,211128.217612237,3.0,84861.56887166672,11.348776606349581
16984.0,1273869.57195723,250077.579060122,3.0,231894.67410296333,12.354038556627858
16985.0,1286131.79052979,251795.685493886,3.0,19448.51457705516,9.87552597477052
16986.0,1277158.7854646,207600.804424629,4.0,238853.5370082489,12.38360582720019
16988.0,1270008.19019327,229232.626974776,4.0,57010.452880036944,10.95098991386422
16993.0,1282818.00319839,199264.215744093,4.0,420887.03141392354,12.950119742722853
16994.0,1276229.02847165,219495.4948688,1.0,0.0,
16995.0,1273855.57061321,250877.118772939,3.0,226344.81858261983,12.329814861427456
16996.0,1281732.94169328,219005.004692301,3.0,155174.09028401665,11.952302928748262
16997.0,1278621.8409541,200485.223489344,3.0,21715.956098396047,9.985802573398507
16998.0,1273099.42290044,237749.01021549097,3.0,80715.85078132863,11.298690251096428
16999.0,1275148.11691853,215449.346768662,3.0,103682.00486043825,11.549083848401828
17001.0,1277617.84133707,214430.12180762,4.0,265242.53160397575,12.488399900015658
17003.0,1272168.67339548,251003.737269074,3.0,181210.6540173276,12.107415467867659
17005.0,1280974.9336925,197341.388222128,4.0,326567.80425337824,12.696392876133228
17007.0,1283764.28115135,204399.441413343,4.0,883479.366035,13.691623215670067
17008.0,1276030.89042343,203205.366020128,3.0,33013.581907905915,10.40467432874254
17009.0,1276093.87295151,203153.289668068,3.0,1018491.850617034,13.83383351325914
17014.0,1259247.72419825,246022.250543967,3.0,9026.273321731454,9.10789486152956
17016.0,1264352.53681149,260342.019774631,3.0,689373.6868335604,13.4435387641229
17017.0,1270170.30206543,223100.499160498,4.0,360852.8000792649,12.796225398146813
17018.0,1276157.50827956,248662.751154676,4.0,69659.93472590607,11.151380606881167
17020.0,1288144.78777984,191957.83602461204,3.0,20821.32649228856,9.943733052545202
17024.0,1277360.8796088,235956.282789662,3.0,27316.499755045195,10.215246185236701
17026.0,1267297.1913425,229301.874526843,4.0,158572.9493661874,11.973970014784792
17031.0,1276151.17330356,248229.787442237,3.0,76480.98318196,11.24479740305531
17032.0,1282031.00575759,252542.30309464,3.0,68404.62736171403,11.13319575280943
17033.0,1265665.51780483,212131.867853269,3.0,16520.59857007186,9.712363279473765
17034.0,1273503.67006885,224060.35548147603,4.0,34424.11310673094,10.446512560207058
17035.0,1279918.16773942,207990.96474503,4.0,392478.1309799587,12.880236097403824
17041.0,1279698.99071519,230502.226144075,4.0,389831.0732658095,12.873468778798948
17042.0,1259104.7750141,246209.385008156,4.0,89097.39751049677,11.39748540439592
17043.0,1272453.84414777,225834.535963297,4.0,731268.1896540493,13.502535551959413
17046.0,1267861.63313508,228124.425437644,4.0,183863.33796859323,12.121948032200152
17047.0,1273011.18386035,254072.977848217,4.0,982401.6874433522,13.797755554047962
17049.0,1285544.02400118,198803.882687613,3.0,76745.73016817652,11.248253030913943
17050.0,1285550.74150519,198458.69081527003,3.0,45195.10338777339,10.718744027823066
17051.0,1274410.08760577,222701.060952082,4.0,796792.7066973912,13.588349831969408
17054.0,1265271.19409242,255623.54008980104,3.0,41555.10079654005,10.6347755556018
17057.0,1277396.67052084,217447.93038670704,3.0,458265.71415581513,13.035204456779724
17058.0,1281505.86770904,254168.133880317,3.0,156235.2219036486,11.959117983309046
17059.0,1272973.98219632,218833.845588133,3.0,79440.64619214532,11.282765433028182
17060.0,1282415.87730998,206074.16442306305,3.0,695296.0967878049,13.452093072361881
17063.0,1287741.78137943,193079.34360975,3.0,692965.777579316,13.44873589395023
17066.0,1274255.94974962,218740.19746004,4.0,666137.2291099872,13.409250978011896
17068.0,1286280.71904193,204876.467973843,3.0,65210.77658157805,11.085380019250213
17069.0,1265783.34762895,227838.30070135,3.0,14968.54527466603,9.613706296650763
17070.0,1273955.99730131,223380.02876079097,3.0,31012.0854453342,10.342132260569615
17072.0,1273613.51570097,265997.773252428,3.0,707918.7886552534,13.470084660807512
17073.0,1281753.5177573,217334.4837946,3.0,155405.66898506013,11.95379419620565
17075.0,1284606.43827222,244556.070382476,3.0,987948.9669452409,13.803386322506515
17076.0,1273287.89163662,220890.78965424,3.0,1054651.840953799,13.868721261852894
17077.0,1279676.05209117,208753.11412181,4.0,786377.0434339532,13.575191655417933
17078.0,1282880.68249445,265712.430340126,3.0,47682.99216126655,10.772330054830336
17080.0,1276703.92223212,247684.673393667,4.0,101196.30561192708,11.52481752935815
17081.0,1276705.40716013,246014.581231967,4.0,202950.62390569388,12.22071799644657
17082.0,1281806.23455736,193968.494074672,4.0,68358.03498015972,11.132514391646097
17083.0,1282859.95257443,197642.802366436,3.0,24671.47046939338,10.113402813316311
17084.0,1278040.7985215,245330.449071258,3.0,8815.066830127256,9.084217676213017
17085.0,1281569.06079711,216981.69640223696,3.0,1091638.3140241583,13.903190166159836
17087.0,1272783.69022812,250114.862132162,3.0,16936.35015418689,9.737217487741908
17089.0,1277527.23288897,235836.068133533,4.0,96305.95085684558,11.475285390859806
17092.0,1272790.30341212,243468.540717348,3.0,59467.708701174335,10.993188733308221
17094.0,1281410.01356494,243574.13009347,3.0,607164.5606837703,13.316555138214941
17095.0,1281634.87366118,243569.675053462,3.0,558310.6839147015,13.232670867627444
17096.0,1279530.56812303,209105.731850162,3.0,69175.09337850923,11.144396154542314
17097.0,1265548.2289727,208406.053129449,3.0,55806.022602892495,10.929637074496647
17099.0,1277607.27442506,199469.9552003,3.0,35923.66272986009,10.48915148631174
17101.0,1277912.95525737,257343.912251562,3.0,671459.4116322657,13.41720884878839
17103.0,1274090.21618146,252755.723958865,3.0,187260.95391222436,12.140258398532156
17106.0,1273497.2865808497,223692.26831310996,3.0,288833.6887790729,12.573606330094687
17107.0,1271431.70673873,221871.895319238,3.0,117961.54456592815,11.67811395682389
17108.0,1278474.14668193,265848.909700274,3.0,243219.93528963608,12.401721396478036
17110.0,1268401.59531163,240536.828778356,4.0,1035150.1413977208,13.850057038313206
17115.0,1276369.26872778,207401.210312426,3.0,84778.0,11.347791354158918
17116.0,1276368.17323978,207289.841480315,1.0,0.0,
17117.0,1276372.9773358,207527.172680557,1.0,0.0,
17118.0,1285639.41190527,196323.755773082,3.0,48109.10221776804,10.781226673487746
17119.0,1274338.9059737,222396.594071776,4.0,521148.9787343944,13.163791227527046
17120.0,1284622.84505624,256627.479354829,1.0,0.0,
17121.0,1269842.73681711,231886.20598550103,3.0,27062.997542755133,10.205922669527535
17122.0,1269937.5128812,231883.842785493,3.0,57284.92984530728,10.955792863666197
17123.0,1271666.99102697,247492.498929471,3.0,24566.349759836183,10.10913288955513
17125.0,1276264.79384768,260122.170174405,3.0,55289.35760009718,10.920335720528673
17126.0,1269616.88523287,231930.596321538,4.0,453551.7117537776,13.02486457015961
17127.0,1269618.55448087,231996.768737614,3.0,42390.0,10.654667764346684
17131.0,1271072.05355436,225948.328411415,3.0,244370.08282632992,12.406439088092545
17132.0,1276406.21842383,260117.591102406,1.0,0.0,
17133.0,1269630.66372888,232476.799586102,1.0,0.0,
17135.0,1275937.22098334,218672.883347958,1.0,0.0,
17138.0,1284748.62790437,256429.127994627,1.0,0.0,
17140.0,1288004.6289317,253533.986167669,4.0,127164.0,11.753232870962837
17141.0,1278108.41612157,214193.193807378,1.0,0.0,
17142.0,1282598.67027016,274988.18145363,3.0,32825.859510148475,10.398971883448093
17145.0,1281978.25548553,222114.424343482,3.0,133648.71180496,11.80297008294942
17146.0,1282737.6266863,274994.471821636,3.0,49293.18800786766,10.805541176201233
17147.0,1281712.99654126,222175.605015546,3.0,62605.48507053857,11.044608174184821
17151.0,1289085.9811248,249765.369331807,3.0,650460.1043182103,13.385435244259437
17157.0,1281047.83903658,195953.718780696,3.0,36074.14080337743,10.49333156640425
17160.0,1277510.41471295,201494.606658369,1.0,0.0,
17161.0,1277921.87288937,201488.18278636,3.0,75970.52490327557,11.238100713822819
17163.0,1281854.6491494,194014.73381871,3.0,77552.66148017504,11.258712487553824
17164.0,1280973.8674525,194931.941947654,1.0,0.0,
17166.0,1280721.09266824,196632.720381394,3.0,42535.571907224126,10.658095990887341
17167.0,1281041.53330857,196610.533117369,4.0,114659.16560366444,11.649719229300578
17169.0,1277911.25317736,203574.812484503,3.0,43177.12514822521,10.673066123534282
17170.0,1267954.55422316,229285.582878828,5.0,751967.0007400874,13.53044771997457
17178.0,1280634.10828415,203281.367492199,1.0,0.0,
17182.0,1288913.87878864,252081.724982172,4.0,85554.53333333334,11.356909268370321
17183.0,1288919.03917263,252583.130102694,1.0,0.0,
17185.0,1274116.88178147,211105.273100212,1.0,0.0,
17187.0,1288624.65562034,253553.947063684,1.0,0.0,
17196.0,1288431.86662814,191618.441720262,3.0,62790.63958749055,11.047561290192453
17199.0,1288619.59789233,191395.492984027,6.0,553654.0791573392,13.224295364853722
17204.0,1279082.29445857,229665.998495221,4.0,175440.3419643416,12.075054332271025
17206.0,1274341.29016571,222498.630231887,3.0,932612.9200368295,13.745745517042112
17207.0,1288905.84467663,191085.465399712,3.0,214074.76048792124,12.274080581070557
17208.0,1289103.64614883,191253.37778388,4.0,159094.66674835098,11.977254692383452
17209.0,1289660.21293339,252220.742070317,1.0,0.0,
17210.0,1288526.28410023,191505.713592142,3.0,17049.699828364755,9.743887877182186
17211.0,1288760.64678848,192479.566585138,3.0,530489.1164499023,13.181554721179925
17215.0,1288709.99238843,191289.078199923,4.0,561168.7756963306,13.237776987202714
17220.0,1294693.58017056,185512.430578008,1.0,0.0,
17225.0,1281159.70399669,229613.142623171,1.0,0.0,
17226.0,1254155.43747304,248001.962098002,3.0,42457.093589928816,10.65624928237104
17227.0,1279584.33119507,217507.225554764,4.0,715336.7594947177,13.48050870309439
17228.0,1254140.91811302,248002.860722005,1.0,0.0,
17230.0,1279703.82860319,217296.404754549,3.0,553476.8534711432,13.223975211776093
17231.0,1282578.47084615,246548.177328512,3.0,50336.67687610313,10.826489252924759
17255.0,1281857.0930534,222132.170711502,1.0,0.0,
17256.0,1278895.10975437,277087.112271786,3.0,222870.44046652707,12.314345897150353
17259.0,1295755.99796364,184102.124400571,3.0,128874.65955875184,11.7665955796766
17260.0,1295795.00481167,185152.817137644,4.0,475752.69932442886,13.072653458971892
17261.0,1276869.6876723,277162.96155186,3.0,233029.87012262215,12.35892192228235
17262.0,1273851.41022921,222480.269719869,1.0,0.0,
17263.0,1273869.46565323,222478.18639186,4.0,432985.6505422995,12.978459866810322
17265.0,1295829.13991572,186203.783218712,3.0,38768.16007119137,10.565354571999274
17266.0,1296310.7901562,186176.471922681,4.0,99027.7856490994,11.503155752860417
17267.0,1282039.23929359,271038.094537586,3.0,165679.91810465726,12.01781300177104
17268.0,1296215.16634811,183560.518192008,4.0,107131.05765071767,11.58180820179928
17269.0,1296872.19489278,183529.89092797003,3.0,20568.96325282355,9.93153858044458
17272.0,1273451.99602079,204374.147781327,4.0,71978.17875849438,11.18411827926366
17273.0,1282987.71148656,228229.399005756,4.0,241998.4324123397,12.396686527482883
17274.0,1273340.42142868,204567.999429524,4.0,28763.14085264689,10.266850014934933
17275.0,1273277.68005262,204677.644549638,4.0,1100149.0681653805,13.910956245101048
17276.0,1271517.01265882,213488.811342657,1.0,0.0,
17278.0,1269074.70027232,224902.20092234,4.0,144423.11906112867,11.880502596926982
17279.0,1295727.6958836,182278.49713470004,3.0,152863.5117386347,11.937300722094642
17280.0,1296029.47706792,182287.642798707,1.0,0.0,
17282.0,1272653.88440397,223464.039448872,3.0,42389.99999999999,10.654667764346682
17284.0,1272950.16562028,205282.835270256,4.0,980350.1520249018,13.795665084815624
17286.0,1281394.25900494,271707.667018265,3.0,939177.3510883988,13.752759612654888
17287.0,1297188.7267331,185186.57137768003,3.0,375170.903938267,12.835136944968246
17289.0,1268861.1285601,225270.388506725,4.0,71162.2094257524,11.17271719000143
17290.0,1273589.98981294,204131.105669066,4.0,151278.96979811764,11.92688089340776
17292.0,1277740.52216919,204460.783813417,4.0,542123.469229027,13.203249057484204
17293.0,1279755.71826725,207150.17536816,1.0,0.0,
17294.0,1274644.87845401,205401.372486368,3.0,137367.09526383475,11.830412148749792
17295.0,1279012.70828249,204106.541061044,3.0,369857.61016195966,12.820873373151382
17308.0,1296191.28551608,182786.988207221,3.0,64490.68529055421,11.07427607825521
17309.0,1296223.38810812,182665.113455087,1.0,0.0,
17312.0,1265525.65162869,284762.241303638,3.0,27266.04916561298,10.213397586928377
17313.0,1265732.95204489,284756.976215631,3.0,66941.70193084782,11.111577399163474
17333.0,1282976.55929455,279236.878033981,3.0,1105687.3803731687,13.915977763218702
17338.0,1295130.432971,184530.550000995,4.0,191255.7078417617,12.161366596167676
17340.0,1296296.7623162,185911.811058417,4.0,456441.1771196168,13.031215114459533
17341.0,1279216.3729227,237246.017766982,3.0,144812.09980413233,11.883192317625863
17344.0,1296952.88961287,185875.187442377,4.0,512886.2065782533,13.147809280011746
17347.0,1297178.9846531,184955.060977444,3.0,279.0505877878319,5.631393083621157
17352.0,1269273.51940852,209209.865482271,1.0,0.0,
17354.0,1295820.73108371,185943.880882457,3.0,377528.4715832461,12.841401266239737
17356.0,1287445.43059513,249842.860019878,1.0,0.0,
17357.0,1287511.47181119,250092.929076135,3.0,42423.99999999999,10.655469518816966
17359.0,1295135.344331,184810.890673295,3.0,217027.0147644139,12.287777116776018
17361.0,1268550.07729578,213594.447310761,3.0,150328.01387277298,11.920574944752344
17362.0,1263945.64593107,286136.592217043,1.0,0.0,
17364.0,1296895.4799488,184308.602288783,4.0,531084.6084532886,13.182676625484595
17365.0,1297030.03412494,184301.561008766,1.0,0.0,
17366.0,1297193.44161311,185335.789873824,3.0,668281.556423241,13.412464855367688
17367.0,1297252.67610916,185333.09732982505,3.0,353412.7117492782,12.775391808082967
17368.0,1296316.46862021,186426.994418949,3.0,32906.150476922056,10.401414863868798
17374.0,1295841.36199573,186452.191218972,3.0,33776.27954972446,10.427514046632618
17378.0,1294793.82765865,179216.123627558,4.0,48935.72158148896,10.798262911464679
17384.0,1296863.11060478,182995.66692742697,3.0,379680.1724547057,12.847084525880154
17385.0,1296924.19476484,185347.906033844,4.0,657361.4922433239,13.395989362657446
17386.0,1295765.00289164,184344.686256811,3.0,73531.85070533583,11.205473934264736
17387.0,1276817.88556024,285486.040344387,3.0,82048.34655252068,11.315063944609165
17388.0,1278918.8968264,260529.88031882,3.0,478632.6249969655,13.078688619698852
17389.0,1296875.57646078,183664.910384119,3.0,89764.85635595937,11.404948823080392
17390.0,1297355.19226928,183640.869744092,1.0,0.0,
17393.0,1295777.46317966,184620.322481096,3.0,175196.091301309,12.073661147311523
17396.0,1296283.55271618,185646.266610146,4.0,97787.43262308704,11.490551346979544
17397.0,1294572.93671443,184554.983025029,1.0,0.0,
17400.0,1266892.46775807,284736.405719608,3.0,315507.4725506762,12.661937645471122
17402.0,1296269.42900416,185112.154481605,4.0,346725.78673682344,12.756289506573294
17404.0,1295811.21997969,185668.855794162,3.0,4625.360606631928,8.439309615908599
17405.0,1265383.82052454,284766.259991646,3.0,17790.876579258882,9.78644105315361
17414.0,1279783.17625128,277122.243471816,1.0,0.0,
17415.0,1296887.0468608,184044.374512509,3.0,309578.272550101,12.6429662391333
17416.0,1296208.45870011,183295.341551736,3.0,28633.982982112404,10.262349507595601
17417.0,1274834.31442222,217104.798226357,1.0,0.0,
17419.0,1279726.19769122,273082.677707687,3.0,666841.098162836,13.410307062876694
17421.0,1295786.60980366,184863.954225346,3.0,131105.7624551599,11.78375962343997
17422.0,1277321.65919276,280880.17621167,3.0,271151.45148336835,12.510432805319118
17423.0,1296881.06951679,183790.760816246,3.0,182355.73354594904,12.11371463827583
17424.0,1296612.37454051,185632.338162124,1.0,0.0,
17425.0,1277924.25477737,209194.307466254,3.0,358263.47092342033,12.789023947002796
17429.0,1275785.10911119,285669.890392572,3.0,84778.0,11.347791354158918
17430.0,1275790.04645519,286141.749337047,1.0,0.0,
17433.0,1276051.73720746,205845.431302831,1.0,0.0,
17434.0,1265792.35217296,207753.833608776,3.0,84778.0,11.347791354158918
17435.0,1265788.48510095,207268.526536286,1.0,0.0,
17438.0,1275351.58763875,285691.688280597,1.0,0.0,
17439.0,1271623.62270692,236937.701094672,3.0,113799.73933397888,11.642195510109168
17440.0,1287930.11104362,186954.898547485,1.0,0.0,
17443.0,1257710.60886867,258425.295932665,3.0,117685.48527544938,11.675770965979043
17445.0,1272798.52024414,233686.14793933896,3.0,491700.7234202359,13.105625524662393
17447.0,1258971.05450197,247749.225777745,3.0,48989.42460278352,10.79935972936633
17452.0,1284962.04774459,262665.007937014,3.0,593070.2666533103,13.293068164473231
17454.0,1268196.61310342,285709.078616604,3.0,279081.75997135165,12.539260064366067
17455.0,1278306.38194577,246020.948015973,1.0,0.0,
17457.0,1282414.80978997,198441.83846324697,3.0,22698.114740068017,10.030037148922235
17458.0,1282502.07961407,197921.722046718,3.0,13954.104764230313,9.543528992298883
17460.0,1269118.12113637,281824.434836626,3.0,66681.55043703482,11.107683588499551
17461.0,1279602.7875151,260520.31340681,3.0,444836.6696863605,13.005462459362088
17466.0,1269340.56260858,281838.099860638,1.0,0.0,
17467.0,1268195.16497542,285573.874200478,1.0,0.0,
17468.0,1278756.74028224,246487.686960444,3.0,643997.9840812872,13.375450874773032
17474.0,1281932.03910148,260221.040702507,1.0,0.0,
17479.0,1287923.46803562,186754.315571278,1.0,0.0,
17480.0,1273426.66795677,220692.035478026,3.0,516670.15983427415,13.155159961174027
17481.0,1273412.65323676,220560.014357895,3.0,49248.38355681178,10.804631824880122
17486.0,1282039.25343759,193770.765818462,4.0,403523.016040853,12.907988806058805
17492.0,1273431.19224478,200312.665793166,1.0,0.0,
17495.0,1282507.30790207,198956.595007777,3.0,35601.18232114718,10.48013412755682
17497.0,1281992.82143754,193739.28652243305,3.0,53759.49254121886,10.892275535815033
17499.0,1271829.68427514,238197.98730395696,5.0,138679.23085482683,11.839918853596869
17503.0,1272394.42622772,215061.684496269,3.0,42416.56666666666,10.65529428817803
17504.0,1272391.07128371,214849.903120056,1.0,0.0,
17505.0,1265594.87978876,207751.670280784,4.0,226145.87779610776,12.32893554699769
17506.0,1265464.57822062,207757.962888792,1.0,0.0,
17507.0,1265008.50858815,208410.261769459,5.0,169548.0,12.040891351553809
17508.0,1275510.3317669,217611.53141087305,3.0,51117.98567213495,10.841891684365338
17509.0,1265304.67895645,212667.495053813,3.0,97853.55155221646,11.491227268049206
17511.0,1279694.62425119,197625.118974417,1.0,0.0,
17512.0,1269823.79588908,248814.179634824,4.0,449314.03045429295,13.015477321933904
17513.0,1269995.48190525,248565.947250575,4.0,217692.42660994385,12.290838458422494
17514.0,1278107.14872956,247382.71339336,3.0,183343.6079557917,12.119117310365398
17515.0,1278086.44146554,247641.097393632,4.0,253913.1107167329,12.444747403684277
17516.0,1284451.69875206,263317.943617687,1.0,0.0,
17518.0,1280827.56159635,193994.620346695,1.0,0.0,
17519.0,1280101.58373961,201973.610626861,4.0,161878.36538785585,11.994600501260638
17520.0,1270319.04260959,249360.717299387,3.0,269316.831640564,12.50364377829685
17521.0,1280325.61477983,212624.09652577303,3.0,500209.0684455615,13.122781426900582
17522.0,1280317.74047583,201614.780930489,1.0,0.0,
17523.0,1278376.89164184,247113.792625085,3.0,1427.4846341672442,7.263669177316185
17524.0,1279348.29260284,213492.974414662,3.0,117341.82318036968,11.672846519945386
17525.0,1270588.06571387,249681.031283721,3.0,203607.53980364665,12.223949595407236
17528.0,1265268.13246042,212598.592973739,3.0,68961.117683167,11.14129811290877
17529.0,1278343.9963458,247175.883057147,3.0,158909.6788769353,11.976091262418883
17531.0,1281005.90706854,216840.182290092,1.0,0.0,
17532.0,1278140.20575359,247112.059377089,4.0,247678.36053486023,12.419886250074045
17533.0,1279184.47698666,236126.771301836,1.0,0.0,
17535.0,1269247.08446449,248102.935986102,3.0,460304.6545222158,13.039643841686026
17537.0,1281063.3616606,198084.105918884,1.0,0.0,
17538.0,1279935.93708344,197618.255806401,1.0,0.0,
17543.0,1284415.26803203,263505.408833876,1.0,0.0,
17544.0,1279860.65708336,213532.739406705,3.0,231528.22148509976,12.35245705214143
17546.0,1279320.81593081,213543.647822708,3.0,56651.60950347553,10.944675677411349
17549.0,1280067.45292357,197614.544510394,1.0,0.0,
17550.0,1264924.95761207,213253.404686421,3.0,112418.58961217765,11.629984590775337
17558.0,1273560.18117291,229028.980062574,1.0,0.0,
17559.0,1281712.28818926,219412.702676728,1.0,0.0,
17560.0,1280077.71205959,205497.417862475,1.0,0.0,
17561.0,1270323.67908959,228931.685662463,4.0,67441.19178816133,11.119011264348794
17562.0,1270540.46411382,229170.026718706,4.0,62734.92545371006,11.04667359632036
17563.0,1278818.91737029,204396.05094935,4.0,527830.5824949461,13.176530644712889
17564.0,1286634.4670103,203809.996036738,1.0,0.0,
17566.0,1279797.4330833,203623.32742855,1.0,0.0,
17570.0,1281180.44870071,201941.489922836,1.0,0.0,
17571.0,1281034.60415657,201948.281922832,1.0,0.0,
17574.0,1273289.44350863,200846.542977706,1.0,0.0,
17575.0,1278916.2626504,260318.805950612,3.0,165160.78798839645,12.014674751049412
17576.0,1278917.83314639,260444.661310732,3.0,529703.8800638119,13.180073412527145
17577.0,1277925.24588138,211105.28852421,3.0,183325.93517689497,12.119020914145743
17578.0,1275457.68850285,214871.582864076,1.0,0.0,
17582.0,1278085.16127354,211097.92833221,3.0,84777.99999999999,11.347791354158918
17588.0,1275794.42047119,215168.245008379,3.0,126226.8126600968,11.745835668171415
17590.0,1287891.45267558,254291.551928431,1.0,0.0,
17595.0,1281588.88031714,196599.034429356,1.0,0.0,
17597.0,1280407.97452392,212072.1914372,1.0,0.0,
17598.0,1269257.09425651,228966.457886502,4.0,40161.51063696965,10.600664369120558
17600.0,1275058.60037445,233999.195171654,3.0,89108.39293127037,11.397608805782152
17601.0,1274208.20478958,233516.719779164,1.0,0.0,
17602.0,1274893.15416628,234008.046883672,3.0,50557.030583889216,10.830857296555868
17603.0,1274936.95199032,233962.507235616,3.0,165.20950761747247,5.1072144115946925
17604.0,1274980.25247036,234004.645283669,3.0,14750.838999262196,9.599055241456197
17605.0,1274650.03359002,232828.640418455,3.0,181430.0066573629,12.108625220058045
17609.0,1278719.22924219,241061.541290894,3.0,42390.0,10.654667764346684
17610.0,1279173.51148266,240795.310506612,3.0,86470.7409905273,11.36756138125426
17611.0,1281041.66290857,197589.303422377,4.0,127164.0,11.753232870962837
17612.0,1281041.45458858,197579.188926369,1.0,0.0,
17613.0,1253450.97398432,248485.384050488,1.0,0.0,
17614.0,1253438.3532483,248503.526386514,6.0,586655.0172442023,13.282192221178963
17615.0,1253443.61180831,248479.07371448,1.0,0.0,
17616.0,1281042.00511657,197600.385086387,1.0,0.0,
17617.0,1278359.77093783,212491.760205641,3.0,808067.1152415312,13.602400397471394
17619.0,1273536.1766288895,225900.83279536705,3.0,9420.666768137831,9.150661147245705
17621.0,1276459.88139988,205523.145478502,3.0,169542.00000000003,12.040855962718982
17622.0,1278250.81874572,241169.466602996,1.0,0.0,
17623.0,1278891.25970636,241478.584747314,4.0,1066010.0539454592,13.879433315131987
17624.0,1269556.96734481,229243.358558789,4.0,87504.1985015516,11.37944205406944
17625.0,1270773.56075406,229634.439455196,3.0,133472.25558844308,11.801648911916642
17626.0,1270768.58174606,229619.922783181,1.0,0.0,
17628.0,1270976.07313827,229208.753310755,3.0,386589.589393835,12.865118916769458
17629.0,1281709.07494125,271046.529865593,3.0,193810.48103055067,12.174636058661429
17631.0,1280425.17170794,210566.780427665,3.0,43911.76103757126,10.689937468366933
17632.0,1285304.97030494,260338.049342632,3.0,99778.44614211174,11.510707468454642
17635.0,1273253.7903246,264684.882819086,1.0,0.0,
17638.0,1273797.17970115,263817.394754186,1.0,0.0,
17639.0,1278109.23698556,212149.88884528,1.0,0.0,
17640.0,1275069.97931845,235488.294245183,3.0,709977.7024293175,13.47298884349522
17641.0,1275078.88479047,235821.00125353,1.0,0.0,
17642.0,1293274.75751309,189046.598069623,3.0,46487.32988834672,10.746935078927823
17644.0,1270069.18878533,284872.325719759,1.0,0.0,
17645.0,1262061.36426513,260671.645118967,1.0,0.0,
17646.0,1272629.92017996,277054.911567748,1.0,0.0,
17649.0,1268475.32580771,284714.277143598,4.0,119703.79601003474,11.69277560374193
17650.0,1268769.85310401,284710.230231583,1.0,0.0,
17651.0,1277474.20741692,281006.046739787,1.0,0.0,
17652.0,1262905.30513,252721.978934824,3.0,599633.0103752738,13.304073097689951
17654.0,1278471.17330594,254198.078648344,1.0,0.0,
17655.0,1276095.84568751,204089.95610103,1.0,0.0,
17656.0,1279800.10207529,268449.106950939,1.0,0.0,
17658.0,1272966.7436683,224004.459289417,1.0,0.0,
17667.0,1280659.38809218,209371.43175444,3.0,6577.29717994537,8.791379177006927
17668.0,1281856.6563174,252056.307062149,1.0,0.0,
17669.0,1286048.2132497,255860.990074039,1.0,0.0,
17670.0,1257124.78550808,257456.114811674,1.0,0.0,
17673.0,1272909.93246825,256910.395451114,1.0,0.0,
17674.0,1253676.41219255,251117.031349182,1.0,0.0,
17675.0,1262688.81181778,258825.26431708,1.0,0.0,
17676.0,1263792.32829891,285062.804311946,1.0,0.0,
17680.0,1279707.46277921,205732.768454716,3.0,84778.0,11.347791354158918
17682.0,1277844.2604733,250301.367604345,1.0,0.0,
17686.0,1279096.30687457,282300.758677125,1.0,0.0,
17687.0,1265000.96631615,248075.420658067,3.0,1088222.6294272472,13.900056308101007
17691.0,1271371.61304267,240768.850602597,1.0,0.0,
17692.0,1271333.61278664,240869.31991469895,3.0,42395.0,10.654785709738103
17693.0,1264045.32945116,245346.17246328303,3.0,75014.7357691858,11.225439850141862
17696.0,1274341.24715771,242722.260396585,4.0,728098.9688842762,13.498192264208576
17698.0,1279729.19929123,260865.48198317,1.0,0.0,
17699.0,1275373.07122277,218100.807699382,1.0,0.0,
17700.0,1270849.90078613,248582.927474588,3.0,99756.92987680422,11.510491804788176
17701.0,1263058.28349815,261682.54208,3.0,84778.0,11.347791354158918
17702.0,1262923.35396202,261685.882944003,1.0,0.0,
17705.0,1283657.46771125,255112.035193279,1.0,0.0,
17706.0,1276786.84920821,257288.632187501,1.0,0.0,
17709.0,1271767.08600308,216595.246097833,1.0,0.0,
17711.0,1271500.8716028,224914.791770354,3.0,164840.65146023117,12.012734537521085
17712.0,1282938.94188651,272736.563915327,3.0,84778.0,11.347791354158918
17713.0,1274005.55653337,223378.924440786,1.0,0.0,
17718.0,1286351.03283401,194885.821627602,1.0,0.0,
17719.0,1285803.31513745,245188.751215115,1.0,0.0,
17722.0,1281504.53727704,229023.458078563,3.0,38093.0709544297,10.54778767986227
17724.0,1284441.28800005,202846.126275763,1.0,0.0,
17725.0,1274592.78014997,207582.041992605,1.0,0.0,
17726.0,1278103.74354556,284766.047703639,1.0,0.0,
17727.0,1259349.81584635,257539.286203757,1.0,0.0,
17729.0,1287207.80441889,200831.752641693,1.0,0.0,
17730.0,1271554.05848286,212849.461582005,1.0,0.0,
17741.0,1275560.12434296,220153.165461481,1.0,0.0,
17744.0,1278480.13356195,268491.003526971,3.0,26720.45646546896,10.193184710793174
17745.0,1278260.69471373,213225.946382388,3.0,163115.51863286117,12.002213932046413
17746.0,1285221.37536085,195884.159228623,1.0,0.0,
17749.0,1276687.41176811,259943.124606222,1.0,0.0,
17751.0,1265241.39658839,285902.014936805,1.0,0.0,
17754.0,1270464.01572974,210015.198219106,4.0,127164.0,11.753232870962837
17755.0,1270149.22603342,209801.234698877,1.0,0.0,
17756.0,1264755.03569189,215243.476432458,4.0,188990.9439599573,12.149454377338012
17757.0,1264248.83396338,215742.643088967,1.0,0.0,
17758.0,1279508.601659,213159.125326321,3.0,169067.7796102515,12.038054976283583
17765.0,1276193.9888556,228043.284829557,4.0,121440.28341552678,11.707177926417303
17766.0,1261365.44567242,257795.944508031,3.0,887351.1210395242,13.695996035318563
17768.0,1273700.29374905,204439.648005396,3.0,26148.447997511405,10.171545117732224
17769.0,1273858.35410121,204196.292869136,3.0,28778.62336782359,10.267388146351657
17770.0,1273197.48958854,242668.356332541,3.0,78362.60574266085,11.269102124985185
17771.0,1296872.18503678,183416.638191864,3.0,58685.36089984963,10.979945586295491
17772.0,1297483.20711741,183393.238639832,1.0,0.0,
17777.0,1277426.51820087,220062.10562138297,3.0,5788.802559020301,8.663680737264915
17778.0,1279207.6947787,204025.224644959,3.0,182119.27565232135,12.112417112130911
17780.0,1277311.10143276,241367.244779199,3.0,83799.18698133063,11.336178584529682
17781.0,1277419.57599287,241428.055659264,3.0,259272.14959656104,12.465633559651716
17782.0,1277605.04901706,240733.902826548,1.0,0.0,
17783.0,1277442.23672889,243850.711213753,3.0,6809.194090153915,8.826029050019272
17784.0,1277022.49183245,243421.658605307,3.0,23523.128151099307,10.065739392790467
17785.0,1276882.98847231,243265.740653142,1.0,0.0,
17786.0,1276750.75775218,243124.785517007,3.0,190541.77239445745,12.157626727172254
17787.0,1268468.5364957,215981.876241207,1.0,0.0,
17788.0,1278684.23685816,244360.66135826695,3.0,89295.72040817753,11.3997088419556
17789.0,1278786.24780226,244381.991342291,4.0,313443.2034867466,12.655373453540722
17790.0,1276427.29746385,248001.730481997,4.0,200413.556045782,12.208138290844063
17795.0,1271803.72728311,238204.785511971,1.0,0.0,
17799.0,1272013.74955532,243517.780141398,3.0,78346.91802124897,11.268901910970268
17803.0,1265885.69975705,212159.95930929497,3.0,634691.5688194099,13.360894441480808
17804.0,1278948.28716242,241968.214379817,3.0,932227.645951833,13.74533231915538
17805.0,1274937.80767033,220564.908053905,3.0,580970.2233095696,13.272454783762628
17806.0,1274129.36178149,220416.531413749,3.0,236185.173813232,12.372371411144618
17807.0,1269842.2095851002,231920.36105753505,6.0,870672.5021897539,13.67702118304978
17809.0,1266542.84612572,212166.808397308,4.0,978447.6906685124,13.793722605695905
17810.0,1265904.80868506,212034.760461167,3.0,8804.284541645673,9.08299376171128
17811.0,1265816.16676497,212012.187661141,5.0,91509.22104154708,11.424195022596361
17812.0,1264160.81117928,212127.68903726304,3.0,499689.66161185154,13.121742507928461
17814.0,1265807.98634897,212081.425997213,3.0,7699.639852294145,8.948928834318579
17818.0,1278298.95640977,201487.141122371,3.0,31634.753704340947,10.362011596007479
17821.0,1271404.9338107,283029.337621868,1.0,0.0,
17823.0,1287278.92243496,204457.032837406,1.0,0.0,
17825.0,1278604.09759407,214102.749391288,1.0,0.0,
17826.0,1274738.37957412,278603.911121339,1.0,0.0,
17830.0,1273266.7145486,214299.490511492,1.0,0.0,
17833.0,1269671.40676893,221776.002775148,1.0,0.0,
17835.0,1272756.31333208,233115.901346758,3.0,86481.33927850144,11.36768393876234
17837.0,1277718.75320917,257260.916027471,1.0,0.0,
17839.0,1273682.92370103,204997.821125954,1.0,0.0,
17841.0,1265128.51524428,216826.574354067,4.0,310481.65315938386,12.645880090556389
17842.0,1264511.23498765,216396.975825638,1.0,0.0,
17845.0,1267459.03819066,249213.12837123903,3.0,58623.73895596955,10.978894995171295
17846.0,1280902.50962843,271718.859274283,1.0,0.0,
17847.0,1259198.77546221,259750.675838023,3.0,75225.38481774309,11.228244017041733
17850.0,1265366.12567651,245323.441583261,3.0,8334.289931881038,9.028133600419876
17852.0,1280770.04498829,208706.509897754,3.0,12457.873656887032,9.430108124238105
17855.0,1272388.59000371,243479.945261359,3.0,122503.8118571132,11.715897425683712
17858.0,1281832.63865338,219003.838996306,1.0,0.0,
17860.0,1294106.21223395,178368.692906693,4.0,323090.0552674413,12.68568637222235
17864.0,1276924.51660036,212873.108814031,4.0,90181.8059035156,11.409582977318097
17865.0,1280992.37983651,204270.853381217,1.0,0.0,
17870.0,1276920.41752835,285771.175960675,1.0,0.0,
17871.0,1275455.89554285,280964.442131758,1.0,0.0,
17872.0,1273211.82091655,208839.632009894,1.0,0.0,
17874.0,1279268.67167476,203065.467651978,1.0,0.0,
17875.0,1259133.68899813,256408.524410605,3.0,42676.95497269022,10.661414357338382
17877.0,1278720.13145019,216550.938385785,1.0,0.0,
17879.0,1279123.6161866,258544.28095679,1.0,0.0,
17883.0,1274222.08862959,234173.983203843,1.0,0.0,
17884.0,1274607.82277398,261000.0450553,1.0,0.0,
17888.0,1275985.0070314,216421.346513659,1.0,0.0,
17892.0,1263454.08522657,260162.732414454,1.0,0.0,
17893.0,1275063.63384645,273231.727947831,1.0,0.0,
17894.0,1268002.14110322,282811.935509637,1.0,0.0,
17895.0,1264935.58193208,285294.078168184,1.0,0.0,
17896.0,1278503.75461797,203559.513604492,1.0,0.0,
17900.0,1281267.5052768,197583.083966374,1.0,0.0,
17903.0,1264555.24708369,210698.357579798,1.0,0.0,
17906.0,1259667.62103069,260206.60403049,3.0,102655.24360180384,11.539131503478552
17909.0,1278724.40178619,263856.66272223,3.0,22946.949831791662,10.040940301723223
17910.0,1278729.2305222,264518.041986912,3.0,25382.34931001469,10.141809302390875
17914.0,1272521.29867585,277829.053392544,1.0,0.0,
17916.0,1284746.60460836,252534.728950635,1.0,0.0,
17917.0,1276112.00415152,205611.958342597,1.0,0.0,
17918.0,1272978.52120431,219045.938324347,3.0,42483.82630017042,10.656878724839023
17919.0,1273074.18110842,219044.069588348,1.0,0.0,
17921.0,1292114.1436879,186465.98808299,3.0,27162.00070545592,10.209574242636178
17926.0,1272411.45707573,254208.202040359,3.0,523466.5628219108,13.168228434897332
17928.0,1273881.88946123,241545.61809139,3.0,794604.6346732045,13.585599955057939
17935.0,1285583.22963323,196388.40166114303,3.0,27168.71168838848,10.209821284600878
17941.0,1281418.73106895,214354.502863541,3.0,896384.5302586855,13.706124763128006
17943.0,1289172.63283689,187945.975924507,4.0,434180.6422520095,12.981215952871487
17944.0,1286149.4558098,204837.076997802,1.0,0.0,
17945.0,1272688.75934802,217074.416338325,1.0,0.0,
17948.0,1296919.55335683,185082.603377566,3.0,207369.88943690064,12.242259383123496
17951.0,1275210.6365346,218944.66594024,1.0,0.0,
17952.0,1275296.03787869,218720.62011601,3.0,42948.07754233778,10.667747166045965
17960.0,1266066.16170923,242305.145132169,3.0,60589.274049453634,11.011873160508182
17961.0,1271963.57112327,242240.692140102,1.0,0.0,
17963.0,1282771.79359834,264530.596418917,1.0,0.0,
17967.0,1280774.8035163,249915.484851956,3.0,42461.11014667511,10.656343880621415
17969.0,1278460.23698592,203565.139908493,1.0,0.0,
17970.0,1277905.10719337,215390.634640604,1.0,0.0,
17971.0,1286321.63526598,243201.646253079,1.0,0.0,
17973.0,1270375.60516965,218173.425683454,1.0,0.0,
17974.0,1270620.06692989,231347.420000941,1.0,0.0,
17977.0,1271594.6942589,282839.001045674,1.0,0.0,
17978.0,1273078.44062841,273381.085899979,1.0,0.0,
17982.0,1286559.01702622,244678.605614588,3.0,1554.9783219938115,7.349216883676167
17984.0,1295453.01991533,184167.813872635,1.0,0.0,
17985.0,1266991.02071819,286811.102041736,1.0,0.0,
17987.0,1274198.32850157,237794.39427954,1.0,0.0,
17990.0,1270197.15115346,285188.94780007,1.0,0.0,
17992.0,1280068.30201158,205110.61453408,1.0,0.0,
17996.0,1285194.38886482,196767.68927753,1.0,0.0,
17998.0,1278614.44101809,263860.292610243,3.0,58692.72910890409,10.980071132878564
18000.0,1262945.50647403,254596.167800754,3.0,22708.44115888246,10.030491991567224
18001.0,1269904.08708917,286251.618265167,1.0,0.0,
18007.0,1257468.07094844,259233.252669498,3.0,545.9561412233943,6.302538645088804
18009.0,1266461.04209363,286595.916121513,1.0,0.0,
18011.0,1274613.71678999,243681.038381577,3.0,390992.4303785837,12.876443479134537
18012.0,1279943.35865144,205719.617222697,1.0,0.0,
18013.0,1265815.88689297,258912.773949176,1.0,0.0,
18018.0,1271572.42923488,231609.656353205,4.0,873136.6856381585,13.679847392598186
18019.0,1272938.87365228,233683.561315328,1.0,0.0,
18020.0,1265911.65380508,207751.874312788,1.0,0.0,
18022.0,1277967.81567343,246972.062256947,3.0,21347.21688313485,9.968676653397756
18023.0,1287134.81773081,191798.630328447,3.0,43251.37837855252,10.674784381876522
18024.0,1287116.04870678,191169.720823795,1.0,0.0,
18026.0,1288966.34195669,203767.301892698,3.0,169536.0,12.040820572631741
18029.0,1269719.36728097,221838.898967206,4.0,929920.469186514,13.742854344468903
18030.0,1269786.30776104,221848.641751215,4.0,240922.8275170992,12.39223194342076
18034.0,1269798.20017706,222496.167639881,4.0,271146.7978996566,12.510415642867581
18035.0,1270156.79947342,222488.529559866,4.0,170964.5943893301,12.049211763692119
18036.0,1262417.7766175,212888.447694048,4.0,84778.0,11.347791354158918
18037.0,1262346.58743343,212918.871502072,1.0,0.0,
18038.0,1269528.97464079,223392.178968802,4.0,89696.47090487822,11.404186703960525
18039.0,1270779.03973006,221569.003862932,1.0,0.0,
18040.0,1262380.01648946,212937.710094094,1.0,0.0,
18042.0,1262648.20394574,212877.140302032,3.0,11515.05949231162,9.351410978747008
18043.0,1264248.84605937,212182.591501325,3.0,621263.8255227291,13.339511110507893
18044.0,1262627.59274572,212431.565069571,4.0,174714.92726335238,12.070910937597006
18047.0,1269725.60446498,222191.765079573,3.0,701717.4525678915,13.461286112767894
18048.0,1269788.13060905,222190.395287573,4.0,230368.48660949565,12.347435421580556
18049.0,1270150.06622542,222182.419287562,4.0,155943.91942192178,11.95725173071422
18050.0,1269688.50385694,223110.647064507,4.0,134449.9715886454,11.808947450381595
18051.0,1269489.12203275,223368.967768773,3.0,3561.289132380516,8.177877874135184
18052.0,1270142.79889742,221849.42587921,4.0,198960.88336027047,12.200863518356204
18053.0,1269799.57156906,222802.070616186,4.0,386208.2457677959,12.864131999778646
18054.0,1270163.60952143,222794.477080181,4.0,424900.17342060606,12.959609534247338
18055.0,1272135.88414745,233491.470179141,1.0,0.0,
18058.0,1270372.13073765,221844.43010321297,3.0,247608.3943742965,12.419603722183542
18059.0,1270464.82808174,221842.409815207,3.0,178557.66686654862,12.092666891706141
18061.0,1288919.34432463,204057.210116997,3.0,42386.0,10.654573398016518
18062.0,1291437.93472722,204961.441605926,3.0,42386.0,10.654573398016518
18065.0,1288720.72166844,203355.410372272,1.0,0.0,
18066.0,1278601.13330607,245345.15511927,3.0,32517.050119097185,10.389519849802511
18067.0,1267616.98238282,241677.540715516,1.0,0.0,
18070.0,1282076.83730963,194164.063866869,3.0,501886.5589434276,13.126129394936601
18071.0,1274870.52101426,219792.434581116,3.0,685903.9640605046,13.43849290282704
18072.0,1284470.74297608,195244.95609197,3.0,441690.09619341546,12.998363775312447
18075.0,1265887.47537306,217812.739347085,1.0,0.0,
18076.0,1288567.54515627,186749.424499273,1.0,0.0,
18077.0,1265824.95351699,211945.442061082,6.0,963298.7079368802,13.778118827456412
18079.0,1289129.78189285,248876.122802898,1.0,0.0,
18082.0,1278580.45324205,211696.593164816,3.0,517083.9887870209,13.155960594429825
18083.0,1278587.13010606,211187.640396297,3.0,439111.05130041565,12.9925076243051
18084.0,1259132.47773413,256430.809786633,1.0,0.0,
18085.0,1280174.09772368,203322.437316239,1.0,0.0,
18086.0,1280173.41561168,203301.84973222003,3.0,64344.73169349146,11.072010340107765
18087.0,1271406.69854671,218910.082964212,4.0,101949.5053193282,11.532232923801798
18097.0,1279592.47813909,194474.68530719,3.0,54003.399701597664,10.89680228100167
18098.0,1271425.09617873,221573.334550932,3.0,192736.0519136353,12.169076925194416
18103.0,1271293.74865858,231614.582177222,1.0,0.0,
18106.0,1271335.12158664,227723.942621231,4.0,117296.4836067347,11.672460056415026
18107.0,1278717.43884219,211052.889356166,3.0,84778.0,11.347791354158918
18108.0,1278730.2721862,210771.541195869,1.0,0.0,
18119.0,1278726.6025542,211029.85857214,1.0,0.0,
18120.0,1264393.61943552,248505.213746518,1.0,0.0,
18123.0,1287271.67078695,187448.054387987,1.0,0.0,
18127.0,1273757.20830911,280247.772307023,3.0,395765.0542507997,12.888576016819636
18128.0,1274134.9873815,281939.641300753,3.0,136799.11745771117,11.826268832817256
18130.0,1270313.1652975802,222178.879575551,3.0,28645.28354864565,10.262744085507096
18136.0,1259276.19459829,256975.364795193,3.0,45469.73506695589,10.724802220256137
18137.0,1259226.09040622,256976.149883181,1.0,0.0,
18141.0,1281433.95673297,223834.61672924497,3.0,997202.2459633872,13.812708882898747
18143.0,1272806.00875613,237754.838247508,4.0,99783.54378157412,11.510758556735185
18144.0,1286854.49869052,203805.139780745,1.0,0.0,
18145.0,1280398.88530791,210522.495755613,1.0,0.0,
18148.0,1281336.03602888,223019.691544414,1.0,0.0,
18151.0,1276487.46955991,208175.015881211,1.0,0.0,
18152.0,1281661.9342692,222869.87426425505,3.0,458025.3393459877,13.034679787648834
18153.0,1281425.75532496,223290.756312698,1.0,0.0,
18154.0,1280053.86994755,203329.098372251,1.0,0.0,
18157.0,1269501.02852875,218981.991316274,4.0,322377.6486936024,12.683478959337881
18158.0,1269241.4276324797,229103.523550645,3.0,14502.385440267944,9.582068427999793
18164.0,1269313.20145656,219107.609492406,5.0,326289.72988389496,12.695541007626673
18167.0,1293080.9655769,189084.71250166,1.0,0.0,
18168.0,1293061.58112888,189082.71877366296,3.0,108751.57596074768,11.59682144043901
18169.0,1293052.45447287,189046.212277621,4.0,40195.33827742678,10.601506304634766
18170.0,1275398.43864679,219027.58965233,3.0,83477.68481094902,11.332334627348832
18171.0,1275413.33259881,218869.511188164,1.0,0.0,
18176.0,1269796.20670505,221490.895702854,3.0,127840.8923459789,11.758541741153923
18177.0,1269980.57214524,221188.65288654,3.0,87839.33371618151,11.383264671516292
18183.0,1281479.30079702,222846.252248242,1.0,0.0,
18184.0,1269731.10648099,222497.524631888,3.0,624417.7808172633,13.344574943863163
18193.0,1269732.15825699,222802.344216198,3.0,595546.8372455599,13.297235316650264
18202.0,1276801.72844023,219296.805268601,1.0,0.0,
18218.0,1286945.97753862,189202.074485779,1.0,0.0,
18224.0,1270816.41035409,215059.351504266,1.0,0.0,
18225.0,1271047.77835433,215054.754064262,3.0,42535.73418803419,10.658099806058813
18226.0,1277821.61880927,255596.23858577,3.0,84772.0,11.347720578576464
18227.0,1277824.06104928,255706.754105881,3.0,42394.0,10.654762121772682
18229.0,1277842.25164129,255833.280442014,3.0,84772.0,11.347720578576464
18232.0,1284477.17145608,208242.112841278,3.0,42918.20382083381,10.66705134640093
18233.0,1284623.11142424,208240.24602527905,3.0,47723.95427311875,10.773188736842494
18234.0,1273234.43902858,222547.357847929,1.0,0.0,
18237.0,1277963.60735342,255833.337850019,3.0,254284.0,12.446207031617197
18238.0,1277990.70079345,255925.488954112,3.0,381447.7243363783,12.85172909367643
18239.0,1284480.0536321,208258.234185293,1.0,0.0,
18240.0,1270247.09227352,215046.929616258,1.0,0.0,
18243.0,1266162.96465333,242475.961388335,3.0,49185.56996355474,10.803355566037787
18244.0,1277824.68901728,255588.142521769,1.0,0.0,
18245.0,1270240.03192151,215141.752592355,1.0,0.0,
18252.0,1280600.02073212,217659.004754931,1.0,0.0,
18256.0,1261296.84938435,257746.924283981,3.0,169863.40960926743,12.042749920188394
18259.0,1272643.88145997,242685.387436554,4.0,126375.05561017824,11.747009396363651
18260.0,1271448.29201874,255427.1926976,1.0,0.0,
18261.0,1285664.2081293,259316.405053586,3.0,227492.9692111933,12.334874612329402
18266.0,1271013.71480229,245543.282031476,1.0,0.0,
18277.0,1278239.3256257,243611.851501495,3.0,84777.99999999999,11.347791354158918
18278.0,1278005.42322546,244365.156078279,1.0,0.0,
18279.0,1279446.07193093,224681.88111411,3.0,163296.35438707372,12.00332195407417
18284.0,1278451.76223391,230328.68451190004,3.0,45940.471807970345,10.73510174628113
18285.0,1280208.07404372,209304.258698374,4.0,90093.82365175142,11.408606891321709
18286.0,1278467.95512994,230327.210079893,1.0,0.0,
18287.0,1281399.19366093,229368.660510913,1.0,0.0,
18288.0,1281415.41215695,229370.33404691503,3.0,47319.88185129839,10.764685821286552
18289.0,1272862.35710819,210085.83226716504,3.0,53827.629813953696,10.893542179635467
18294.0,1287014.64211468,196077.130620822,1.0,0.0,
18296.0,1280402.88959591,209274.230538338,3.0,71247.18396354877,11.173910574031217
18297.0,1277968.45023343,224574.953178003,1.0,0.0,
18307.0,1269471.79102473,227190.506716684,1.0,0.0,
18308.0,1270472.11281775,222175.432087556,4.0,42887.126254109375,10.666326972564102
18310.0,1264778.76695591,245010.892334938,4.0,457141.3513882425,13.032747924870998
18311.0,1270364.72952163,230470.93187204,1.0,0.0,
18313.0,1281125.93830065,229084.634142622,1.0,0.0,
18315.0,1278915.75506639,230082.342111647,1.0,0.0,
18316.0,1253460.43952033,248488.013298497,1.0,0.0,
18317.0,1257696.12067667,257759.268411994,3.0,45754.42782087689,10.731043848990485
18319.0,1253457.24956833,248485.504498497,1.0,0.0,
18327.0,1297831.96660577,179789.800300151,4.0,973319.701077676,13.78846787973616
18328.0,1297841.34810977,180260.210476637,3.0,784157.8968490824,13.572365678096677
18329.0,1295671.84986755,179004.748075351,4.0,75155.80240633967,11.227318603196375
18330.0,1295660.43284354,178832.02436316,4.0,16656.790095234323,9.720573225802841
18331.0,1294783.12001064,179146.56669949,1.0,0.0,
18332.0,1296803.66388471,178741.058667079,4.0,88050.68816665432,11.385667929528726
18333.0,1296804.37089272,178346.585002676,4.0,167928.00868983674,12.031290646841237
18334.0,1296858.00922877,182162.924526572,4.0,466132.0,13.052224134799308
18335.0,1296833.19956474,182171.43038258,1.0,0.0,
18336.0,1296720.85006063,177170.38167347,3.0,42738.44414187962,10.662854125353252
18337.0,1296407.28929231,177192.039145485,3.0,629228.8475215234,13.352250297051581
18338.0,1296845.20378876,181592.879085988,3.0,254284.0,12.446207031617197
18339.0,1294624.68986648,178368.799914688,4.0,143510.14374816322,11.874160999824035
18340.0,1294581.46945043,178342.274026662,1.0,0.0,
18342.0,1297130.97818905,178240.543594569,3.0,58327.42038296632,10.973827594236342
18343.0,1296607.09338851,182168.637102589,3.0,84777.99999999999,11.347791354158918
18344.0,1295726.67911561,182188.7246546,3.0,235175.7435005598,12.368088358313033
18345.0,1296023.20481192,181850.405806258,1.0,0.0,
18346.0,1294825.83546668,178301.00177063,4.0,23480.458779863875,10.06392381292763
18347.0,1296833.10734074,181224.154733613,3.0,84772.0,11.347720578576464
18348.0,1296186.50561208,179871.624620229,3.0,84778.0,11.347791354158918
18349.0,1296404.98452431,180782.53092517,1.0,0.0,
18350.0,1296728.93991664,179863.846444219,1.0,0.0,
18351.0,1296491.55783638,181428.44798182,3.0,42393.99999999999,10.654762121772682
18352.0,1296387.13972428,181846.370990247,3.0,84772.0,11.347720578576464
18353.0,1296197.9173881,180595.88759698,3.0,84778.0,11.347791354158918
18354.0,1296216.05806011,180731.90474911,1.0,0.0,
18355.0,1295700.09780358,180614.652972996,3.0,212015.3733485786,12.264414066820189
18356.0,1295697.70541959,180533.884780914,3.0,380374.2664110712,12.84891095860345
18357.0,1295714.2135796,181091.20484547305,3.0,45146.49856055936,10.717668004576733
18358.0,1296259.71348415,180351.750316724,1.0,0.0,
18359.0,1295717.1555316,181190.532781586,3.0,596215.0379130596,13.298356682841694
18360.0,1296422.14164431,181329.378605723,1.0,0.0,
18361.0,1297704.66798164,178145.825258464,3.0,248183.62820512825,12.421924187470394
18364.0,1297924.06119786,178202.912426516,1.0,0.0,
18365.0,1297573.1367175,179860.270316213,3.0,223725.35946980905,12.318174504798272
18366.0,1296054.40877995,181081.698989466,1.0,0.0,
18369.0,1297095.35521302,181158.592557549,3.0,611152.900246117,13.323102452749442
18370.0,1297366.06298928,181156.477677554,4.0,648071.7197264056,13.38175664780012
18373.0,1295857.36065175,177385.881577685,5.0,279724.4667864159,12.541560350467709
18374.0,1295501.84359537,177491.6441378,3.0,80550.74212807049,11.296642601822398
18375.0,1295238.00653911,177580.948777884,3.0,1236.9941431484697,7.120439637658943
18376.0,1296598.02977251,177704.967850015,3.0,290751.25798509683,12.580223397061479
18377.0,1296479.27572438,177395.348393694,4.0,594985.7620875462,13.296292754976829
18380.0,1295675.96436356,179710.181356072,1.0,0.0,
18381.0,1296436.76103634,178627.240938962,3.0,42521.873990444496,10.657773904637196
18382.0,1296047.23591593,178645.621482983,3.0,11234.708384738664,9.326763228318052
18383.0,1296629.75636454,178581.996650904,1.0,0.0,
18392.0,1270737.41707402,231770.313505381,3.0,205671.62178564005,12.234036106890157
18397.0,1294378.42759423,178144.209130466,3.0,242927.9001349554,12.400519971032818
18400.0,1297365.80577329,181639.730030045,3.0,683107.7663763097,13.43440790996626
18401.0,1297073.30670099,180163.774956524,3.0,48562.3393039235,10.790603598047612
18402.0,1297474.7147014,181908.105134323,1.0,0.0,
18403.0,1297249.81550117,181873.943150282,3.0,641143.1808355347,13.371008081997486
18415.0,1263803.00740291,212382.453005522,3.0,109054.0437974932,11.59959885299171
18416.0,1263743.23914686,212247.17402938,5.0,766275.4339781298,13.549296958475333
18418.0,1295413.14170729,178103.033002421,4.0,34687.054422976275,10.45412182494254
18420.0,1297341.94887726,180170.663084537,3.0,97462.07516263216,11.487218608625486
18423.0,1297957.69306989,179232.66071558,4.0,333554.1379661051,12.717560463895232
18426.0,1296395.75847629,178472.42071479597,3.0,74930.10626281975,11.224311041518565
18430.0,1279300.20377079,203352.59405227,1.0,0.0,
18433.0,1265441.8725566,286753.314393684,1.0,0.0,
18436.0,1279006.03999448,244319.283438221,4.0,587192.41590419,13.283107840504535
18437.0,1279142.39173862,244437.565038353,3.0,529149.9613911379,13.179027151557941
18439.0,1279422.14188291,244580.679598495,3.0,225927.71908494545,12.327970400041078
18440.0,1278718.30367419,243825.718509719,3.0,959349.5628877806,13.77401079515241
18441.0,1269817.63774508,205487.186566457,4.0,29419.98809862771,10.289429589621959
18447.0,1269806.67320107,204931.878021896,4.0,110270.89007594614,11.61069525450709
18448.0,1269828.46289709,206033.648455024,3.0,55955.32719239499,10.93230892265519
18449.0,1269822.98584108,205757.152902737,4.0,88746.99603013198,11.393544859217013
18451.0,1269812.71032107,205226.952198192,4.0,70385.85970587445,11.161747665521128
18453.0,1290144.6158139,190050.281782657,1.0,0.0,
18456.0,1274439.65413381,283255.28271009,1.0,0.0,
18458.0,1276401.49240781,242400.062892258,3.0,357344.7587567314,12.786456305566256
18462.0,1286923.70201859,247662.809585646,1.0,0.0,
18465.0,1277777.87973723,241077.243050903,3.0,342426.2039802154,12.743811450637478
18466.0,1277991.36453745,241459.794795305,4.0,58733.94476500457,10.980773114062792
18467.0,1264788.20855592,245010.926126927,1.0,0.0,
18469.0,1294899.86913076,179192.087595537,4.0,132731.85625113035,11.796086253688811
18470.0,1276947.58514437,241321.117867157,3.0,48565.91554978312,10.790677237708216
18471.0,1283870.36524747,258845.931581095,1.0,0.0,
18482.0,1278397.11404186,242376.733228236,3.0,1090178.7766789629,13.901852256058088
18485.0,1265381.10596453,284105.81512697,1.0,0.0,
18493.0,1273399.15486874,222263.255703643,1.0,0.0,
18500.0,1296027.23233192,177896.728298202,4.0,156557.58653965403,11.961179186389398
18502.0,1295091.23783496,179080.444139421,3.0,15616.312594447456,9.656071326027284
18503.0,1295959.87521185,179195.673579544,1.0,0.0,
18504.0,1297023.47642894,180028.866476387,1.0,0.0,
18505.0,1297572.7059335,180174.107308537,3.0,140892.20116458155,11.855750346209982
18520.0,1281619.40454116,221012.51119035497,3.0,54650.06402040028,10.908705665066035
18522.0,1288816.51187654,191190.85266383,3.0,293688.8575588809,12.590276178295031
18524.0,1289189.95629291,190698.67416732,3.0,51754.68052645215,10.854270151993314
18532.0,1264757.6206519,242334.585004196,3.0,113810.6127113534,11.642291053895162
18541.0,1294361.78682621,179934.765932292,3.0,335314.48171691457,12.722824121849454
18542.0,1295678.29473156,179878.53994824,3.0,151811.90895369742,11.930397592471886
18543.0,1296235.18305212,178514.14276284,3.0,43369.49071442432,10.677511493952633
18548.0,1296794.3318527,180222.325036585,1.0,0.0,
18549.0,1297614.18094154,180827.10961321,3.0,2658.8075945701275,7.885633028553496
18550.0,1297631.85678156,182886.532015324,1.0,0.0,
18551.0,1296277.83188418,176883.949865177,3.0,712609.7078390125,13.476689155186271
18552.0,1296777.05102068,177364.274025664,1.0,0.0,
18553.0,1297592.64852552,179606.752107963,4.0,275635.5637115301,12.52683485083985
18554.0,1297201.85172512,179406.99959576098,3.0,179677.78725351376,12.098920454967198
18555.0,1294152.06714599,178401.621354729,1.0,0.0,
18556.0,1296123.39617202,177281.615081578,1.0,0.0,
18557.0,1296593.19444449,182015.365422428,1.0,0.0,
18559.0,1296813.67598072,177465.264937773,3.0,49051.327618252966,10.800622531258263
18560.0,1291339.36147912,178982.920683324,1.0,0.0,
18561.0,1270751.67953803,231769.85155338,1.0,0.0,
18578.0,1258651.33232564,259748.079742029,1.0,0.0,
18579.0,1281810.17516536,211218.159692332,3.0,292347.96116110234,12.585700019613713
18964.0,1253880.08924876,248171.777394176,1.0,0.0,
18970.0,1272128.63608344,243487.26116538,3.0,110022.61946413088,11.608441255127396
18972.0,1273967.61669333,278240.230416968,1.0,0.0,
18973.0,1275546.92325494,236115.822181821,3.0,42390.0,10.654667764346684
18974.0,1265143.9525563,212586.140237734,1.0,0.0,
18975.0,1272843.14059618,251487.88920556,5.0,480161.73001079535,13.081878263655865
18980.0,1289083.6300848,188073.923828632,3.0,26705.23026375414,10.19261471523264
18981.0,1272671.23736399,274524.865805164,1.0,0.0,
18987.0,1288643.08570035,191421.647800058,1.0,0.0,
18988.0,1285566.85331321,198070.332350865,1.0,0.0,
18989.0,1265274.88081242,255912.089658096,3.0,6193.455442969157,8.731248439808233
18990.0,1265606.22526076,255906.787514091,3.0,34324.15367058382,10.443604573976302
18991.0,1276843.87077627,240132.301033944,1.0,0.0,
18992.0,1276897.46220033,240214.282474026,3.0,84778.0,11.347791354158918
18993.0,1277394.89656883,243013.444524884,4.0,124704.51158017707,11.733702310485816
18996.0,1277873.06949733,243419.307565302,3.0,158587.237557535,11.974060115572636
18997.0,1277757.69535321,243498.379245386,3.0,37071.78160202789,10.520611355470836
18998.0,1277691.55212113,241874.55773972,3.0,120431.6346262076,11.698837523410003
18999.0,1277832.34220128,242396.02974025896,3.0,29546.95973660433,10.293736132147078
19000.0,1274876.16114226,239479.605801269,1.0,0.0,
19002.0,1276631.84824805,244151.52593405504,5.0,1044802.2565567396,13.859338197299769
19004.0,1282754.78182232,274989.325133637,1.0,0.0,
19005.0,1278747.24658622,212820.649933979,1.0,0.0,
19007.0,1277537.17420098,242464.103468329,1.0,0.0,
19013.0,1273533.81573288,253444.214711577,4.0,135472.15737487393,11.816521417559619
19014.0,1288143.37472384,204452.879301399,3.0,225168.97457738,12.324606397450264
19016.0,1264797.16292393,208447.63181749,1.0,0.0,
19017.0,1265274.20100443,207153.977544174,1.0,0.0,
19018.0,1265027.77694017,208385.894345433,1.0,0.0,
19019.0,1265043.06199619,208394.287049443,1.0,0.0,
19024.0,1276150.82034357,240841.774378672,3.0,169542.0,12.040855962718982
19026.0,1277280.46143273,240037.090921834,1.0,0.0,
19029.0,1277844.8481213,243244.429997131,3.0,228035.8713770889,12.337258226162684
19033.0,1278441.76389791,244695.68100661,1.0,0.0,
19034.0,1276490.5903279,240081.766697884,1.0,0.0,
19039.0,1286724.49305838,191379.961528018,1.0,0.0,
19046.0,1277940.89119339,241650.04337149896,3.0,29091.397821391096,10.278197801946737
19047.0,1278060.37586552,241597.845675439,4.0,331741.5529647224,12.712111489819717
19059.0,1275199.12863059,232864.75158649695,3.0,10348.55091099561,9.244601780291939
19060.0,1275203.25131859,233079.223586723,3.0,624.9973691431144,6.437747440356525
19063.0,1275094.03832649,232959.153954595,3.0,55956.06565819259,10.932322119985306
19072.0,1285272.2886409,203613.615236551,1.0,0.0,
19073.0,1269599.84587285,256859.829243064,1.0,0.0,
19075.0,1279101.52965859,217520.040466785,1.0,0.0,
19077.0,1272296.00024362,212063.1327492,3.0,271520.0789153583,12.511791371110904
19078.0,1272051.74289936,212054.90836519,3.0,249266.72380324503,12.426278782075702
19079.0,1274454.30174983,242827.287084699,3.0,140887.3917826821,11.855716210438475
19087.0,1275052.10731843,234042.573347703,1.0,0.0,
19088.0,1273762.54718912,228393.239197925,3.0,424155.079219478,12.957854420218943
19090.0,1284357.98534396,277564.534544274,3.0,437342.5372133361,12.988472005053932
19091.0,1284304.53068791,277620.42254433,3.0,528356.9990835804,13.177527468840356
19092.0,1265525.27562869,208651.052937701,3.0,85145.033606228,11.352111359154714
19093.0,1265548.53079671,208647.398089692,1.0,0.0,
19094.0,1270452.11121772,209997.648395076,1.0,0.0,
19095.0,1280382.84005989,197104.879869878,1.0,0.0,
19096.0,1265822.76977299,211925.669133052,1.0,0.0,
19103.0,1265415.09572457,208406.051465452,1.0,0.0,
19106.0,1265658.50961281,208421.964873463,1.0,0.0,
19107.0,1265601.46673276,208390.021001428,4.0,183357.54905201,12.119193345556226
19108.0,1270454.95211373,209393.025546461,1.0,0.0,
19123.0,1279769.00402726,210627.077259719,1.0,0.0,
19128.0,1291171.13575095,189623.724214211,3.0,514911.7251975705,13.151750757570591
19130.0,1280546.91225207,265683.461188108,3.0,21923.75860410952,9.995326195528374
19131.0,1291861.74131966,189598.765302196,4.0,439627.39936245873,12.993682827509376
19134.0,1265037.31498818,208426.469769478,1.0,0.0,
19135.0,1278596.60281007,211688.117772818,1.0,0.0,
19136.0,1274047.7667734,216472.279441714,1.0,0.0,
19151.0,1275256.26501465,218556.236243844,1.0,0.0,
19154.0,1281031.10386856,192619.168697283,1.0,0.0,
19157.0,1273058.6116364,225481.447130933,1.0,0.0,
19160.0,1273397.92952475,222105.964695483,1.0,0.0,
19163.0,1263328.44503443,211988.217869118,3.0,302998.1196218574,12.621481878603792
19178.0,1265340.27530849,244286.47281418703,3.0,24344.16314097944,10.100047393040526
19181.0,1281837.66687739,195291.612796023,3.0,608242.3969188222,13.318328760639691
19182.0,1274036.4918934,216459.540625691,1.0,0.0,
19183.0,1275817.89349522,276910.801935598,1.0,0.0,
19184.0,1270297.97739357,231634.538145244,3.0,630569.7571198825,13.354379066046556
19188.0,1270301.95768157,231943.81443356,5.0,829384.9917729986,13.628439731348562
19193.0,1276167.37541558,248672.231474683,1.0,0.0,
19194.0,1273152.97758849,214292.502991483,4.0,415452.4309201436,12.937123400370131
19195.0,1280491.42649201,211908.138317034,1.0,0.0,
19196.0,1274058.00331742,216681.882385924,3.0,1106563.32439953,13.916769666297542
19197.0,1274055.43115741,216672.763985917,1.0,0.0,
19198.0,1279157.12729064,244644.803822562,3.0,512990.4007681299,13.148012412024872
19200.0,1282896.64607847,196234.532860994,3.0,169820.59549848997,12.042497838192418
19201.0,1282884.54502246,196231.76774098,1.0,0.0,
19202.0,1282865.86399844,196426.392701179,3.0,48940.480913586085,10.79836016354393
19203.0,1282849.42271842,196424.230973184,1.0,0.0,
19204.0,1296226.33332412,182169.791982591,1.0,0.0,
19211.0,1286219.64140987,198625.180287436,3.0,327860.7570691046,12.700344276100896
19212.0,1286859.78477053,198617.339775428,1.0,0.0,
19213.0,1278188.52882566,282265.908053085,3.0,199748.5431843631,12.204814570407247
19214.0,1280131.31103563,207617.782728642,3.0,81615.09191500729,11.309769473789881
19217.0,1273307.20069265,235001.83261267803,3.0,1117152.4485455186,13.92629354908388
19220.0,1278268.60773773,282256.187605068,3.0,251054.98115577665,12.433427242555705
19221.0,1278442.18879391,282249.244373068,3.0,411265.4023991635,12.926994033002728
19223.0,1275882.31755929,255345.128569514,1.0,0.0,
19225.0,1277926.63698538,245333.089839265,3.0,22041.46519635567,10.000680740020728
19232.0,1269912.23243317,210940.966348052,1.0,0.0,
19234.0,1280632.57382014,208709.691273764,3.0,81436.32163955539,11.307576664255906
19238.0,1274705.80255008,238303.70199206503,3.0,161015.5938565999,11.98925649552851
19239.0,1280632.29561216,208725.574473783,1.0,0.0,
19244.0,1270298.37534557,231870.973409474,3.0,365575.20952951774,12.809227308630481
19245.0,1280869.53330839,271717.195850283,1.0,0.0,
19247.0,1277745.0868412,282207.122069016,1.0,0.0,
19253.0,1278110.15135357,281932.97429274,1.0,0.0,
19254.0,1288007.7916837,253569.448695704,1.0,0.0,
19257.0,1288880.4139566,204526.096005484,3.0,42390.0,10.654667764346684
19258.0,1274938.81259832,239021.143464804,1.0,0.0,
19259.0,1282886.04665446,196286.625277042,3.0,91615.07641205315,11.425351126770066
19260.0,1282873.95481445,196284.545533031,1.0,0.0,
19261.0,1281550.19762909,195055.436155781,1.0,0.0,
19262.0,1274676.24747805,241969.915819824,3.0,57005.79609294079,10.9509082274881
19267.0,1280138.88581964,207635.184584662,1.0,0.0,
19271.0,1281261.05420479,195521.811836258,1.0,0.0,
19272.0,1281256.26284479,195305.194492042,3.0,262416.5492985664,12.477688403036503
19273.0,1282758.34975833,191562.413240209,1.0,0.0,
19274.0,1286635.9144983,198860.89343968,1.0,0.0,
19275.0,1296112.89390001,182197.701678619,1.0,0.0,
19277.0,1287991.83635569,253416.592375547,1.0,0.0,
19279.0,1277889.14034534,281935.557012752,1.0,0.0,
19283.0,1271838.68094714,238217.358695984,1.0,0.0,
19285.0,1278790.49906626,244554.61406247303,3.0,263432.4122000561,12.481552113872214
19286.0,1278318.13618578,282017.339988828,1.0,0.0,
19288.0,1275271.68690266,210424.605515525,1.0,0.0,
19296.0,1274312.89483768,242222.526188076,4.0,89441.60595047034,11.401341243845685
19299.0,1279376.54021886,244823.093166739,3.0,14933.567598884752,9.611366817037238
19300.0,1279548.47167504,244891.569710806,3.0,14832.852944317665,9.604599793185454
19303.0,1279608.45516311,245037.75806295904,3.0,13838.918304544091,9.535240068931108
19304.0,1279373.93426687,245037.782062963,3.0,635.8033353307168,6.454889294343277
19308.0,1280692.07372421,196624.481853381,1.0,0.0,
19309.0,1277390.27026483,235646.542629346,1.0,0.0,
19314.0,1275475.28850287,244189.676142097,4.0,204720.67901581564,12.229401787630708
19315.0,1296645.23994854,183205.00606364,1.0,0.0,
19316.0,1279208.1937867,244830.45860675,3.0,76506.94041054032,11.245136740020213
19317.0,1281393.32166094,223963.422297388,1.0,0.0,
19318.0,1279560.86469905,244615.367854536,3.0,207243.7920689966,12.24165111872019
19319.0,1276564.93067999,219138.080532447,3.0,327730.525804075,12.6999469820241
19325.0,1279618.84818712,245398.887599334,3.0,67060.86287672057,11.113355887171565
19326.0,1264830.12349997,207764.594440788,1.0,0.0,
19328.0,1274405.12990977,242375.521260232,1.0,0.0,
19331.0,1274234.3740056,242080.986411929,1.0,0.0,
19333.0,1264827.62449196,207752.238472775,1.0,0.0,
19334.0,1279938.08505145,227010.972636506,4.0,588442.5890899227,13.285234646276164
19336.0,1290889.19405465,185079.748401567,3.0,77420.26434632126,11.257003838570672
19337.0,1291220.09466299,185224.77630572,1.0,0.0,
19338.0,1278605.15724207,265424.042115837,3.0,84777.99999999997,11.347791354158918
19339.0,1278614.93676208,265425.400387838,1.0,0.0,
19347.0,1280933.83865246,223429.183512837,3.0,50685.731599025086,10.833399721943858
19352.0,1275618.57567102,264892.081539288,3.0,115484.70718704308,11.656893394870643
19361.0,1278472.04696994,265760.62150818104,3.0,84778.0,11.347791354158918
19363.0,1263376.91607448,210389.554059476,1.0,0.0,
19365.0,1278903.95852238,259873.75007815697,3.0,236886.29149396377,12.375335522258817
19366.0,1277587.99461703,259252.52364552,4.0,525607.7195715808,13.172310433205224
19367.0,1278604.94469808,265477.254915893,1.0,0.0,
19370.0,1278541.795834,265671.147908092,1.0,0.0,
19371.0,1275305.0900387,264894.83321929,1.0,0.0,
19376.0,1277375.86578481,259259.13222152,1.0,0.0,
19377.0,1278465.4781539375,265750.7382281683,1.0,0.0,
19378.0,1280934.11782046,223399.245912805,1.0,0.0,
19380.0,1284652.22752027,259598.093821868,1.0,0.0,
19382.0,1266325.9088455,285485.10204038,1.0,0.0,
19386.0,1279640.71493913,215049.165840253,1.0,0.0,
19388.0,1270241.08177751,204359.580549315,1.0,0.0,
19390.0,1270606.09387389,204591.526341543,1.0,0.0,
19394.0,1286953.45261063,249786.140979826,3.0,436999.7508749221,12.987687903997294
19397.0,1264353.49220347,260408.493758708,3.0,776554.768978489,13.562622452217454
19398.0,1286130.27475378,194185.362426892,3.0,810318.8717373499,13.605183117992928
19401.0,1268664.3960159,245897.393199846,4.0,1104493.149537105,13.914897099502662
19402.0,1273743.19390909,202494.162371397,3.0,32218.162401084224,10.38028562223936
19404.0,1271961.28049926,206769.497351781,3.0,369963.3229673872,12.82115915259182
19407.0,1285657.13068929,202850.968131766,4.0,89222.73296857567,11.398891140006159
19408.0,1285672.75564931,202686.905475602,1.0,0.0,
19409.0,1284975.35974459,202853.051459759,3.0,56582.82204744914,10.943460720731728
19410.0,1285258.17248088,202852.00979577,1.0,0.0,
19414.0,1261236.15952829,245825.052079767,1.0,0.0,
19415.0,1285314.45817694,202852.204675764,1.0,0.0,
19417.0,1271668.27384298,217399.166034654,3.0,718603.4120244085,13.485064901805597
19418.0,1260936.14275998,245387.174703315,1.0,0.0,
19419.0,1270815.25784209,249858.003379896,3.0,177780.3252810038,12.088303939476768
19420.0,1270886.59198616,249920.519987956,3.0,121564.47001457088,11.70820001843898
19421.0,1270157.03672142,222499.175191879,4.0,216612.9716010352,12.285867499110584
19422.0,1285168.28422479,195430.766396165,3.0,5705.123274940227,8.649119870290631
19423.0,1263457.00087456,243040.321132913,1.0,0.0,
19426.0,1291442.62995923,187971.651060522,3.0,178074.54572981058,12.089957537838446
19427.0,1291573.14279136,188017.614260569,3.0,36620.44663724098,10.508362014692654
19429.0,1260149.56131917,262366.318208709,1.0,0.0,
19431.0,1269841.0448491,222504.640727893,1.0,0.0,
19432.0,1278093.93714555,213229.33812639103,3.0,58277.511085707694,10.972971553249433
19433.0,1284651.22816026,205186.011334151,3.0,214595.35335733896,12.276509456369007
19435.0,1257568.26461254,259241.209661514,3.0,26681.695710785905,10.19173305538566
19436.0,1257469.74019644,259309.798461571,3.0,48172.75603735098,10.782548912796592
19437.0,1275093.98514248,206591.035079598,3.0,566.0824034125899,6.338739656674303
19438.0,1259386.3777664,259743.861566022,4.0,151016.0130760499,11.925141157035748
19441.0,1278601.15301807,238175.233447939,3.0,62750.321808750734,11.046918985407187
19442.0,1259970.898279,259734.495422006,3.0,176662.96094976965,12.08199902088418
19443.0,1291979.19840777,189097.407349676,3.0,13950.475725575565,9.543268888859842
19444.0,1259488.01834249,259745.249342024,3.0,70651.30444562848,11.165511851433074
19445.0,1254514.70121741,254429.828856573,1.0,0.0,
19447.0,1273239.50590858,234480.729636148,3.0,514110.145985087,13.150192813279874
19449.0,1288686.97997239,202025.061954916,1.0,0.0,
19453.0,1284460.34636807,241918.166251764,1.0,0.0,
19454.0,1275281.54879068,262719.928129062,1.0,0.0,
19455.0,1274955.63800634,262727.290305078,3.0,18380.371468495447,9.819038606178543
19461.0,1273601.79979695,202279.579459175,3.0,53284.86797479747,10.883407666934007
19463.0,1265208.27070035,244986.302126914,3.0,43944.283438211314,10.690677824988258
19464.0,1273985.28824535,286392.606169313,3.0,42390.0,10.654667764346684
19465.0,1269640.22110489,208938.130505994,1.0,0.0,
19488.0,1266491.09655768,230294.084831864,1.0,0.0,
19489.0,1277905.67013736,235360.294501051,3.0,631599.415005131,13.356010635152193
19491.0,1291805.12231159,184840.960177317,3.0,988918.322831685,13.804367021584445
19492.0,1295770.62164365,184496.025136963,3.0,133169.89131373537,11.799380970349093
19493.0,1275842.83077525,208782.539593831,1.0,0.0,
19498.0,1276166.89477558,217596.511122867,3.0,210207.31217367624,12.25584952356436
19500.0,1277762.55692121,283335.542038172,1.0,0.0,
19504.0,1277760.98079321,283168.538774014,1.0,0.0,
19512.0,1268305.22481553,254973.06431312897,3.0,390923.12356088223,12.876266204702448
19517.0,1273960.83192532,286741.202201664,1.0,0.0,
19522.0,1253932.82243282,247825.590769812,1.0,0.0,
19524.0,1272922.14795625,242677.375020549,4.0,60136.487104336746,11.004372042870008
19526.0,1268045.43006326,211796.960076928,3.0,319890.1122352906,12.675732816536163
19540.0,1272918.22936425,264032.924162418,1.0,0.0,
19543.0,1278099.95455356,213550.220686719,1.0,0.0,
19544.0,1272195.29905951,212008.706381142,3.0,120939.48059225208,11.703045539062334
19549.0,1264080.50820321,212135.285197273,3.0,337582.3919497415,12.729564883796765
19550.0,1293790.12692162,184579.197233051,4.0,576799.8974144501,13.265250687099966
19556.0,1294574.74509843,183364.293487802,1.0,0.0,
19557.0,1275065.42616645,211383.90676450697,3.0,24547.27811739336,10.108356256094085
19566.0,1281451.97081299,221040.259158388,1.0,0.0,
19567.0,1278400.99986586,210732.241419837,1.0,0.0,
19570.0,1272983.33912432,219314.696340621,3.0,165616.99660055654,12.017433152143324
19577.0,1274175.83736554,250271.074356318,3.0,70317.37558662596,11.160774210653312
19583.0,1275141.17931853,242810.927916676,4.0,83709.1955420428,11.335104113549901
19587.0,1277907.80895336,218700.798291996,3.0,549479.1752747495,13.216726154518508
19596.0,1279212.7075787,245038.791854963,4.0,19283.58474071019,9.867009481416359
19616.0,1275209.9767586,261264.041599572,1.0,0.0,
19619.0,1274582.02718996,242823.753324687,4.0,20878.433078811413,9.946471995062398
19621.0,1275102.42904648,260653.272126958,3.0,75696.65760208771,11.234489285241878
19622.0,1275101.91199049,260674.748478979,1.0,0.0,
19635.0,1290572.70253433,187911.081972465,4.0,116786.53539181117,11.66810306355141
19636.0,1290630.25101438,186820.976883352,1.0,0.0,
19654.0,1295543.71853942,177619.311849922,1.0,0.0,
19656.0,1288633.15789235,253577.585463703,1.0,0.0,
19699.0,1270646.41988993,280495.394835263,1.0,0.0,
19724.0,1271442.45803474,223075.344024479,4.0,864941.0749263432,13.670416662121207
19725.0,1275209.5734946,220596.988373935,1.0,0.0,
19726.0,1275578.34674297,220776.682582125,1.0,0.0,
19733.0,1281513.12159705,223608.251417011,1.0,0.0,
19734.0,1281671.33254121,223568.394200981,1.0,0.0,
19772.0,1297889.70529382,178902.312299237,3.0,170651.37031522853,12.047377984277583
19775.0,1297033.76577294,177882.963562191,1.0,0.0,
19780.0,1277328.20933677,280458.060947239,1.0,0.0,
19781.0,1277082.52024852,280660.420115441,3.0,402332.6255340444,12.905034452173998
19793.0,1278331.16895379,267834.805318311,4.0,379192.9658149736,12.845800499124952
19794.0,1278339.91308181,268495.346310988,3.0,40440.72991625384,10.60759272233487
19830.0,1273614.58360496,261183.980351493,3.0,30101.03471011702,10.31231482589753
19859.0,1297352.37729327,179015.560747355,4.0,127164.0,11.753232870962837
19860.0,1297352.20538928,179000.749739334,1.0,0.0,
19872.0,1277034.17285646,281232.683092028,3.0,364545.9211995133,12.806407806581978
19924.0,1266634.04177381,283687.126294538,3.0,42668.79999999999,10.661223252983685
19925.0,1275123.67013451,285172.004568055,1.0,0.0,
19926.0,1266746.34340593,283412.893590257,3.0,82560.25381342853,11.321283655001222
19927.0,1266548.58526173,282647.237653479,1.0,0.0,
19928.0,1266598.69342178,283935.043478787,1.0,0.0,
19929.0,1274014.03685337,280237.586963013,1.0,0.0,
19930.0,1266416.72132559,283223.27029407,1.0,0.0,
19931.0,1266331.00369351,283171.343254015,1.0,0.0,
19934.0,1271607.3956989,280681.95483546,1.0,0.0,
19935.0,1268881.82564811,282885.964885712,3.0,40885.47308606179,10.618530097669204
19936.0,1272430.37240376,279818.407698572,1.0,0.0,
19981.0,1285582.84576122,210381.818891481,3.0,379705.13250769454,12.847150263399262
19982.0,1277977.78021744,224181.146905601,3.0,229490.73101939997,12.343617919952099
19983.0,1287251.02809893,207355.251784369,3.0,268936.4214085653,12.502230279007504
19984.0,1285915.39756957,210249.961163342,3.0,322965.44033121073,12.685300600601721
19985.0,1284029.59948763,211273.671756387,3.0,850395.2325445573,13.653456499861232
19986.0,1284978.20326459,210764.539211869,3.0,659200.146779226,13.398782480240035
19987.0,1277703.10034515,224124.36783354,3.0,57613.69094384075,10.961515508437426
19988.0,1285272.9083529,210393.445451483,3.0,543977.787738499,13.206663693641403
19994.0,1277219.00453666,282174.992212996,3.0,255081.7402466504,12.449339322762256
19996.0,1287855.28179555,205646.224006623,3.0,260925.77716036097,12.471991267165606
19997.0,1287117.46048279,207785.904136822,3.0,314379.4150178928,12.658355863532018
20016.0,1266508.26545368,211967.580429092,3.0,98995.99753200985,11.502834699329856
20017.0,1279746.43385124,205730.829446718,1.0,0.0,
20018.0,1271099.08203439,221829.320215195,1.0,0.0,
20019.0,1265808.11953297,211927.681613058,1.0,0.0,
20020.0,1279023.2450505,242523.66794838,3.0,57775.06533062779,10.96431256591871
20021.0,1277506.61093695,199386.99078421303,3.0,38992.73685047685,10.57113067316481
20022.0,1278423.53228189,198102.68006290504,3.0,14987.417516375865,9.614966295826104
20023.0,1271116.75723441,222092.915223464,1.0,0.0,
20024.0,1275426.66232683,202126.871491015,3.0,67384.25036731732,11.118166595518947
20025.0,1279745.58905125,194055.41746676,1.0,0.0,
20027.0,1277229.98840867,240958.519850791,1.0,0.0,
20028.0,1276995.82028043,242078.644907936,1.0,0.0,
20029.0,1276986.68018442,242103.203243956,3.0,84778.0,11.347791354158918
20030.0,1277084.25349651,242544.92580440603,3.0,189683.8606702034,12.153114074128757
20031.0,1277109.17208855,242555.140012413,1.0,0.0,
20034.0,1273159.87058049,219294.270228595,3.0,232521.46817955197,12.356737836002956
20035.0,1272996.44504434,219937.21282126,3.0,88120.4787904871,11.386460234293338
20036.0,1271912.26609921,219615.45128493,3.0,837980.1788870553,13.638749726305077
20039.0,1272329.76037166,219682.507605001,3.0,113327.6365627265,11.638038341037873
20040.0,1273068.2753164,219995.519445315,3.0,99516.37778633332,11.50807751046912
20041.0,1275148.89381453,239491.999145284,1.0,0.0,
20043.0,1279666.95666716,205736.310790718,1.0,0.0,
20044.0,1279301.85369079,207611.781448632,1.0,0.0,
20053.0,1263037.83901814,261816.846912146,1.0,0.0,
20054.0,1296865.28250878,183146.000623584,3.0,219902.00099715183,12.300937276079223
20055.0,1297034.97274895,183136.26903957097,3.0,84778.0,11.347791354158918
20056.0,1273751.67685311,223687.342105106,4.0,249689.17994598995,12.4279721431143
20059.0,1297031.09876494,182793.564015225,1.0,0.0,
20066.0,1276426.07570384,280751.488147527,3.0,78281.14462387882,11.268062043578363
20068.0,1276123.32395953,281712.692628518,1.0,0.0,
20070.0,1276387.46450381,280517.460435286,3.0,115530.21844411072,11.657287406275161
20072.0,1276084.91819949,280527.905939311,3.0,126654.37597029249,11.749217206513087
20078.0,1276090.5605675,280789.19048357,1.0,0.0,
20084.0,1270325.8700016,222791.018776178,3.0,46686.774401234965,10.751216200147653
20085.0,1270318.5389936,222485.198551863,3.0,29867.424135359142,10.304523671648282
20086.0,1270332.7640176,223096.93647249,3.0,25296.29470770906,10.138413209749393
20095.0,1276052.35461546,283723.700694576,1.0,0.0,
20101.0,1276995.02207242,285257.21276015,3.0,45956.16108377085,10.735443201140992
20104.0,1253150.66812801,249082.625651106,3.0,758027.8943544924,13.538475463887371
20107.0,1278271.69170573,229222.174558774,3.0,42653.20325403196,10.660857655704042
20110.0,1281566.19334111,224031.574041456,1.0,0.0,
20112.0,1278270.60447374,229195.683486745,1.0,0.0,
20118.0,1265600.67870076,216931.883538187,4.0,47846.498422128345,10.77575321598251
20119.0,1282540.3059181,194593.300923303,3.0,84778.0,11.347791354158918
20120.0,1282539.4574701,194580.35801129,1.0,0.0,
20122.0,1267246.49988644,229114.458206654,3.0,13638.306884409894,9.520637794983895
20123.0,1282448.53740601,194600.282491311,1.0,0.0,
20124.0,1265967.48766114,216971.318162218,1.0,0.0,
20128.0,1282707.58015828,194581.148347288,3.0,133345.91264942198,11.800701877842476
20129.0,1272257.61713958,286065.125528976,3.0,15863.929471222633,9.671803224351539
20130.0,1272457.70398778,286072.590680987,3.0,57338.55282356255,10.956728500604084
20131.0,1271424.80977872,285853.917912751,3.0,12385.445002968016,9.424277272078772
20132.0,1272220.72453153,285337.69487223,3.0,1557.2846640703242,7.350698983684437
20133.0,1272343.12056366,286632.834009558,3.0,76723.71136988979,11.247966083907203
20134.0,1272461.61016378,286643.684697568,3.0,215804.0250097241,12.282125983206488
20135.0,1272455.09969978,285349.153496236,3.0,19419.70905426644,9.874043759975438
20139.0,1293286.06784911,189036.85797362,1.0,0.0,
20145.0,1272756.85464409,233140.40720278,1.0,0.0,
20152.0,1289249.68352498,191330.941303968,1.0,0.0,
20153.0,1289093.88205281,191270.082807899,1.0,0.0,
20155.0,1288642.76122035,191391.11372003,1.0,0.0,
20156.0,1288832.11091655,191204.31256783,1.0,0.0,
20157.0,1288648.61062837,191415.586808056,1.0,0.0,
20159.0,1282703.39839827,271026.357705578,3.0,104781.29865145938,11.559630586963085
20160.0,1268202.65086342,284718.006487593,4.0,300332.5612338865,12.612645677110692
20161.0,1283566.32319915,266047.675716475,1.0,0.0,
20162.0,1266345.98660553,212117.55162924496,3.0,710869.4910879881,13.474244135098488
20163.0,1268474.7257437,284791.852439672,3.0,21023.43557955861,9.953393074441783
20164.0,1268475.5938397,284851.748311728,3.0,320051.75056650746,12.676237982220892
20165.0,1282794.23583837,271024.750729576,3.0,108669.00640119152,11.596061902748248
20177.0,1262562.43344964,284781.669719666,1.0,0.0,
20179.0,1295308.54906718,182797.584687233,1.0,0.0,
20181.0,1274208.83730157,279494.93883425,1.0,0.0,
20183.0,1264627.71575576,284284.290135145,1.0,0.0,
20186.0,1271853.30136316,279796.46549055,1.0,0.0,
20190.0,1262713.9058978,283773.350550622,1.0,0.0,
20192.0,1271786.8241151,212114.164173245,3.0,150406.08753098833,11.921094165283737
20194.0,1272434.77361976,211994.957069129,3.0,103623.55259065032,11.548519924577926
20196.0,1265852.91505301,212225.48250936004,3.0,62699.687416998495,11.04611174123376
20197.0,1268599.41086383,212042.40410918,4.0,101660.34998576324,11.529392633703637
20199.0,1283148.89196673,211541.998988658,1.0,0.0,
20200.0,1281114.96326065,211231.88474834,3.0,48009.84105768952,10.77916129091108
20202.0,1282703.40467027,271043.75264959,1.0,0.0,
20204.0,1283142.41753472,211542.372620657,1.0,0.0,
20207.0,1277734.66296919,281809.534932613,1.0,0.0,
20229.0,1279613.9045711,279889.69787465,1.0,0.0,
20231.0,1264313.44145145,285339.156824231,1.0,0.0,
20234.0,1266784.09098998,285109.737304002,1.0,0.0,
20242.0,1276104.87423152,224649.368410081,1.0,0.0,
20243.0,1277867.57080932,280660.574291438,1.0,0.0,
20249.0,1276898.66789633,285113.983383998,1.0,0.0,
20252.0,1277820.72082527,283859.391062722,1.0,0.0,
20253.0,1278936.53554641,281743.429716542,1.0,0.0,
20259.0,1277544.70469698,278874.215697616,1.0,0.0,
20262.0,1273650.128437,202400.674371302,3.0,43672.118036193846,10.684465146246772
20263.0,1274826.7638942,202518.562307417,1.0,0.0,
20264.0,1273550.24549291,201943.46105884,1.0,0.0,
20265.0,1273879.91275723,202252.229507148,1.0,0.0,
20267.0,1294257.0393701,179939.450924307,4.0,818398.9852071699,13.615105253647096
20289.0,1286012.81862566,197934.986174732,1.0,0.0,
20290.0,1285582.39526522,198199.991166994,1.0,0.0,
20291.0,1285589.33324923,198458.363711268,1.0,0.0,
20292.0,1285583.03142522,198206.033151001,1.0,0.0,
20302.0,1271101.65880239,221581.667862937,1.0,0.0,
20303.0,1265645.9147968,259110.71257337896,3.0,32745.134664629844,10.396509670168658
20307.0,1272862.4463242,212529.98714967104,3.0,137191.81393530418,11.829135327299307
20310.0,1282185.97132574,198445.354239255,3.0,113051.7269739074,11.63560075378499
20314.0,1282034.04671758,198955.954239771,3.0,123683.9364640204,11.725484691128633
20315.0,1282031.82956558,198835.417407647,3.0,60100.73373830996,11.0037773290729
20316.0,1282027.22194958,198835.448255658,1.0,0.0,
20318.0,1268292.79831952,229040.600414574,3.0,68368.5351929962,11.132667985974454
20325.0,1268196.87857541,229126.011038661,3.0,4215.960712020024,8.34663277139695
20333.0,1276703.23884013,247856.105777845,4.0,124250.98320001038,11.73005885700612
20334.0,1272739.60997207,212649.6322698,1.0,0.0,
20336.0,1273802.32926916,250494.493556544,1.0,0.0,
20337.0,1269386.15108864,215882.381649107,1.0,0.0,
20338.0,1286906.33030657,204791.149573743,1.0,0.0,
20343.0,1275720.45074312,270909.180745453,1.0,0.0,
20344.0,1285065.3848327,257702.905659929,1.0,0.0,
20347.0,1272958.6803723,264161.332034543,1.0,0.0,
20351.0,1278323.43800978,201768.082178652,4.0,229135.68069390135,12.34206959919533
20352.0,1285735.10624138,259065.489213333,4.0,353575.0962758688,12.7758511781813
20354.0,1278255.20882572,201743.082178622,4.0,298214.99916898826,12.605569979071927
20355.0,1278127.48037758,202378.78893128,4.0,967873.3036543776,13.782856473038002
20356.0,1282593.60531016,191317.786423951,3.0,126978.80291858682,11.751775445357486
20358.0,1288592.54835631,249479.605491504,3.0,42503.46025479706,10.657340769358193
20359.0,1282577.15948614,191317.240183949,1.0,0.0,
20360.0,1273842.1096852,223666.739481077,1.0,0.0,
20370.0,1268023.01015924,229283.71708683704,3.0,11811.293335085602,9.37681141505703
20379.0,1267953.72875117,228910.351006448,5.0,567371.1937050424,13.24876903113092
20380.0,1267448.42436665,250244.86514028895,3.0,64930.91709529949,11.081079169772098
20388.0,1287146.15398683,205131.483206093,1.0,0.0,
20392.0,1279769.43775527,203992.930372939,1.0,0.0,
20394.0,1280087.18188359,203974.77197291,1.0,0.0,
20401.0,1255784.4808027,247803.711217791,3.0,803626.2803069678,13.5968896146074
20408.0,1272637.49432397,219661.91182898,4.0,211124.057148866,12.260201188256984
20415.0,1272053.79339537,213524.616398692,1.0,0.0,
20434.0,1272543.41873987,221212.28898257,4.0,27895.45090772113,10.236218904612908
20435.0,1272562.03256388,222130.0040555,3.0,42054.79047637007,10.646728582250494
20436.0,1272538.44107586,220906.307670251,3.0,31052.49773115917,10.34343452635367
20437.0,1272550.94302787,221518.040662885,4.0,24560.89971277305,10.10891101484633
20452.0,1275256.29522264,237328.102887064,1.0,0.0,
20454.0,1276385.2657198,234789.548260465,3.0,53069.46243710101,10.879356946452775
20455.0,1276380.05739979,234819.756516501,1.0,0.0,
20456.0,1274448.79845382,237289.289959028,3.0,142713.6955718162,11.868595773434409
20457.0,1274688.33311006,237286.573095024,3.0,77042.94422622546,11.25211826259308
20461.0,1274906.58559029,236812.937574536,3.0,38208.97117782602,10.550825614609357
20470.0,1270245.26520151,204600.846469551,1.0,0.0,
20471.0,1280924.31897245,202633.731331542,1.0,0.0,
20473.0,1280915.47647645,202631.081731543,1.0,0.0,
20474.0,1288872.62982859,192018.02751267,1.0,0.0,
20476.0,1273550.0216849,201950.120194837,1.0,0.0,
20477.0,1276448.89285587,205531.079238504,1.0,0.0,
20521.0,1264050.95281117,209746.527498826,1.0,0.0,
20528.0,1291869.67699966,189808.029942408,1.0,0.0,
20547.0,1279379.13733886,206716.894407719,1.0,0.0,
20551.0,1280568.80882809,201338.115842208,1.0,0.0,
20564.0,1282126.76735768,223345.77685675,3.0,67147.24796890815,11.114643217774361
20565.0,1282253.46034981,223350.264408752,1.0,0.0,
20566.0,1279861.31615536,262326.669376671,3.0,42401.833333333336,10.654946879278981
20567.0,1279834.61215533,262353.890752688,1.0,0.0,
20569.0,1284246.06265585,262659.57484901,1.0,0.0,
20570.0,1274523.62770189,223915.747481331,1.0,0.0,
20572.0,1277713.65349716,246047.177007988,1.0,0.0,
20573.0,1284389.08140799,263055.029761419,1.0,0.0,
20574.0,1274933.98943032,267260.990533724,1.0,0.0,
20576.0,1282926.62598249,261482.439743802,1.0,0.0,
20578.0,1274956.65240633,267131.357893586,1.0,0.0,
20579.0,1274956.65240633,267137.607941598,1.0,0.0,
20580.0,1273883.20606925,241532.50788337,1.0,0.0,
20581.0,1281156.92057268,223535.53109695,1.0,0.0,
20582.0,1283619.60262321,267081.361285537,1.0,0.0,
20584.0,1283140.31193472,265720.109764144,1.0,0.0,
20586.0,1281306.16665284,221669.27695103,1.0,0.0,
20588.0,1275708.14040712,270244.074440777,1.0,0.0,
20591.0,1269962.46718523,209777.201290861,1.0,0.0,
20592.0,1277337.66572078,202954.409475863,3.0,6115.265355204758,8.718543441326096
20593.0,1276087.82603949,261128.927039444,1.0,0.0,
20594.0,1279132.48069862,203385.408324316,1.0,0.0,
20602.0,1277752.0910652,213580.582478747,1.0,0.0,
20603.0,1286695.55219436,255188.265337363,1.0,0.0,
20604.0,1271471.74110676,224963.976026401,3.0,256707.5738783232,12.455692871209028
20605.0,1279204.0078027,222236.775447607,1.0,0.0,
20607.0,1275877.63288729,261135.00211145,1.0,0.0,
20608.0,1276928.71704836,260236.72275053,1.0,0.0,
20609.0,1284580.75654419,206350.681607351,1.0,0.0,
20610.0,1278404.70687386,216076.854737312,1.0,0.0,
20611.0,1278723.50905019,216671.134673908,1.0,0.0,
20612.0,1284405.31788802,206530.988615528,1.0,0.0,
20613.0,1284536.23827215,206529.502087533,1.0,0.0,
20614.0,1281033.50738856,217563.205778822,1.0,0.0,
20626.0,1283303.20300689,273678.800524294,3.0,877078.5477842595,13.684351831521864
20627.0,1263197.6900263,259695.865597978,3.0,862891.3322065364,13.66804404348887
20628.0,1282883.34687845,271022.891465575,3.0,148488.32661929724,11.90826162551081
20629.0,1282884.07065445,271047.671305597,1.0,0.0,
20631.0,1282952.54918253,272751.709195346,1.0,0.0,
20632.0,1282948.64300652,272718.375947312,1.0,0.0,
20633.0,1283221.63231881,273262.791883871,3.0,96815.61608481956,11.480563583443766
20634.0,1283217.8130548,273280.84724389,1.0,0.0,
20636.0,1283322.64748691,273788.010636404,3.0,169542.0,12.040855962718982
20637.0,1283343.16844693,273787.396748409,1.0,0.0,
20638.0,1283326.0205429,273950.21831657,3.0,84777.99999999999,11.347791354158918
20639.0,1283343.42860693,273949.636300564,1.0,0.0,
20640.0,1283345.51193494,274009.532172635,1.0,0.0,
20654.0,1279119.6355786,242822.334060699,3.0,20728.308594242964,9.939255609927484
20655.0,1279696.25516319,242719.110188589,4.0,896085.5956149603,13.705791218214557
20656.0,1272390.94462772,234214.177379876,4.0,81574.08617359812,11.309266919113739
20657.0,1275109.9208225,242343.100716203,3.0,51702.13794349106,10.853254412513682
20658.0,1275130.48901452,242581.09406045097,5.0,288886.39384076087,12.573788788913136
20659.0,1275110.0497825,242575.488044441,1.0,0.0,
20677.0,1278374.07832983,214711.74919991204,3.0,84778.0,11.347791354158918
20681.0,1297370.26113328,179097.798443437,1.0,0.0,
20682.0,1278138.5650496,214718.526735917,1.0,0.0,
20683.0,1278378.32965784,214869.048400074,1.0,0.0,
20685.0,1297362.76871729,178999.94429934,1.0,0.0,
20686.0,1274216.83730158,227958.943517476,4.0,135590.79041728462,11.817396734905287
20687.0,1274538.77957392,227956.214813471,4.0,177961.33113626423,12.089321564866516
20688.0,1274349.99454972,225758.750683218,1.0,0.0,
20689.0,1288893.05798861,204541.700933501,1.0,0.0,
20690.0,1277827.54757728,255699.147513881,1.0,0.0,
20691.0,1277843.7457213,255825.874618009,1.0,0.0,
20693.0,1272355.11729968,230870.435360461,3.0,42494.11833350732,10.657120953182663
20695.0,1272355.10910767,230884.493408471,1.0,0.0,
20696.0,1285841.75993748,196800.379837573,1.0,0.0,
20701.0,1273616.80536497,237608.315239355,1.0,0.0,
20713.0,1280967.1059805,202942.728451863,1.0,0.0,
20714.0,1278019.39698547,210690.25197978303,3.0,219123.3665880744,12.297390167948517
20715.0,1278026.01176949,210706.914315805,1.0,0.0,
20716.0,1270484.77784176,229220.731998771,3.0,94967.67671700702,11.46129186760205
20717.0,1274097.58949345,218742.66306003896,3.0,84368.86710869907,11.342953739413945
20720.0,1274088.55934945,218153.476563439,1.0,0.0,
20721.0,1277549.773241,244315.18801422403,3.0,288828.9564364976,12.573589945643956
20722.0,1277209.31160864,244089.833133996,3.0,255504.9008197712,12.450996869732627
20724.0,1274026.74219738,218743.766036034,1.0,0.0,
20725.0,1272237.60376355,234121.674915791,3.0,240248.7171091771,12.389429987002162
20728.0,1274988.17010237,262613.990016967,1.0,0.0,
20734.0,1275510.2808869,217627.828626901,1.0,0.0,
20735.0,1278085.87973754,211083.344332188,1.0,0.0,
20737.0,1278084.92536955,211112.60282822,1.0,0.0,
20738.0,1278714.87589818,212821.684749976,1.0,0.0,
20739.0,1266166.95678134,242468.232684329,1.0,0.0,
20741.0,1263378.92721048,284053.833238915,3.0,65711.28812214805,11.093026002837014
20742.0,1262987.98673008,284065.109462932,1.0,0.0,
20743.0,1272439.36254776,211745.587468877,1.0,0.0,
20748.0,1296859.82906877,179832.593900189,1.0,0.0,
20753.0,1273119.95365246,212702.956941858,3.0,84778.0,11.347791354158918
20754.0,1273214.88786055,212690.620365843,1.0,0.0,
20755.0,1273049.11454839,212732.504461884,3.0,181934.1498249106,12.111400086439557
20756.0,1283172.76230276,260093.430398375,1.0,0.0,
20758.0,1283296.01139088,260088.796542376,1.0,0.0,
20759.0,1274275.17413364,242343.350444198,1.0,0.0,
20762.0,1259595.45840661,245928.391471878,3.0,424.5893646009452,6.051122500912455
20763.0,1269019.63902426,283711.880534559,4.0,676817.8471582138,13.42515745684109
20764.0,1269407.53752066,284703.415639579,5.0,824835.9489290646,13.622939795760626
20765.0,1269315.36152056,284477.877015352,1.0,0.0,
20766.0,1269519.05009677,285056.163287938,1.0,0.0,
20773.0,1278076.19013754,207913.20864895,3.0,1005496.3175506348,13.820991825881459
20775.0,1268529.50091176,280751.993107527,4.0,54430.87667595159,10.904686857783043
20776.0,1277713.68824916,207736.108296767,4.0,541563.7550579789,13.20221607636516
20777.0,1279799.4671953,243669.511469558,3.0,102636.58959998983,11.538949771925237
20778.0,1280513.94316404,243998.50423789,3.0,73898.44643381759,11.21044708416887
20779.0,1280949.33305247,244279.344878182,3.0,52860.047452041,10.87540308585067
20781.0,1278364.67384984,244027.78538993,1.0,0.0,
20782.0,1274573.76837395,242601.613996461,3.0,680152.3292517482,13.430072065670501
20783.0,1276349.60927176,207995.437513024,3.0,281637.5320296149,12.548376175740021
20792.0,1275257.29323864,242266.610412121,1.0,0.0,
20798.0,1274842.79704623,242418.953964278,3.0,120972.8700765514,11.703321585195729
20799.0,1285977.79673763,202681.598019585,3.0,70343.21325717491,11.161141586775535
20800.0,1286170.47449782,202675.58950758,1.0,0.0,
20802.0,1285755.7223694,205611.987846583,3.0,43210.9421306314,10.673849032220602
20803.0,1272454.72369978,250671.477428734,3.0,38914.57024462569,10.569124015894907
20804.0,1279111.49157859,240330.214698136,3.0,112134.64307685662,11.627455598578168
20811.0,1274886.47768627,242900.588140771,3.0,105178.34151408303,11.56341267894603
20812.0,1278173.12402563,257579.15820381,1.0,0.0,
20817.0,1274378.93406975,242140.103083998,1.0,0.0,
20818.0,1295192.52897106,179898.111788258,3.0,64487.41067865614,11.07422530045648
20819.0,1275991.58571939,242865.139372736,3.0,62416.73552743163,11.041588715953978
20820.0,1295200.39770707,180306.36094068,1.0,0.0,
20821.0,1279340.75026684,243639.002989531,3.0,4915.697815083666,8.500188999122802
20822.0,1280528.57138805,242934.743596807,3.0,12647.021378288478,9.445177002262708
20823.0,1280810.51570833,243028.493420899,4.0,641513.6581201414,13.371585753723325
20824.0,1280147.32121165,242744.465772614,3.0,724781.1107738389,13.493624972076933
20825.0,1266818.41643001,242085.079915941,1.0,0.0,
20826.0,1274693.63915807,238614.049128383,1.0,0.0,
20827.0,1277378.17976882,241967.844267815,3.0,68474.8588339427,11.1342219325584
20828.0,1276983.38232842,241785.664491639,1.0,0.0,
20829.0,1276813.97317624,242026.279851884,1.0,0.0,
20830.0,1277259.68984869,242224.35460408,3.0,131011.284170378,11.783038737178739
20832.0,1278330.1440578,243563.045485452,3.0,129700.4817549933,11.772983084676921
20833.0,1269293.41214454,219134.072980434,1.0,0.0,
20834.0,1268863.0494561,225276.99183473,1.0,0.0,
20835.0,1276953.31967239,243497.936685383,3.0,70831.10373992709,11.168053501570306
20836.0,1276603.41784802,243541.520237431,4.0,1080340.015446575,13.892786378669314
20840.0,1276869.4153523,243590.460781485,1.0,0.0,
20841.0,1276400.11410382,242145.422956005,3.0,91922.80236709128,11.428704399080234
20843.0,1273117.08133246,212554.745613694,1.0,0.0,
20844.0,1278327.1637058,243529.334573418,4.0,396012.8734926584,12.889201998528062
20847.0,1276203.44946362,242136.451883987,1.0,0.0,
20849.0,1264783.23153192,211308.056524426,3.0,122109.90459168272,11.712676775495854
20854.0,1265016.75204416,208434.506505474,1.0,0.0,
20856.0,1267234.64555043,241731.730219573,3.0,1020.9649393231064,6.928503478028631
20858.0,1267446.91185465,241564.36637941,4.0,909647.714416865,13.720812676525592
20859.0,1267450.48369466,241717.953387558,3.0,10437.460398355652,9.253156574982395
20860.0,1267082.07927828,241637.84330748,3.0,323420.2755813222,12.686707919216545
20867.0,1263078.84285818,212700.239437848,3.0,21908.011248288887,9.994607659336422
20870.0,1259825.55082284,257037.506747246,3.0,280848.6748876785,12.545571279728613
20872.0,1268893.77841613,224436.24872987004,3.0,385239.0381053737,12.861619298800573
20873.0,1269047.97688028,224177.640345603,4.0,464732.6101564981,13.04921748725372
20874.0,1268741.17406398,224703.696730137,3.0,347542.9128075079,12.758643426456258
20882.0,1281714.08082926,222190.745047569,1.0,0.0,
20884.0,1269339.75550459,223635.560729042,5.0,566360.8303210008,13.246986663463588
20885.0,1269366.83883262,223651.880281061,4.0,80882.43074798706,11.300751907001242
20887.0,1269217.53336047,223917.403993338,4.0,68073.5782630872,11.128344432462866
20888.0,1269185.76241642,223899.044761315,3.0,410341.543747572,12.924745125431295
20891.0,1276849.96588027,270521.608329058,1.0,0.0,
20892.0,1276851.70706429,270539.423945069,3.0,50338.958297190766,10.826534575133733
20895.0,1267097.51294228,227023.572636515,3.0,2260.9513782952818,7.7235409675333795
20900.0,1280738.25471626,218405.605011687,1.0,0.0,
20901.0,1270122.73854539,220816.587670162,3.0,150844.7308364437,11.92400631415576
20902.0,1270349.34276962,220810.762262151,4.0,272330.44921397435,12.514771494716388
20907.0,1270129.55544139,221184.572822541,4.0,171160.06547810996,12.050354453085658
20908.0,1269558.70686482,219842.082069159,3.0,128850.8112524916,11.766410512160743
20912.0,1271169.55435446,232564.74461019,4.0,48815.56250644742,10.795804444822867
20913.0,1271451.99934675,232552.783394173,1.0,0.0,
20914.0,1289637.14272538,190881.322743505,1.0,0.0,
20915.0,1289639.69357337,190883.953655511,1.0,0.0,
20919.0,1269625.44363289,223110.390168503,4.0,563606.321863777,13.242111275877352
20920.0,1263576.66372268,248448.329970449,1.0,0.0,
20925.0,1257508.26147647,247674.117297664,3.0,242172.0212968216,12.397403584422603
20926.0,1256845.89174779,247619.082673609,3.0,314370.91325653536,12.658328820170048
20928.0,1264344.16023546,242044.868395895,3.0,43667.97796689211,10.684370342840449
20931.0,1276973.3502004,203623.721476555,3.0,84778.0,11.347791354158918
20932.0,1276954.77215238,203201.185604125,1.0,0.0,
20934.0,1276962.40005639,203621.602052554,1.0,0.0,
20936.0,1257075.20458002,247596.252337575,1.0,0.0,
20937.0,1257080.31709203,247600.244401589,3.0,56366.40043205205,10.93962852294399
20942.0,1257472.13949244,247508.91947349897,3.0,333754.8403709516,12.718161991575554
20943.0,1277711.55800916,205892.412486881,3.0,60989.34126465467,11.018454394521479
20944.0,1277841.86680929,205969.691526949,1.0,0.0,
20945.0,1277990.04792945,205864.59629485,1.0,0.0,
20946.0,1277710.86149716,205897.78419888,1.0,0.0,
20958.0,1285693.83436933,197215.439997986,3.0,319216.680209259,12.673625399487149
20959.0,1285694.17324933,197204.733693987,1.0,0.0,
20960.0,1269701.76497696,223827.06037724,4.0,116525.37630011576,11.665864350586645
20963.0,1269571.17796883,223752.439129159,4.0,135471.7473188426,11.816518390689302
20964.0,1279481.26610698,233519.672867164,3.0,621524.4287564071,13.339930495284987
20965.0,1280659.53535618,243167.514797047,3.0,1970.521205745669,7.586053358183683
20966.0,1275902.28671131,236091.022373796,1.0,0.0,
20969.0,1279078.76197857,219704.98491701495,3.0,221583.9850947121,12.30855696181551
20970.0,1278951.13458642,219709.119765028,1.0,0.0,
20971.0,1278898.28889038,219730.28110905,1.0,0.0,
20972.0,1272675.09266001,276115.124750778,1.0,0.0,
20973.0,1286244.9776019,198145.125182942,1.0,0.0,
20974.0,1286277.06451394,198144.361022949,3.0,269235.36512801284,12.503341239327883
20975.0,1283031.74156661,268516.294471011,3.0,169542.0,12.040855962718982
20976.0,1283050.19302262,268774.129927263,1.0,0.0,
20977.0,1283021.65497459,268584.82810308,3.0,84777.99999999999,11.347791354158918
20978.0,1283009.40537459,268700.323975191,1.0,0.0,
20979.0,1276356.62731977,219561.341204867,4.0,405181.4331609628,12.912090228887688
20980.0,1279221.38962671,245381.148143306,3.0,3770.86438815747,8.235059534839634
20982.0,1279067.72882655,245373.210159302,3.0,34684.78868207004,10.454056503313312
20983.0,1296970.72654088,178292.573354617,3.0,3345.8684190016743,8.115481555908516
20984.0,1283016.41420659,268591.551879078,1.0,0.0,
20985.0,1285968.51948962,197936.340798736,1.0,0.0,
20986.0,1297190.5115011,178220.96522654602,3.0,144402.50183087145,11.880359830989331
20987.0,1295774.63969165,176988.256041273,1.0,0.0,
20988.0,1285594.80435324,197940.398206741,1.0,0.0,
20989.0,1278805.13721028,245362.492015287,4.0,86394.87982773293,11.366683691783038
20990.0,1285570.2224012,198073.903166875,1.0,0.0,
20991.0,1281903.17759745,230477.026400045,1.0,0.0,
20992.0,1286063.12889771,256349.233466551,1.0,0.0,
20993.0,1280094.3222996,206645.605191648,1.0,0.0,
20994.0,1279546.42969105,206666.809543669,1.0,0.0,
20995.0,1279728.98181923,206657.695047662,3.0,197696.3544053302,12.194487568954951
21005.0,1272618.94353995,223442.944664851,1.0,0.0,
21008.0,1273672.22354102,203988.794884935,1.0,0.0,
21010.0,1284796.87846442,208234.866761282,1.0,0.0,
21011.0,1280240.5204437503,226999.994972497,4.0,190612.0359302438,12.157995415796362
21012.0,1271224.84785852,226054.88821952,3.0,34068.382775811064,10.436125041838661
21016.0,1283028.3781106,270602.513353139,1.0,0.0,
21017.0,1283033.20550261,270761.440905303,3.0,210762.31379929747,12.258486302623643
21021.0,1283135.16300671,270186.281288713,3.0,339285.4755536198,12.734597142763882
21027.0,1283050.09228663,269222.807175726,1.0,0.0,
21029.0,1265333.33770849,282973.138581812,1.0,0.0,
21040.0,1282486.09868605,271683.44001025,3.0,202106.8071160149,12.216551584744405
21043.0,1266898.61572608,285172.673880056,1.0,0.0,
21047.0,1282579.83270214,243548.05636543,3.0,48947.041051237655,10.79849419774011
21048.0,1282637.98188621,244252.277998164,1.0,0.0,
21051.0,1282587.79987015,271645.97095421,3.0,84777.99999999999,11.347791354158918
21063.0,1265354.32842851,283592.549398437,3.0,182634.01516997637,12.115239512215052
21064.0,1283052.15430263,270003.806600526,1.0,0.0,
21066.0,1267131.75601433,282236.060309052,3.0,62801.49533351896,11.047734163216107
21070.0,1282682.36435024,271672.377738237,1.0,0.0,
21071.0,1282686.28953426,271530.709386095,1.0,0.0,
21072.0,1282887.80716646,270196.582088724,1.0,0.0,
21073.0,1282685.53164625,270492.725193024,3.0,78575.76038141423,11.27181853876071
21074.0,1265358.1870525,283828.324182689,1.0,0.0,
21075.0,1266992.95511818,282269.318101093,1.0,0.0,
21085.0,1272950.57899629,260332.938750625,3.0,168405.93309109044,12.034132612302093
21086.0,1272962.19019629,260711.80582301304,3.0,17577.039386206623,9.77434874899133
21087.0,1272968.63870831,261513.84588784,3.0,27521.739065788835,10.222731482848259
21088.0,1273259.0973966,261559.737151876,3.0,3797.3208023391458,8.242051045032401
21089.0,1273614.49272497,261559.796223879,3.0,40413.866393817385,10.60692823262987
21090.0,1273419.25362076,261560.604927883,3.0,9471.892887237973,9.15608404870237
21091.0,1272954.37688428,261864.691648185,4.0,95744.2778883694,11.469436144300158
21092.0,1273268.17976461,260713.976063013,3.0,80673.31460824468,11.298163125573891
21093.0,1273321.24888466,261158.420415476,3.0,43918.36271045649,10.690087796582718
21094.0,1272993.15864433,261854.86713618,1.0,0.0,
21095.0,1272471.8867078,260623.68390291897,3.0,205295.9076468397,12.232207669281022
21096.0,1272657.65080398,260636.270526931,3.0,57208.88611537005,10.954464516969377
21097.0,1272467.54654779,261388.874687701,3.0,244423.89401020447,12.406659267499993
21098.0,1272667.19934799,261386.270655707,3.0,166199.96658477167,12.020946960349143
21099.0,1272663.32600398,261549.92025587,3.0,107225.86951833722,11.582692818639561
21100.0,1272464.49765179,260737.319551036,3.0,299305.935154857,12.60922152376398
21102.0,1279775.53093928,245738.232047677,3.0,109415.64549174378,11.602909170552334
21104.0,1282592.39110216,273152.371787757,3.0,139260.74105335487,11.844103289847846
21105.0,1282782.44780636,273150.107723743,3.0,103412.56012637,11.546481704920922
21106.0,1282704.94367827,272881.675467476,1.0,0.0,
21110.0,1282589.58796616,272883.26503548,1.0,0.0,
21116.0,1274422.53240579,212048.540621176,1.0,0.0,
21125.0,1272890.21624422,241945.531627789,1.0,0.0,
21126.0,1286179.31929784,244512.120046422,4.0,66664.11460823753,11.107422075252895
21127.0,1286437.71705809,244499.956974417,4.0,55835.25208156528,10.930160706628639
21128.0,1286688.58502635,244495.182702407,4.0,42436.02597402598,10.655752949654241
21129.0,1286716.62400238,245169.251247093,1.0,0.0,
21131.0,1286733.6321304,243808.437037706,1.0,0.0,
21135.0,1259037.60816604,259745.764414027,1.0,0.0,
21136.0,1271800.58917111,238193.802279949,1.0,0.0,
21140.0,1275306.46635869,237192.124134928,1.0,0.0,
21155.0,1266374.76471755,212026.24961315104,3.0,38434.01681714366,10.556698201051304
21156.0,1266363.83396554,211971.127373099,3.0,47369.20551721872,10.765727623921938
21174.0,1259354.82506236,257741.778939977,1.0,0.0,
21176.0,1274574.45176595,230086.196127653,4.0,173600.15216684723,12.064509957745141
21177.0,1274866.60965425,230083.436255649,4.0,155013.208600617,11.951265609048814
21180.0,1285614.05632125,257910.181820139,1.0,0.0,
21186.0,1265560.33201271,212266.812109411,1.0,0.0,
21187.0,1279763.97317927,217902.94619517,3.0,67065.85468545009,11.113430321390526
21189.0,1281140.35334067,211893.813901022,4.0,151635.229905447,11.929233112431772
21190.0,1277794.84063324,217414.730322674,3.0,154653.06452460156,11.948939593788863
21193.0,1292065.37901586,251565.708917648,1.0,0.0,
21194.0,1289087.34989281,191264.676983893,1.0,0.0,
21195.0,1280496.12921201,212236.568781376,3.0,83149.9193250357,11.328400514386516
21196.0,1279758.09298725,236702.279014423,1.0,0.0,
21201.0,1281663.11308521,268500.318470985,3.0,3815.430039136305,8.246808660599402
