Source,Target,Weight
3.0,4109.0,1.0
3.0,13119.0,1.0
3.0,10396.0,1.0
6.0,1093.0,1.0
6.0,16810.0,1.0
6.0,10830.0,1.0
7.0,12988.0,1.0
7.0,12409.0,1.0
12.0,17521.0,1.0
12.0,2838.0,1.0
14.0,15.0,1.0
14.0,9888.0,1.0
14.0,11211.0,1.0
14.0,142.0,1.0
15.0,8452.0,1.0
15.0,320.0,1.0
15.0,17711.0,1.0
16.0,17.0,1.0
16.0,1124.0,1.0
16.0,12835.0,1.0
17.0,1383.0,1.0
17.0,12614.0,1.0
17.0,13006.0,1.0
17.0,10535.0,1.0
18.0,19.0,1.0
18.0,8647.0,1.0
18.0,4712.0,1.0
18.0,11721.0,1.0
19.0,13874.0,1.0
19.0,8654.0,1.0
20.0,21.0,1.0
21.0,7431.0,1.0
21.0,1761.0,1.0
21.0,6619.0,1.0
24.0,1496.0,1.0
24.0,1091.0,1.0
24.0,12626.0,1.0
26.0,27.0,1.0
26.0,2591.0,1.0
26.0,5323.0,1.0
27.0,6251.0,1.0
27.0,10511.0,1.0
34.0,35.0,1.0
34.0,4893.0,1.0
34.0,16680.0,1.0
35.0,8296.0,1.0
35.0,2585.0,1.0
35.0,11357.0,1.0
38.0,39.0,1.0
38.0,1694.0,1.0
38.0,2226.0,1.0
38.0,10799.0,1.0
39.0,4128.0,1.0
39.0,13239.0,1.0
39.0,8304.0,1.0
40.0,41.0,1.0
40.0,6330.0,1.0
40.0,1738.0,1.0
41.0,6331.0,1.0
41.0,1570.0,1.0
44.0,45.0,1.0
44.0,10398.0,1.0
44.0,11303.0,1.0
45.0,6872.0,1.0
45.0,19264.0,1.0
46.0,47.0,1.0
46.0,8244.0,1.0
46.0,12730.0,1.0
46.0,11474.0,1.0
47.0,3469.0,1.0
47.0,10188.0,1.0
47.0,11740.0,1.0
48.0,49.0,1.0
48.0,2947.0,1.0
48.0,5455.0,1.0
49.0,11348.0,1.0
49.0,5837.0,1.0
50.0,51.0,1.0
50.0,3357.0,1.0
50.0,6990.0,1.0
50.0,16762.0,1.0
51.0,11672.0,1.0
51.0,17513.0,1.0
51.0,17520.0,1.0
52.0,53.0,1.0
52.0,4611.0,1.0
52.0,5507.0,1.0
52.0,14166.0,1.0
53.0,1504.0,1.0
53.0,8687.0,1.0
53.0,1186.0,1.0
54.0,7278.0,1.0
55.0,56.0,1.0
55.0,818.0,1.0
55.0,10822.0,1.0
56.0,14115.0,1.0
56.0,12698.0,1.0
59.0,60.0,1.0
59.0,129.0,1.0
59.0,1588.0,1.0
59.0,6008.0,1.0
60.0,3482.0,1.0
60.0,6661.0,1.0
60.0,1587.0,1.0
71.0,72.0,1.0
71.0,13303.0,1.0
71.0,12609.0,1.0
72.0,14781.0,1.0
72.0,14158.0,1.0
75.0,76.0,1.0
75.0,5227.0,1.0
75.0,13560.0,1.0
75.0,14818.0,1.0
76.0,1602.0,1.0
76.0,7024.0,1.0
76.0,13976.0,1.0
77.0,78.0,1.0
77.0,17729.0,1.0
77.0,3171.0,1.0
78.0,1145.0,1.0
78.0,7383.0,1.0
79.0,80.0,1.0
79.0,5637.0,1.0
79.0,11736.0,1.0
80.0,14289.0,1.0
81.0,82.0,1.0
81.0,2570.0,1.0
81.0,10684.0,1.0
81.0,6838.0,1.0
82.0,2869.0,1.0
82.0,9392.0,1.0
82.0,2541.0,1.0
83.0,84.0,1.0
83.0,9758.0,1.0
83.0,3030.0,1.0
83.0,8165.0,1.0
83.0,3029.0,1.0
84.0,2044.0,1.0
84.0,6434.0,1.0
85.0,86.0,1.0
85.0,4675.0,1.0
85.0,10354.0,1.0
85.0,3041.0,1.0
86.0,8303.0,1.0
86.0,7795.0,1.0
86.0,11734.0,1.0
87.0,88.0,1.0
87.0,1574.0,1.0
87.0,7441.0,1.0
87.0,4794.0,1.0
88.0,3543.0,1.0
88.0,8373.0,1.0
91.0,92.0,1.0
91.0,738.0,1.0
91.0,3441.0,1.0
92.0,738.0,1.0
92.0,14216.0,1.0
97.0,98.0,1.0
97.0,4522.0,1.0
97.0,10847.0,1.0
98.0,6072.0,1.0
98.0,11901.0,1.0
98.0,16131.0,1.0
99.0,100.0,1.0
99.0,3541.0,1.0
99.0,600.0,1.0
101.0,102.0,1.0
101.0,3828.0,1.0
101.0,11863.0,1.0
102.0,3828.0,1.0
102.0,20122.0,1.0
105.0,106.0,1.0
105.0,8294.0,1.0
105.0,12625.0,1.0
111.0,112.0,1.0
112.0,4683.0,1.0
112.0,8527.0,1.0
112.0,17185.0,1.0
113.0,114.0,1.0
113.0,8569.0,1.0
113.0,2935.0,1.0
113.0,2349.0,1.0
114.0,2936.0,1.0
114.0,2350.0,1.0
115.0,116.0,1.0
115.0,4305.0,1.0
115.0,6931.0,1.0
115.0,8168.0,1.0
116.0,9716.0,1.0
116.0,9901.0,1.0
116.0,9385.0,1.0
117.0,1818.0,1.0
129.0,6008.0,1.0
129.0,9520.0,1.0
129.0,8191.0,1.0
132.0,133.0,1.0
132.0,1801.0,1.0
132.0,16499.0,1.0
132.0,5128.0,1.0
133.0,1447.0,1.0
133.0,11598.0,1.0
136.0,2481.0,1.0
136.0,542.0,1.0
136.0,3562.0,1.0
141.0,142.0,1.0
141.0,11211.0,1.0
141.0,9519.0,1.0
142.0,10745.0,1.0
143.0,144.0,1.0
143.0,1729.0,1.0
143.0,15640.0,1.0
144.0,1730.0,1.0
149.0,150.0,1.0
149.0,7334.0,1.0
149.0,10141.0,1.0
150.0,3388.0,1.0
150.0,1689.0,1.0
156.0,157.0,1.0
156.0,12321.0,1.0
156.0,6864.0,1.0
157.0,4764.0,1.0
157.0,6213.0,1.0
161.0,162.0,1.0
161.0,5924.0,1.0
161.0,9090.0,1.0
161.0,12820.0,1.0
162.0,13187.0,1.0
162.0,1573.0,1.0
162.0,12820.0,1.0
163.0,164.0,1.0
163.0,2390.0,1.0
163.0,9167.0,1.0
163.0,7920.0,1.0
164.0,5475.0,1.0
164.0,13487.0,1.0
164.0,13213.0,1.0
169.0,170.0,1.0
169.0,5228.0,1.0
169.0,6056.0,1.0
169.0,10411.0,1.0
170.0,6870.0,1.0
170.0,14161.0,1.0
170.0,8657.0,1.0
173.0,174.0,1.0
173.0,1549.0,1.0
173.0,6755.0,1.0
173.0,16802.0,1.0
174.0,8167.0,1.0
174.0,9934.0,1.0
174.0,733.0,1.0
178.0,5125.0,1.0
178.0,9141.0,1.0
178.0,5351.0,1.0
181.0,182.0,1.0
181.0,8362.0,1.0
181.0,8343.0,1.0
181.0,16656.0,1.0
182.0,8473.0,1.0
182.0,16737.0,1.0
185.0,186.0,1.0
185.0,3200.0,1.0
185.0,7052.0,1.0
186.0,11227.0,1.0
187.0,188.0,1.0
187.0,2566.0,1.0
187.0,11702.0,1.0
187.0,14006.0,1.0
188.0,12273.0,1.0
188.0,10577.0,1.0
188.0,13359.0,1.0
189.0,190.0,1.0
189.0,3085.0,1.0
189.0,3866.0,1.0
189.0,1061.0,1.0
194.0,5351.0,1.0
194.0,1091.0,1.0
194.0,2614.0,1.0
198.0,199.0,1.0
198.0,13066.0,1.0
198.0,10685.0,1.0
198.0,19476.0,1.0
199.0,13091.0,1.0
199.0,21101.0,1.0
204.0,205.0,1.0
204.0,702.0,1.0
204.0,10308.0,1.0
204.0,14961.0,1.0
205.0,3631.0,1.0
205.0,10811.0,1.0
205.0,14604.0,1.0
206.0,207.0,1.0
206.0,4261.0,1.0
206.0,6545.0,1.0
206.0,8699.0,1.0
207.0,2576.0,1.0
207.0,5623.0,1.0
207.0,4262.0,1.0
208.0,209.0,1.0
208.0,7015.0,1.0
208.0,14380.0,1.0
208.0,4134.0,1.0
209.0,4213.0,1.0
209.0,5356.0,1.0
210.0,211.0,1.0
210.0,6083.0,1.0
210.0,6654.0,1.0
211.0,5893.0,1.0
211.0,6655.0,1.0
212.0,213.0,1.0
212.0,2304.0,1.0
212.0,16534.0,1.0
213.0,3119.0,1.0
213.0,694.0,1.0
215.0,216.0,1.0
215.0,2152.0,1.0
215.0,7793.0,1.0
215.0,8576.0,1.0
219.0,220.0,1.0
219.0,1378.0,1.0
219.0,4694.0,1.0
220.0,11840.0,1.0
220.0,12928.0,1.0
220.0,16912.0,1.0
221.0,222.0,1.0
221.0,6161.0,1.0
221.0,1306.0,1.0
221.0,6369.0,1.0
222.0,1036.0,1.0
222.0,1076.0,1.0
222.0,4721.0,1.0
225.0,226.0,1.0
225.0,15714.0,1.0
225.0,13261.0,1.0
226.0,7302.0,1.0
226.0,9157.0,1.0
227.0,228.0,1.0
227.0,7212.0,1.0
227.0,1185.0,1.0
227.0,6182.0,1.0
228.0,3449.0,1.0
228.0,5276.0,1.0
228.0,6774.0,1.0
231.0,232.0,1.0
231.0,888.0,1.0
231.0,1649.0,1.0
232.0,3381.0,1.0
232.0,9561.0,1.0
232.0,13169.0,1.0
237.0,238.0,1.0
237.0,11377.0,1.0
237.0,10145.0,1.0
238.0,19073.0,1.0
238.0,8525.0,1.0
238.0,1672.0,1.0
239.0,240.0,1.0
240.0,18164.0,1.0
240.0,16588.0,1.0
241.0,242.0,1.0
241.0,14811.0,1.0
241.0,2955.0,1.0
242.0,12988.0,1.0
242.0,12100.0,1.0
243.0,244.0,1.0
243.0,6274.0,1.0
243.0,6607.0,1.0
244.0,2319.0,1.0
244.0,2204.0,1.0
245.0,13799.0,1.0
245.0,20969.0,1.0
245.0,7794.0,1.0
248.0,249.0,1.0
248.0,8898.0,1.0
248.0,4502.0,1.0
248.0,10999.0,1.0
249.0,8761.0,1.0
249.0,12437.0,1.0
250.0,251.0,1.0
250.0,7816.0,1.0
250.0,4109.0,1.0
250.0,8581.0,1.0
251.0,3803.0,1.0
251.0,4675.0,1.0
251.0,10354.0,1.0
252.0,253.0,1.0
252.0,784.0,1.0
252.0,8933.0,1.0
253.0,4935.0,1.0
253.0,6957.0,1.0
253.0,9075.0,1.0
253.0,5193.0,1.0
254.0,255.0,1.0
254.0,7428.0,1.0
254.0,9093.0,1.0
254.0,3134.0,1.0
255.0,7852.0,1.0
255.0,13087.0,1.0
256.0,257.0,1.0
256.0,6562.0,1.0
256.0,7000.0,1.0
257.0,324.0,1.0
257.0,6159.0,1.0
257.0,4722.0,1.0
258.0,259.0,1.0
258.0,3649.0,1.0
258.0,16631.0,1.0
258.0,16769.0,1.0
259.0,1213.0,1.0
259.0,11414.0,1.0
264.0,3890.0,1.0
264.0,1883.0,1.0
264.0,813.0,1.0
273.0,274.0,1.0
273.0,3503.0,1.0
273.0,6082.0,1.0
273.0,12267.0,1.0
274.0,6500.0,1.0
274.0,8212.0,1.0
274.0,13798.0,1.0
281.0,282.0,1.0
281.0,7627.0,1.0
281.0,3373.0,1.0
281.0,19427.0,1.0
282.0,722.0,1.0
282.0,19426.0,1.0
284.0,285.0,1.0
284.0,6711.0,1.0
284.0,8615.0,1.0
285.0,7334.0,1.0
285.0,3016.0,1.0
286.0,287.0,1.0
286.0,6046.0,1.0
286.0,6206.0,1.0
287.0,11918.0,1.0
287.0,6047.0,1.0
287.0,16711.0,1.0
290.0,291.0,1.0
290.0,9529.0,1.0
290.0,10119.0,1.0
291.0,5379.0,1.0
291.0,8344.0,1.0
298.0,299.0,1.0
298.0,4705.0,1.0
298.0,12710.0,1.0
299.0,7274.0,1.0
299.0,3813.0,1.0
306.0,307.0,1.0
307.0,4884.0,1.0
307.0,2766.0,1.0
308.0,309.0,1.0
308.0,10182.0,1.0
308.0,466.0,1.0
308.0,15538.0,1.0
314.0,315.0,1.0
314.0,3155.0,1.0
314.0,3153.0,1.0
314.0,3547.0,1.0
315.0,13657.0,1.0
315.0,4188.0,1.0
315.0,3021.0,1.0
320.0,321.0,1.0
320.0,3472.0,1.0
320.0,16676.0,1.0
321.0,14141.0,1.0
321.0,3473.0,1.0
322.0,323.0,1.0
322.0,440.0,1.0
322.0,6275.0,1.0
323.0,4138.0,1.0
323.0,5824.0,1.0
323.0,14062.0,1.0
324.0,5306.0,1.0
324.0,3845.0,1.0
324.0,8836.0,1.0
327.0,6043.0,1.0
327.0,13328.0,1.0
329.0,330.0,1.0
329.0,5837.0,1.0
329.0,11348.0,1.0
329.0,16371.0,1.0
330.0,7011.0,1.0
330.0,8791.0,1.0
330.0,12095.0,1.0
331.0,9890.0,1.0
331.0,2921.0,1.0
331.0,14237.0,1.0
331.0,12702.0,1.0
332.0,333.0,1.0
332.0,11803.0,1.0
332.0,1564.0,1.0
333.0,5417.0,1.0
333.0,6408.0,1.0
346.0,347.0,1.0
346.0,3894.0,1.0
346.0,3723.0,1.0
347.0,1837.0,1.0
347.0,15810.0,1.0
352.0,353.0,1.0
352.0,5235.0,1.0
352.0,7828.0,1.0
352.0,17700.0,1.0
353.0,891.0,1.0
353.0,13058.0,1.0
353.0,4735.0,1.0
355.0,13776.0,1.0
355.0,16897.0,1.0
358.0,359.0,1.0
358.0,5184.0,1.0
358.0,11757.0,1.0
359.0,5523.0,1.0
359.0,7244.0,1.0
359.0,11758.0,1.0
360.0,361.0,1.0
360.0,6675.0,1.0
360.0,8770.0,1.0
360.0,4446.0,1.0
361.0,2762.0,1.0
361.0,2879.0,1.0
361.0,11536.0,1.0
362.0,363.0,1.0
362.0,12120.0,1.0
362.0,13987.0,1.0
363.0,7459.0,1.0
363.0,9389.0,1.0
364.0,365.0,1.0
364.0,6310.0,1.0
364.0,11833.0,1.0
364.0,2040.0,1.0
365.0,1675.0,1.0
365.0,8037.0,1.0
373.0,374.0,1.0
373.0,7914.0,1.0
373.0,9307.0,1.0
373.0,14286.0,1.0
374.0,805.0,1.0
374.0,4920.0,1.0
374.0,7260.0,1.0
375.0,376.0,1.0
375.0,7388.0,1.0
375.0,6876.0,1.0
375.0,5394.0,1.0
376.0,14524.0,1.0
376.0,13567.0,1.0
376.0,12104.0,1.0
379.0,2067.0,1.0
379.0,11376.0,1.0
379.0,4107.0,1.0
380.0,381.0,1.0
380.0,5758.0,1.0
380.0,7271.0,1.0
380.0,10576.0,1.0
381.0,7864.0,1.0
381.0,14774.0,1.0
381.0,1998.0,1.0
392.0,393.0,1.0
392.0,7840.0,1.0
392.0,4592.0,1.0
392.0,17871.0,1.0
394.0,3933.0,1.0
394.0,11795.0,1.0
398.0,4306.0,1.0
398.0,3714.0,1.0
402.0,403.0,1.0
402.0,3492.0,1.0
402.0,8087.0,1.0
403.0,3281.0,1.0
403.0,6700.0,1.0
406.0,407.0,1.0
406.0,2074.0,1.0
406.0,19013.0,1.0
407.0,2074.0,1.0
407.0,6584.0,1.0
407.0,1543.0,1.0
411.0,412.0,1.0
411.0,16965.0,1.0
411.0,19997.0,1.0
412.0,887.0,1.0
412.0,2243.0,1.0
412.0,697.0,1.0
413.0,414.0,1.0
413.0,1183.0,1.0
413.0,5720.0,1.0
413.0,13817.0,1.0
414.0,6711.0,1.0
414.0,10331.0,1.0
414.0,3016.0,1.0
422.0,423.0,1.0
422.0,8125.0,1.0
422.0,16422.0,1.0
422.0,15540.0,1.0
423.0,1601.0,1.0
423.0,10795.0,1.0
423.0,6587.0,1.0
425.0,426.0,1.0
425.0,456.0,1.0
425.0,10297.0,1.0
432.0,433.0,1.0
433.0,1442.0,1.0
433.0,4116.0,1.0
438.0,439.0,1.0
439.0,12529.0,1.0
439.0,7425.0,1.0
440.0,7295.0,1.0
440.0,2927.0,1.0
441.0,8465.0,1.0
442.0,443.0,1.0
442.0,5695.0,1.0
442.0,5947.0,1.0
442.0,3914.0,1.0
443.0,3528.0,1.0
443.0,3266.0,1.0
443.0,3914.0,1.0
444.0,445.0,1.0
444.0,3504.0,1.0
444.0,8861.0,1.0
444.0,13194.0,1.0
445.0,8315.0,1.0
445.0,3505.0,1.0
445.0,13941.0,1.0
446.0,447.0,1.0
446.0,17059.0,1.0
446.0,20408.0,1.0
447.0,12426.0,1.0
447.0,14693.0,1.0
454.0,455.0,1.0
454.0,12519.0,1.0
454.0,14197.0,1.0
454.0,13598.0,1.0
454.0,8786.0,1.0
455.0,4156.0,1.0
455.0,14778.0,1.0
456.0,837.0,1.0
456.0,12018.0,1.0
456.0,20179.0,1.0
459.0,460.0,1.0
459.0,2326.0,1.0
459.0,2327.0,1.0
460.0,3908.0,1.0
460.0,2987.0,1.0
465.0,466.0,1.0
465.0,1094.0,1.0
465.0,11238.0,1.0
465.0,16691.0,1.0
465.0,5953.0,1.0
466.0,9935.0,1.0
466.0,13226.0,1.0
469.0,470.0,1.0
469.0,1085.0,1.0
469.0,1734.0,1.0
470.0,11474.0,1.0
470.0,3438.0,1.0
470.0,8244.0,1.0
471.0,472.0,1.0
471.0,3420.0,1.0
471.0,13286.0,1.0
471.0,17864.0,1.0
472.0,4452.0,1.0
472.0,4736.0,1.0
472.0,3743.0,1.0
479.0,480.0,1.0
479.0,7098.0,1.0
479.0,17261.0,1.0
480.0,658.0,1.0
480.0,4522.0,1.0
480.0,5021.0,1.0
496.0,497.0,1.0
496.0,3147.0,1.0
496.0,9118.0,1.0
496.0,4341.0,1.0
496.0,2674.0,1.0
496.0,11177.0,1.0
497.0,4153.0,1.0
497.0,9289.0,1.0
497.0,9178.0,1.0
498.0,499.0,1.0
498.0,1882.0,1.0
498.0,13484.0,1.0
498.0,2667.0,1.0
499.0,7823.0,1.0
499.0,2668.0,1.0
500.0,501.0,1.0
500.0,3760.0,1.0
500.0,14462.0,1.0
501.0,12876.0,1.0
501.0,11498.0,1.0
501.0,11251.0,1.0
502.0,503.0,1.0
502.0,5798.0,1.0
502.0,5352.0,1.0
503.0,16510.0,1.0
503.0,5353.0,1.0
503.0,6376.0,1.0
505.0,9519.0,1.0
505.0,15991.0,1.0
506.0,507.0,1.0
506.0,5714.0,1.0
506.0,12915.0,1.0
506.0,8079.0,1.0
507.0,8080.0,1.0
507.0,18143.0,1.0
507.0,16805.0,1.0
508.0,509.0,1.0
508.0,2070.0,1.0
508.0,6699.0,1.0
509.0,10225.0,1.0
509.0,12001.0,1.0
512.0,513.0,1.0
512.0,4269.0,1.0
512.0,685.0,1.0
512.0,13190.0,1.0
513.0,8125.0,1.0
513.0,686.0,1.0
513.0,16422.0,1.0
516.0,517.0,1.0
517.0,18359.0,1.0
517.0,5802.0,1.0
525.0,526.0,1.0
525.0,2725.0,1.0
525.0,2273.0,1.0
526.0,8490.0,1.0
526.0,7621.0,1.0
526.0,15092.0,1.0
536.0,537.0,1.0
536.0,8842.0,1.0
536.0,10614.0,1.0
537.0,3268.0,1.0
537.0,8842.0,1.0
538.0,539.0,1.0
538.0,14662.0,1.0
538.0,15987.0,1.0
539.0,9737.0,1.0
539.0,17182.0,1.0
540.0,541.0,1.0
540.0,14742.0,1.0
540.0,6872.0,1.0
541.0,9866.0,1.0
541.0,11303.0,1.0
542.0,543.0,1.0
542.0,13974.0,1.0
542.0,7266.0,1.0
543.0,2481.0,1.0
543.0,13560.0,1.0
543.0,7267.0,1.0
548.0,4248.0,1.0
548.0,12805.0,1.0
564.0,2256.0,1.0
564.0,10476.0,1.0
564.0,1727.0,1.0
564.0,1201.0,1.0
565.0,566.0,1.0
566.0,7436.0,1.0
566.0,7798.0,1.0
566.0,1321.0,1.0
567.0,568.0,1.0
567.0,12555.0,1.0
567.0,16148.0,1.0
571.0,572.0,1.0
571.0,16357.0,1.0
571.0,2422.0,1.0
572.0,13903.0,1.0
572.0,12836.0,1.0
572.0,11897.0,1.0
575.0,576.0,1.0
576.0,6864.0,1.0
576.0,6854.0,1.0
577.0,578.0,1.0
577.0,4492.0,1.0
577.0,14373.0,1.0
578.0,10503.0,1.0
581.0,582.0,1.0
582.0,5803.0,1.0
582.0,12881.0,1.0
587.0,588.0,1.0
588.0,12519.0,1.0
588.0,3440.0,1.0
588.0,14197.0,1.0
591.0,592.0,1.0
591.0,725.0,1.0
591.0,794.0,1.0
591.0,10973.0,1.0
592.0,7005.0,1.0
592.0,12556.0,1.0
592.0,15428.0,1.0
594.0,7163.0,1.0
594.0,779.0,1.0
594.0,1937.0,1.0
594.0,2903.0,1.0
595.0,596.0,1.0
596.0,4940.0,1.0
596.0,8005.0,1.0
596.0,17001.0,1.0
600.0,601.0,1.0
600.0,12389.0,1.0
600.0,16049.0,1.0
601.0,5089.0,1.0
601.0,5919.0,1.0
602.0,603.0,1.0
602.0,671.0,1.0
602.0,9217.0,1.0
602.0,11233.0,1.0
603.0,2987.0,1.0
603.0,11233.0,1.0
608.0,609.0,1.0
608.0,3494.0,1.0
608.0,13418.0,1.0
609.0,1915.0,1.0
609.0,5608.0,1.0
609.0,12337.0,1.0
610.0,611.0,1.0
610.0,4180.0,1.0
610.0,6286.0,1.0
610.0,7407.0,1.0
612.0,613.0,1.0
612.0,1869.0,1.0
612.0,10077.0,1.0
612.0,20437.0,1.0
613.0,2400.0,1.0
613.0,10078.0,1.0
614.0,615.0,1.0
614.0,6349.0,1.0
614.0,3930.0,1.0
615.0,9538.0,1.0
615.0,19621.0,1.0
616.0,617.0,1.0
616.0,12538.0,1.0
616.0,5690.0,1.0
617.0,861.0,1.0
617.0,12243.0,1.0
617.0,10991.0,1.0
618.0,619.0,1.0
618.0,15563.0,1.0
618.0,19033.0,1.0
619.0,11729.0,1.0
619.0,17455.0,1.0
624.0,625.0,1.0
624.0,14612.0,1.0
624.0,13193.0,1.0
625.0,4899.0,1.0
625.0,7728.0,1.0
626.0,627.0,1.0
626.0,8152.0,1.0
626.0,13937.0,1.0
626.0,3427.0,1.0
627.0,13669.0,1.0
627.0,13313.0,1.0
627.0,12002.0,1.0
628.0,629.0,1.0
628.0,7593.0,1.0
628.0,16898.0,1.0
628.0,20388.0,1.0
629.0,9518.0,1.0
629.0,9095.0,1.0
630.0,631.0,1.0
630.0,1409.0,1.0
630.0,10697.0,1.0
630.0,1518.0,1.0
631.0,6507.0,1.0
631.0,12673.0,1.0
631.0,16412.0,1.0
632.0,633.0,1.0
632.0,6093.0,1.0
632.0,13951.0,1.0
633.0,4376.0,1.0
633.0,10919.0,1.0
633.0,11126.0,1.0
634.0,635.0,1.0
635.0,9521.0,1.0
635.0,853.0,1.0
640.0,641.0,1.0
640.0,5531.0,1.0
640.0,8408.0,1.0
640.0,12792.0,1.0
641.0,8884.0,1.0
641.0,14051.0,1.0
641.0,16956.0,1.0
649.0,650.0,1.0
649.0,741.0,1.0
649.0,13290.0,1.0
650.0,5065.0,1.0
650.0,3972.0,1.0
653.0,654.0,1.0
653.0,12018.0,1.0
653.0,726.0,1.0
654.0,727.0,1.0
654.0,5801.0,1.0
655.0,656.0,1.0
656.0,4071.0,1.0
656.0,17454.0,1.0
656.0,16113.0,1.0
657.0,3887.0,1.0
657.0,15052.0,1.0
657.0,12315.0,1.0
657.0,6966.0,1.0
658.0,17261.0,1.0
658.0,11950.0,1.0
658.0,5427.0,1.0
663.0,664.0,1.0
663.0,6731.0,1.0
663.0,4335.0,1.0
663.0,6954.0,1.0
665.0,666.0,1.0
665.0,7707.0,1.0
665.0,10785.0,1.0
666.0,11694.0,1.0
666.0,21073.0,1.0
667.0,668.0,1.0
667.0,14110.0,1.0
667.0,15760.0,1.0
667.0,11800.0,1.0
668.0,7498.0,1.0
668.0,9079.0,1.0
668.0,5318.0,1.0
671.0,672.0,1.0
671.0,8020.0,1.0
672.0,11133.0,1.0
672.0,11779.0,1.0
683.0,684.0,1.0
683.0,17312.0,1.0
683.0,1529.0,1.0
685.0,686.0,1.0
685.0,3559.0,1.0
685.0,12013.0,1.0
686.0,6703.0,1.0
686.0,13606.0,1.0
687.0,688.0,1.0
687.0,3663.0,1.0
687.0,4476.0,1.0
687.0,8998.0,1.0
688.0,4147.0,1.0
688.0,7287.0,1.0
688.0,8395.0,1.0
691.0,692.0,1.0
691.0,5543.0,1.0
691.0,17289.0,1.0
691.0,16524.0,1.0
692.0,5222.0,1.0
692.0,11656.0,1.0
692.0,2760.0,1.0
693.0,694.0,1.0
693.0,5848.0,1.0
693.0,11112.0,1.0
694.0,1806.0,1.0
697.0,13502.0,1.0
697.0,2864.0,1.0
697.0,9343.0,1.0
698.0,699.0,1.0
698.0,1144.0,1.0
698.0,8403.0,1.0
698.0,13736.0,1.0
699.0,9402.0,1.0
699.0,12714.0,1.0
699.0,1230.0,1.0
700.0,701.0,1.0
700.0,8320.0,1.0
700.0,6746.0,1.0
700.0,10122.0,1.0
701.0,8553.0,1.0
701.0,13068.0,1.0
706.0,707.0,1.0
706.0,14345.0,1.0
706.0,19091.0,1.0
707.0,14345.0,1.0
712.0,6715.0,1.0
712.0,2538.0,1.0
717.0,718.0,1.0
717.0,12534.0,1.0
717.0,6937.0,1.0
717.0,9426.0,1.0
718.0,6539.0,1.0
718.0,4139.0,1.0
718.0,9284.0,1.0
719.0,5922.0,1.0
722.0,7627.0,1.0
722.0,7313.0,1.0
722.0,11851.0,1.0
723.0,724.0,1.0
723.0,8247.0,1.0
723.0,13090.0,1.0
723.0,13346.0,1.0
724.0,11165.0,1.0
725.0,2220.0,1.0
725.0,12556.0,1.0
726.0,727.0,1.0
726.0,4725.0,1.0
727.0,10580.0,1.0
730.0,14432.0,1.0
730.0,19388.0,1.0
733.0,16802.0,1.0
733.0,17069.0,1.0
736.0,737.0,1.0
736.0,5876.0,1.0
736.0,8894.0,1.0
738.0,3289.0,1.0
739.0,740.0,1.0
739.0,9262.0,1.0
739.0,16526.0,1.0
739.0,7922.0,1.0
740.0,5442.0,1.0
740.0,2128.0,1.0
740.0,10901.0,1.0
741.0,10969.0,1.0
741.0,20234.0,1.0
742.0,743.0,1.0
742.0,8920.0,1.0
742.0,19491.0,1.0
743.0,9477.0,1.0
743.0,8920.0,1.0
751.0,752.0,1.0
751.0,11701.0,1.0
751.0,3196.0,1.0
752.0,4034.0,1.0
752.0,7405.0,1.0
752.0,5833.0,1.0
755.0,756.0,1.0
755.0,6624.0,1.0
755.0,9789.0,1.0
755.0,10821.0,1.0
756.0,4993.0,1.0
756.0,11143.0,1.0
756.0,12066.0,1.0
757.0,758.0,1.0
757.0,2908.0,1.0
757.0,13686.0,1.0
757.0,17230.0,1.0
758.0,7623.0,1.0
758.0,9425.0,1.0
759.0,760.0,1.0
759.0,3603.0,1.0
759.0,11731.0,1.0
759.0,14058.0,1.0
760.0,10300.0,1.0
760.0,11383.0,1.0
760.0,5943.0,1.0
764.0,765.0,1.0
764.0,774.0,1.0
764.0,10608.0,1.0
766.0,10326.0,1.0
766.0,1081.0,1.0
766.0,9805.0,1.0
768.0,769.0,1.0
768.0,1011.0,1.0
768.0,1236.0,1.0
768.0,5626.0,1.0
769.0,12606.0,1.0
769.0,1237.0,1.0
772.0,874.0,1.0
772.0,6541.0,1.0
772.0,6813.0,1.0
774.0,1896.0,1.0
774.0,14757.0,1.0
779.0,780.0,1.0
779.0,2634.0,1.0
780.0,7330.0,1.0
780.0,12669.0,1.0
780.0,7593.0,1.0
783.0,784.0,1.0
783.0,8609.0,1.0
783.0,9514.0,1.0
784.0,5193.0,1.0
786.0,787.0,1.0
786.0,2305.0,1.0
786.0,16562.0,1.0
786.0,13759.0,1.0
787.0,2934.0,1.0
787.0,9971.0,1.0
787.0,1349.0,1.0
790.0,791.0,1.0
790.0,5342.0,1.0
790.0,5978.0,1.0
790.0,8050.0,1.0
791.0,1649.0,1.0
791.0,8051.0,1.0
794.0,10810.0,1.0
798.0,799.0,1.0
798.0,3463.0,1.0
798.0,5176.0,1.0
799.0,7329.0,1.0
799.0,11491.0,1.0
800.0,2543.0,1.0
800.0,3231.0,1.0
800.0,13160.0,1.0
801.0,802.0,1.0
801.0,4829.0,1.0
801.0,7866.0,1.0
801.0,8201.0,1.0
802.0,5931.0,1.0
802.0,13593.0,1.0
802.0,14731.0,1.0
804.0,7244.0,1.0
804.0,10827.0,1.0
805.0,806.0,1.0
805.0,4920.0,1.0
805.0,16870.0,1.0
805.0,7260.0,1.0
806.0,3956.0,1.0
806.0,11687.0,1.0
806.0,3393.0,1.0
807.0,808.0,1.0
807.0,12971.0,1.0
807.0,5341.0,1.0
807.0,17095.0,1.0
808.0,4243.0,1.0
808.0,7772.0,1.0
808.0,5601.0,1.0
809.0,810.0,1.0
809.0,7036.0,1.0
809.0,6657.0,1.0
813.0,5963.0,1.0
813.0,1883.0,1.0
814.0,815.0,1.0
815.0,4051.0,1.0
815.0,12343.0,1.0
818.0,7094.0,1.0
818.0,9830.0,1.0
818.0,12779.0,1.0
825.0,826.0,1.0
825.0,7531.0,1.0
825.0,10665.0,1.0
826.0,3106.0,1.0
826.0,6448.0,1.0
826.0,13466.0,1.0
828.0,7272.0,1.0
828.0,14735.0,1.0
835.0,836.0,1.0
835.0,1535.0,1.0
835.0,6147.0,1.0
835.0,5739.0,1.0
836.0,13513.0,1.0
836.0,5740.0,1.0
837.0,838.0,1.0
837.0,10297.0,1.0
838.0,12110.0,1.0
838.0,17279.0,1.0
838.0,10476.0,1.0
841.0,11874.0,1.0
841.0,8837.0,1.0
841.0,16799.0,1.0
843.0,844.0,1.0
843.0,2515.0,1.0
843.0,7162.0,1.0
843.0,13392.0,1.0
844.0,6574.0,1.0
844.0,7715.0,1.0
844.0,3710.0,1.0
847.0,848.0,1.0
847.0,5253.0,1.0
847.0,7868.0,1.0
847.0,16504.0,1.0
848.0,4982.0,1.0
848.0,7869.0,1.0
848.0,10591.0,1.0
849.0,850.0,1.0
850.0,3050.0,1.0
850.0,14827.0,1.0
851.0,852.0,1.0
851.0,1868.0,1.0
851.0,1639.0,1.0
851.0,17092.0,1.0
852.0,5887.0,1.0
852.0,9566.0,1.0
852.0,1640.0,1.0
853.0,854.0,1.0
853.0,10335.0,1.0
854.0,4891.0,1.0
854.0,16430.0,1.0
854.0,17943.0,1.0
855.0,856.0,1.0
855.0,2897.0,1.0
855.0,16403.0,1.0
855.0,2802.0,1.0
856.0,1709.0,1.0
856.0,8750.0,1.0
859.0,860.0,1.0
859.0,4529.0,1.0
859.0,10164.0,1.0
859.0,16413.0,1.0
860.0,2369.0,1.0
860.0,11058.0,1.0
860.0,17961.0,1.0
861.0,2469.0,1.0
861.0,3518.0,1.0
861.0,11697.0,1.0
862.0,863.0,1.0
862.0,6675.0,1.0
862.0,4446.0,1.0
863.0,3264.0,1.0
864.0,865.0,1.0
864.0,8400.0,1.0
864.0,11962.0,1.0
864.0,7674.0,1.0
865.0,12747.0,1.0
865.0,13673.0,1.0
872.0,873.0,1.0
872.0,11264.0,1.0
872.0,2149.0,1.0
872.0,10191.0,1.0
873.0,923.0,1.0
873.0,6237.0,1.0
874.0,8919.0,1.0
874.0,13689.0,1.0
874.0,9267.0,1.0
874.0,18311.0,1.0
875.0,876.0,1.0
875.0,997.0,1.0
875.0,13028.0,1.0
875.0,4569.0,1.0
876.0,2765.0,1.0
876.0,3867.0,1.0
877.0,878.0,1.0
877.0,931.0,1.0
877.0,8402.0,1.0
877.0,5890.0,1.0
878.0,4002.0,1.0
878.0,2673.0,1.0
878.0,12439.0,1.0
879.0,880.0,1.0
879.0,6317.0,1.0
879.0,4693.0,1.0
879.0,13215.0,1.0
880.0,4694.0,1.0
880.0,12635.0,1.0
885.0,886.0,1.0
885.0,8354.0,1.0
885.0,4095.0,1.0
886.0,4192.0,1.0
886.0,5208.0,1.0
886.0,5016.0,1.0
887.0,2864.0,1.0
887.0,19997.0,1.0
888.0,11006.0,1.0
888.0,8051.0,1.0
889.0,890.0,1.0
889.0,9099.0,1.0
890.0,9099.0,1.0
891.0,892.0,1.0
891.0,6162.0,1.0
891.0,7016.0,1.0
892.0,4735.0,1.0
892.0,5124.0,1.0
892.0,14863.0,1.0
893.0,894.0,1.0
893.0,5496.0,1.0
893.0,12291.0,1.0
893.0,14711.0,1.0
894.0,2730.0,1.0
894.0,7490.0,1.0
895.0,896.0,1.0
895.0,986.0,1.0
895.0,10257.0,1.0
896.0,5495.0,1.0
899.0,900.0,1.0
899.0,4102.0,1.0
900.0,2594.0,1.0
900.0,5381.0,1.0
900.0,14849.0,1.0
901.0,902.0,1.0
901.0,7609.0,1.0
901.0,8238.0,1.0
902.0,2839.0,1.0
902.0,16632.0,1.0
902.0,13099.0,1.0
919.0,920.0,1.0
920.0,11883.0,1.0
920.0,13777.0,1.0
920.0,2142.0,1.0
923.0,9483.0,1.0
923.0,12603.0,1.0
923.0,11264.0,1.0
926.0,927.0,1.0
926.0,7217.0,1.0
926.0,13315.0,1.0
926.0,12878.0,1.0
927.0,10162.0,1.0
927.0,2245.0,1.0
927.0,16715.0,1.0
928.0,929.0,1.0
928.0,1654.0,1.0
928.0,6282.0,1.0
928.0,9207.0,1.0
929.0,4299.0,1.0
929.0,8057.0,1.0
929.0,12573.0,1.0
930.0,931.0,1.0
930.0,6004.0,1.0
930.0,1494.0,1.0
930.0,5890.0,1.0
931.0,9110.0,1.0
931.0,11450.0,1.0
932.0,933.0,1.0
932.0,7516.0,1.0
932.0,8477.0,1.0
932.0,1881.0,1.0
933.0,16611.0,1.0
933.0,13330.0,1.0
934.0,935.0,1.0
934.0,7480.0,1.0
934.0,17226.0,1.0
934.0,18964.0,1.0
935.0,10987.0,1.0
935.0,17614.0,1.0
935.0,3347.0,1.0
936.0,937.0,1.0
936.0,9976.0,1.0
936.0,11858.0,1.0
937.0,7295.0,1.0
937.0,7090.0,1.0
938.0,12187.0,1.0
938.0,14292.0,1.0
940.0,5403.0,1.0
940.0,7954.0,1.0
940.0,11670.0,1.0
941.0,942.0,1.0
941.0,9861.0,1.0
941.0,12512.0,1.0
941.0,4774.0,1.0
942.0,5472.0,1.0
942.0,10180.0,1.0
942.0,13246.0,1.0
943.0,944.0,1.0
943.0,1920.0,1.0
943.0,14095.0,1.0
943.0,4374.0,1.0
944.0,7882.0,1.0
944.0,7342.0,1.0
947.0,948.0,1.0
947.0,10753.0,1.0
947.0,11645.0,1.0
947.0,7224.0,1.0
948.0,2492.0,1.0
948.0,10181.0,1.0
948.0,19365.0,1.0
951.0,952.0,1.0
951.0,6570.0,1.0
951.0,16412.0,1.0
951.0,3656.0,1.0
951.0,9453.0,1.0
952.0,4588.0,1.0
952.0,13309.0,1.0
953.0,954.0,1.0
953.0,1569.0,1.0
953.0,5669.0,1.0
953.0,4677.0,1.0
954.0,7956.0,1.0
954.0,5670.0,1.0
954.0,4129.0,1.0
958.0,959.0,1.0
958.0,2385.0,1.0
958.0,16360.0,1.0
959.0,6650.0,1.0
959.0,5494.0,1.0
959.0,4410.0,1.0
960.0,961.0,1.0
960.0,6735.0,1.0
960.0,6868.0,1.0
960.0,11716.0,1.0
961.0,6237.0,1.0
961.0,7874.0,1.0
961.0,12603.0,1.0
962.0,963.0,1.0
962.0,3146.0,1.0
962.0,6496.0,1.0
962.0,8115.0,1.0
963.0,11573.0,1.0
963.0,13605.0,1.0
963.0,10802.0,1.0
964.0,16431.0,1.0
964.0,2612.0,1.0
964.0,4891.0,1.0
965.0,966.0,1.0
965.0,14212.0,1.0
965.0,17046.0,1.0
965.0,16575.0,1.0
966.0,2662.0,1.0
966.0,2820.0,1.0
966.0,4968.0,1.0
967.0,968.0,1.0
967.0,12166.0,1.0
967.0,6682.0,1.0
968.0,10691.0,1.0
972.0,3271.0,1.0
972.0,9609.0,1.0
973.0,974.0,1.0
973.0,3427.0,1.0
973.0,12328.0,1.0
975.0,976.0,1.0
975.0,1858.0,1.0
975.0,7528.0,1.0
975.0,10908.0,1.0
976.0,10730.0,1.0
976.0,4399.0,1.0
976.0,17619.0,1.0
977.0,978.0,1.0
977.0,4025.0,1.0
977.0,3422.0,1.0
978.0,3423.0,1.0
978.0,11302.0,1.0
978.0,1647.0,1.0
983.0,13331.0,1.0
983.0,17906.0,1.0
983.0,14454.0,1.0
984.0,985.0,1.0
985.0,8915.0,1.0
985.0,8025.0,1.0
985.0,14719.0,1.0
986.0,10121.0,1.0
986.0,13786.0,1.0
987.0,988.0,1.0
987.0,14941.0,1.0
987.0,17945.0,1.0
988.0,7468.0,1.0
988.0,8016.0,1.0
989.0,990.0,1.0
989.0,6903.0,1.0
989.0,10717.0,1.0
989.0,11873.0,1.0
990.0,1618.0,1.0
990.0,9365.0,1.0
990.0,11794.0,1.0
993.0,994.0,1.0
993.0,2473.0,1.0
993.0,7182.0,1.0
993.0,11226.0,1.0
994.0,6947.0,1.0
994.0,3045.0,1.0
997.0,4339.0,1.0
997.0,4680.0,1.0
997.0,13028.0,1.0
997.0,16435.0,1.0
998.0,999.0,1.0
998.0,1396.0,1.0
998.0,13069.0,1.0
998.0,6022.0,1.0
999.0,6023.0,1.0
1004.0,16401.0,1.0
1004.0,12676.0,1.0
1007.0,18120.0,1.0
1007.0,12621.0,1.0
1009.0,1010.0,1.0
1009.0,4128.0,1.0
1009.0,5253.0,1.0
1009.0,8304.0,1.0
1010.0,8309.0,1.0
1010.0,10604.0,1.0
1011.0,5625.0,1.0
1011.0,8598.0,1.0
1020.0,1021.0,1.0
1021.0,4208.0,1.0
1021.0,10015.0,1.0
1021.0,12353.0,1.0
1028.0,1029.0,1.0
1028.0,4186.0,1.0
1028.0,9440.0,1.0
1029.0,9540.0,1.0
1029.0,5689.0,1.0
1029.0,16613.0,1.0
1030.0,1031.0,1.0
1030.0,12083.0,1.0
1030.0,12638.0,1.0
1030.0,10757.0,1.0
1031.0,2625.0,1.0
1031.0,4282.0,1.0
1031.0,1925.0,1.0
1036.0,1037.0,1.0
1036.0,1077.0,1.0
1036.0,11286.0,1.0
1037.0,4721.0,1.0
1037.0,8239.0,1.0
1037.0,17204.0,1.0
1038.0,1039.0,1.0
1038.0,15251.0,1.0
1038.0,21190.0,1.0
1039.0,7449.0,1.0
1039.0,5965.0,1.0
1039.0,21190.0,1.0
1044.0,1045.0,1.0
1044.0,2162.0,1.0
1044.0,4104.0,1.0
1044.0,7891.0,1.0
1045.0,3138.0,1.0
1045.0,5103.0,1.0
1045.0,13551.0,1.0
1045.0,14828.0,1.0
1054.0,1055.0,1.0
1054.0,9428.0,1.0
1054.0,6920.0,1.0
1055.0,7322.0,1.0
1056.0,1057.0,1.0
1056.0,8874.0,1.0
1056.0,12963.0,1.0
1058.0,1059.0,1.0
1058.0,2296.0,1.0
1058.0,2295.0,1.0
1059.0,7921.0,1.0
1059.0,19336.0,1.0
1060.0,1061.0,1.0
1060.0,3866.0,1.0
1060.0,8341.0,1.0
1061.0,10629.0,1.0
1061.0,5818.0,1.0
1062.0,1063.0,1.0
1062.0,2404.0,1.0
1062.0,6554.0,1.0
1062.0,8149.0,1.0
1063.0,2868.0,1.0
1063.0,3234.0,1.0
1063.0,3483.0,1.0
1064.0,1065.0,1.0
1064.0,1801.0,1.0
1064.0,10279.0,1.0
1064.0,6958.0,1.0
1065.0,5822.0,1.0
1065.0,9908.0,1.0
1065.0,16497.0,1.0
1068.0,1069.0,1.0
1068.0,15559.0,1.0
1068.0,2240.0,1.0
1069.0,3210.0,1.0
1069.0,2241.0,1.0
1069.0,8512.0,1.0
1074.0,1075.0,1.0
1074.0,19699.0,1.0
1075.0,8367.0,1.0
1075.0,14115.0,1.0
1076.0,1077.0,1.0
1076.0,6369.0,1.0
1077.0,7825.0,1.0
1077.0,20107.0,1.0
1080.0,1081.0,1.0
1080.0,8626.0,1.0
1080.0,14401.0,1.0
1081.0,17142.0,1.0
1084.0,5855.0,1.0
1084.0,6306.0,1.0
1085.0,5040.0,1.0
1085.0,3438.0,1.0
1085.0,14867.0,1.0
1089.0,1090.0,1.0
1089.0,14896.0,1.0
1089.0,14916.0,1.0
1090.0,8166.0,1.0
1090.0,12159.0,1.0
1091.0,1092.0,1.0
1091.0,1495.0,1.0
1092.0,5125.0,1.0
1092.0,12626.0,1.0
1092.0,5351.0,1.0
1093.0,1094.0,1.0
1093.0,4732.0,1.0
1093.0,16691.0,1.0
1094.0,4016.0,1.0
1094.0,5952.0,1.0
1095.0,1096.0,1.0
1095.0,1121.0,1.0
1095.0,10142.0,1.0
1096.0,4420.0,1.0
1096.0,17516.0,1.0
1096.0,20573.0,1.0
1099.0,1100.0,1.0
1099.0,11058.0,1.0
1099.0,9611.0,1.0
1099.0,14133.0,1.0
1100.0,4494.0,1.0
1100.0,9612.0,1.0
1100.0,17799.0,1.0
1107.0,1108.0,1.0
1108.0,8594.0,1.0
1108.0,4224.0,1.0
1109.0,1110.0,1.0
1109.0,7317.0,1.0
1109.0,9498.0,1.0
1110.0,3953.0,1.0
1110.0,6141.0,1.0
1110.0,21006.0,1.0
1111.0,1112.0,1.0
1111.0,6845.0,1.0
1111.0,9029.0,1.0
1111.0,6859.0,1.0
1112.0,13528.0,1.0
1113.0,1114.0,1.0
1113.0,6902.0,1.0
1113.0,13708.0,1.0
1113.0,6307.0,1.0
1114.0,10717.0,1.0
1114.0,6903.0,1.0
1114.0,11062.0,1.0
1115.0,1116.0,1.0
1115.0,16499.0,1.0
1115.0,11598.0,1.0
1116.0,8233.0,1.0
1116.0,7308.0,1.0
1117.0,1118.0,1.0
1117.0,10236.0,1.0
1117.0,6730.0,1.0
1118.0,6596.0,1.0
1118.0,13584.0,1.0
1119.0,1120.0,1.0
1119.0,19238.0,1.0
1120.0,8420.0,1.0
1120.0,12074.0,1.0
1121.0,4030.0,1.0
1121.0,7479.0,1.0
1121.0,12184.0,1.0
1123.0,10739.0,1.0
1123.0,6805.0,1.0
1124.0,13017.0,1.0
1124.0,17910.0,1.0
1124.0,2735.0,1.0
1129.0,1130.0,1.0
1129.0,5943.0,1.0
1129.0,13579.0,1.0
1133.0,1134.0,1.0
1133.0,5663.0,1.0
1133.0,13363.0,1.0
1133.0,4517.0,1.0
1133.0,3372.0,1.0
1133.0,5333.0,1.0
1134.0,4846.0,1.0
1134.0,11779.0,1.0
1135.0,1136.0,1.0
1135.0,11089.0,1.0
1135.0,14238.0,1.0
1135.0,5941.0,1.0
1136.0,14737.0,1.0
1137.0,1138.0,1.0
1137.0,2056.0,1.0
1137.0,13399.0,1.0
1139.0,1140.0,1.0
1140.0,8096.0,1.0
1140.0,9893.0,1.0
1140.0,7881.0,1.0
1143.0,1144.0,1.0
1143.0,8403.0,1.0
1143.0,3968.0,1.0
1144.0,12714.0,1.0
1144.0,12753.0,1.0
1146.0,1147.0,1.0
1146.0,2821.0,1.0
1146.0,13353.0,1.0
1146.0,11863.0,1.0
1147.0,6626.0,1.0
1147.0,15449.0,1.0
1148.0,1149.0,1.0
1148.0,5618.0,1.0
1148.0,1923.0,1.0
1149.0,1924.0,1.0
1149.0,8340.0,1.0
1149.0,3166.0,1.0
1152.0,1153.0,1.0
1152.0,6350.0,1.0
1152.0,18471.0,1.0
1153.0,7430.0,1.0
1153.0,4775.0,1.0
1156.0,1157.0,1.0
1156.0,7371.0,1.0
1156.0,10764.0,1.0
1157.0,10765.0,1.0
1157.0,17508.0,1.0
1164.0,1165.0,1.0
1164.0,5234.0,1.0
1165.0,6127.0,1.0
1165.0,5082.0,1.0
1165.0,6128.0,1.0
1166.0,1167.0,1.0
1166.0,4142.0,1.0
1166.0,7081.0,1.0
1166.0,13049.0,1.0
1167.0,6102.0,1.0
1167.0,3781.0,1.0
1168.0,1169.0,1.0
1168.0,1292.0,1.0
1168.0,7040.0,1.0
1168.0,9378.0,1.0
1169.0,10926.0,1.0
1169.0,7714.0,1.0
1169.0,11298.0,1.0
1174.0,1175.0,1.0
1174.0,2926.0,1.0
1174.0,6545.0,1.0
1174.0,8699.0,1.0
1175.0,1400.0,1.0
1175.0,2927.0,1.0
1175.0,8700.0,1.0
1176.0,1177.0,1.0
1176.0,8790.0,1.0
1176.0,10989.0,1.0
1177.0,1545.0,1.0
1177.0,3815.0,1.0
1177.0,9957.0,1.0
1182.0,1183.0,1.0
1182.0,10769.0,1.0
1182.0,1799.0,1.0
1183.0,4069.0,1.0
1183.0,3565.0,1.0
1184.0,1185.0,1.0
1184.0,4601.0,1.0
1184.0,8505.0,1.0
1184.0,8563.0,1.0
1185.0,6774.0,1.0
1185.0,16441.0,1.0
1186.0,1187.0,1.0
1186.0,4611.0,1.0
1186.0,5993.0,1.0
1187.0,8687.0,1.0
1187.0,4149.0,1.0
1188.0,1189.0,1.0
1188.0,4235.0,1.0
1189.0,5615.0,1.0
1195.0,1196.0,1.0
1196.0,1412.0,1.0
1196.0,10751.0,1.0
1204.0,1205.0,1.0
1204.0,1331.0,1.0
1204.0,7406.0,1.0
1204.0,3083.0,1.0
1205.0,1800.0,1.0
1205.0,1388.0,1.0
1205.0,3084.0,1.0
1210.0,1694.0,1.0
1210.0,2844.0,1.0
1212.0,1213.0,1.0
1212.0,4391.0,1.0
1212.0,8206.0,1.0
1213.0,14362.0,1.0
1213.0,13744.0,1.0
1216.0,1217.0,1.0
1216.0,4864.0,1.0
1216.0,5688.0,1.0
1217.0,8375.0,1.0
1217.0,5688.0,1.0
1218.0,1219.0,1.0
1218.0,1418.0,1.0
1218.0,21012.0,1.0
1219.0,9646.0,1.0
1219.0,1390.0,1.0
1219.0,11408.0,1.0
1220.0,1221.0,1.0
1220.0,5624.0,1.0
1221.0,2577.0,1.0
1221.0,9438.0,1.0
1225.0,1226.0,1.0
1225.0,4596.0,1.0
1225.0,2142.0,1.0
1226.0,9683.0,1.0
1226.0,7424.0,1.0
1230.0,1231.0,1.0
1230.0,11276.0,1.0
1230.0,13105.0,1.0
1231.0,3422.0,1.0
1231.0,10598.0,1.0
1232.0,1233.0,1.0
1232.0,4655.0,1.0
1232.0,5051.0,1.0
1233.0,11228.0,1.0
1233.0,13344.0,1.0
1233.0,14920.0,1.0
1234.0,1235.0,1.0
1234.0,6201.0,1.0
1234.0,7707.0,1.0
1234.0,9486.0,1.0
1235.0,10785.0,1.0
1235.0,6202.0,1.0
1235.0,17267.0,1.0
1236.0,1237.0,1.0
1236.0,8598.0,1.0
1236.0,3766.0,1.0
1237.0,4161.0,1.0
1237.0,6231.0,1.0
1242.0,1243.0,1.0
1242.0,9972.0,1.0
1242.0,9845.0,1.0
1243.0,4418.0,1.0
1243.0,11468.0,1.0
1247.0,1248.0,1.0
1247.0,9834.0,1.0
1247.0,4156.0,1.0
1248.0,9637.0,1.0
1248.0,6959.0,1.0
1251.0,1252.0,1.0
1251.0,3589.0,1.0
1251.0,11412.0,1.0
1251.0,4389.0,1.0
1252.0,1720.0,1.0
1252.0,11055.0,1.0
1253.0,1254.0,1.0
1253.0,10450.0,1.0
1253.0,11934.0,1.0
1253.0,14257.0,1.0
1254.0,7948.0,1.0
1254.0,16853.0,1.0
1255.0,1256.0,1.0
1255.0,11744.0,1.0
1255.0,16827.0,1.0
1256.0,5594.0,1.0
1256.0,5286.0,1.0
1256.0,11745.0,1.0
1257.0,1258.0,1.0
1257.0,6733.0,1.0
1257.0,7432.0,1.0
1258.0,2730.0,1.0
1258.0,2248.0,1.0
1258.0,11299.0,1.0
1259.0,1260.0,1.0
1259.0,6887.0,1.0
1259.0,17835.0,1.0
1260.0,1719.0,1.0
1260.0,13875.0,1.0
1260.0,6888.0,1.0
1261.0,1262.0,1.0
1261.0,7297.0,1.0
1261.0,10242.0,1.0
1261.0,11687.0,1.0
1262.0,2044.0,1.0
1262.0,10958.0,1.0
1262.0,17341.0,1.0
1268.0,1269.0,1.0
1268.0,13718.0,1.0
1268.0,16811.0,1.0
1269.0,7429.0,1.0
1269.0,3736.0,1.0
1272.0,1273.0,1.0
1272.0,6448.0,1.0
1272.0,13466.0,1.0
1273.0,5535.0,1.0
1273.0,2476.0,1.0
1274.0,1275.0,1.0
1274.0,3175.0,1.0
1274.0,12366.0,1.0
1274.0,9421.0,1.0
1275.0,6009.0,1.0
1275.0,5609.0,1.0
1275.0,3846.0,1.0
1276.0,1277.0,1.0
1276.0,1447.0,1.0
1277.0,7307.0,1.0
1277.0,13319.0,1.0
1278.0,1279.0,1.0
1278.0,21189.0,1.0
1278.0,5828.0,1.0
1279.0,4690.0,1.0
1279.0,20200.0,1.0
1280.0,5265.0,1.0
1280.0,9898.0,1.0
1284.0,1285.0,1.0
1284.0,5995.0,1.0
1284.0,11070.0,1.0
1285.0,7067.0,1.0
1285.0,4253.0,1.0
1285.0,12909.0,1.0
1286.0,1287.0,1.0
1286.0,5488.0,1.0
1286.0,6727.0,1.0
1286.0,2769.0,1.0
1287.0,5877.0,1.0
1287.0,12770.0,1.0
1288.0,1289.0,1.0
1288.0,2211.0,1.0
1288.0,6419.0,1.0
1289.0,7364.0,1.0
1289.0,10216.0,1.0
1289.0,10217.0,1.0
1292.0,8919.0,1.0
1292.0,9161.0,1.0
1292.0,13689.0,1.0
1293.0,1294.0,1.0
1293.0,5065.0,1.0
1293.0,13648.0,1.0
1294.0,2011.0,1.0
1294.0,9114.0,1.0
1294.0,18009.0,1.0
1301.0,1302.0,1.0
1301.0,13606.0,1.0
1301.0,6703.0,1.0
1301.0,16611.0,1.0
1302.0,6704.0,1.0
1302.0,13330.0,1.0
1306.0,1307.0,1.0
1306.0,3112.0,1.0
1306.0,6368.0,1.0
1307.0,5321.0,1.0
1307.0,6161.0,1.0
1307.0,3113.0,1.0
1308.0,1309.0,1.0
1309.0,8717.0,1.0
1309.0,11295.0,1.0
1312.0,1313.0,1.0
1312.0,4174.0,1.0
1312.0,10296.0,1.0
1312.0,12620.0,1.0
1313.0,2921.0,1.0
1313.0,11796.0,1.0
1313.0,16706.0,1.0
1316.0,1317.0,1.0
1316.0,3264.0,1.0
1316.0,2879.0,1.0
1316.0,2319.0,1.0
1317.0,10982.0,1.0
1317.0,13905.0,1.0
1318.0,2383.0,1.0
1318.0,10249.0,1.0
1321.0,2902.0,1.0
1321.0,7798.0,1.0
1321.0,12515.0,1.0
1322.0,1323.0,1.0
1323.0,3097.0,1.0
1323.0,1369.0,1.0
1323.0,14591.0,1.0
1330.0,1331.0,1.0
1330.0,14671.0,1.0
1330.0,8881.0,1.0
1331.0,1800.0,1.0
1331.0,1678.0,1.0
1334.0,1335.0,1.0
1334.0,8824.0,1.0
1334.0,4191.0,1.0
1335.0,4191.0,1.0
1335.0,21116.0,1.0
1338.0,1339.0,1.0
1338.0,5465.0,1.0
1338.0,9033.0,1.0
1338.0,10013.0,1.0
1339.0,5339.0,1.0
1339.0,10155.0,1.0
1343.0,1344.0,1.0
1343.0,9166.0,1.0
1343.0,7267.0,1.0
1343.0,10208.0,1.0
1344.0,3245.0,1.0
1344.0,10924.0,1.0
1345.0,1346.0,1.0
1345.0,13037.0,1.0
1345.0,7176.0,1.0
1345.0,7781.0,1.0
1346.0,3553.0,1.0
1346.0,3256.0,1.0
1349.0,1350.0,1.0
1349.0,5576.0,1.0
1350.0,5158.0,1.0
1350.0,4509.0,1.0
1350.0,16562.0,1.0
1351.0,1352.0,1.0
1351.0,6498.0,1.0
1351.0,10525.0,1.0
1352.0,3321.0,1.0
1352.0,5992.0,1.0
1352.0,7373.0,1.0
1355.0,1356.0,1.0
1355.0,6350.0,1.0
1355.0,20758.0,1.0
1356.0,7430.0,1.0
1356.0,13252.0,1.0
1361.0,1362.0,1.0
1361.0,4308.0,1.0
1361.0,3561.0,1.0
1361.0,10111.0,1.0
1362.0,11081.0,1.0
1362.0,11888.0,1.0
1362.0,9791.0,1.0
1363.0,1364.0,1.0
1363.0,8727.0,1.0
1363.0,7482.0,1.0
1363.0,14848.0,1.0
1364.0,4446.0,1.0
1364.0,8770.0,1.0
1364.0,16367.0,1.0
1367.0,1368.0,1.0
1367.0,10474.0,1.0
1367.0,20900.0,1.0
1368.0,13955.0,1.0
1368.0,14170.0,1.0
1369.0,1370.0,1.0
1369.0,13479.0,1.0
1369.0,17977.0,1.0
1370.0,2985.0,1.0
1370.0,14650.0,1.0
1371.0,3361.0,1.0
1371.0,7601.0,1.0
1371.0,6490.0,1.0
1371.0,1910.0,1.0
1374.0,1375.0,1.0
1374.0,6040.0,1.0
1374.0,9618.0,1.0
1375.0,8897.0,1.0
1375.0,10545.0,1.0
1376.0,1377.0,1.0
1377.0,16134.0,1.0
1377.0,7057.0,1.0
1379.0,1380.0,1.0
1379.0,16868.0,1.0
1379.0,14077.0,1.0
1380.0,16641.0,1.0
1380.0,16868.0,1.0
1384.0,1385.0,1.0
1384.0,5608.0,1.0
1384.0,1915.0,1.0
1384.0,4023.0,1.0
1385.0,7240.0,1.0
1385.0,13746.0,1.0
1385.0,7235.0,1.0
1388.0,1389.0,1.0
1388.0,7088.0,1.0
1389.0,10556.0,1.0
1390.0,1391.0,1.0
1390.0,1418.0,1.0
1391.0,1637.0,1.0
1391.0,16506.0,1.0
1391.0,11408.0,1.0
1392.0,1393.0,1.0
1392.0,2547.0,1.0
1392.0,2387.0,1.0
1392.0,9772.0,1.0
1393.0,5797.0,1.0
1393.0,9773.0,1.0
1393.0,9362.0,1.0
1394.0,1395.0,1.0
1394.0,3804.0,1.0
1394.0,12183.0,1.0
1395.0,10681.0,1.0
1396.0,1397.0,1.0
1396.0,13091.0,1.0
1396.0,17732.0,1.0
1398.0,1399.0,1.0
1398.0,16419.0,1.0
1398.0,17032.0,1.0
1399.0,2271.0,1.0
1399.0,5453.0,1.0
1399.0,1982.0,1.0
1400.0,1401.0,1.0
1400.0,6275.0,1.0
1400.0,6189.0,1.0
1401.0,4885.0,1.0
1401.0,8092.0,1.0
1402.0,1403.0,1.0
1402.0,5301.0,1.0
1402.0,16592.0,1.0
1402.0,6501.0,1.0
1403.0,2713.0,1.0
1403.0,6122.0,1.0
1403.0,12590.0,1.0
1404.0,1405.0,1.0
1404.0,16463.0,1.0
1404.0,12816.0,1.0
1404.0,9904.0,1.0
1405.0,9955.0,1.0
1405.0,10768.0,1.0
1405.0,12205.0,1.0
1409.0,5787.0,1.0
1409.0,12673.0,1.0
1409.0,12075.0,1.0
1410.0,1411.0,1.0
1410.0,6686.0,1.0
1411.0,5704.0,1.0
1411.0,5994.0,1.0
1412.0,1413.0,1.0
1412.0,16104.0,1.0
1413.0,3599.0,1.0
1413.0,8366.0,1.0
1418.0,1419.0,1.0
1418.0,17131.0,1.0
1420.0,1421.0,1.0
1420.0,7117.0,1.0
1420.0,16180.0,1.0
1421.0,15008.0,1.0
1421.0,12523.0,1.0
1426.0,1427.0,1.0
1426.0,8423.0,1.0
1426.0,14671.0,1.0
1426.0,4137.0,1.0
1427.0,8764.0,1.0
1427.0,7963.0,1.0
1428.0,1429.0,1.0
1428.0,10736.0,1.0
1428.0,6929.0,1.0
1428.0,2761.0,1.0
1429.0,6207.0,1.0
1429.0,14211.0,1.0
1429.0,13285.0,1.0
1442.0,1443.0,1.0
1442.0,12309.0,1.0
1443.0,11399.0,1.0
1443.0,15522.0,1.0
1444.0,1641.0,1.0
1444.0,8795.0,1.0
1444.0,12435.0,1.0
1447.0,13601.0,1.0
1459.0,1460.0,1.0
1459.0,10132.0,1.0
1459.0,9351.0,1.0
1460.0,1886.0,1.0
1460.0,8147.0,1.0
1464.0,7936.0,1.0
1464.0,13680.0,1.0
1469.0,11764.0,1.0
1470.0,1471.0,1.0
1470.0,16105.0,1.0
1470.0,14274.0,1.0
1471.0,10342.0,1.0
1471.0,1540.0,1.0
1473.0,1474.0,1.0
1473.0,4724.0,1.0
1473.0,3068.0,1.0
1474.0,1531.0,1.0
1474.0,3344.0,1.0
1482.0,1483.0,1.0
1482.0,4313.0,1.0
1482.0,3168.0,1.0
1482.0,12678.0,1.0
1483.0,5590.0,1.0
1483.0,10552.0,1.0
1483.0,17007.0,1.0
1490.0,1491.0,1.0
1490.0,10090.0,1.0
1490.0,10669.0,1.0
1491.0,1590.0,1.0
1493.0,1494.0,1.0
1493.0,8851.0,1.0
1493.0,6776.0,1.0
1493.0,4830.0,1.0
1494.0,8852.0,1.0
1494.0,11450.0,1.0
1495.0,1496.0,1.0
1495.0,8333.0,1.0
1495.0,2614.0,1.0
1496.0,5622.0,1.0
1499.0,1500.0,1.0
1499.0,6926.0,1.0
1499.0,11043.0,1.0
1499.0,10338.0,1.0
1500.0,5593.0,1.0
1500.0,11622.0,1.0
1500.0,7143.0,1.0
1501.0,1502.0,1.0
1501.0,12194.0,1.0
1501.0,15642.0,1.0
1501.0,17544.0,1.0
1502.0,6859.0,1.0
1502.0,1523.0,1.0
1504.0,8798.0,1.0
1504.0,14166.0,1.0
1504.0,4124.0,1.0
1505.0,1506.0,1.0
1505.0,11457.0,1.0
1505.0,21176.0,1.0
1506.0,8386.0,1.0
1506.0,9582.0,1.0
1506.0,9714.0,1.0
1507.0,1508.0,1.0
1507.0,4791.0,1.0
1507.0,11828.0,1.0
1507.0,11167.0,1.0
1508.0,2713.0,1.0
1508.0,4582.0,1.0
1508.0,1528.0,1.0
1510.0,1511.0,1.0
1511.0,1911.0,1.0
1511.0,12660.0,1.0
1512.0,1513.0,1.0
1512.0,16995.0,1.0
1512.0,6672.0,1.0
1515.0,1516.0,1.0
1515.0,10849.0,1.0
1515.0,13254.0,1.0
1516.0,7391.0,1.0
1516.0,9956.0,1.0
1516.0,9887.0,1.0
1517.0,10250.0,1.0
1517.0,11004.0,1.0
1517.0,12761.0,1.0
1518.0,1519.0,1.0
1518.0,5787.0,1.0
1518.0,2916.0,1.0
1519.0,1733.0,1.0
1519.0,10697.0,1.0
1519.0,7809.0,1.0
1520.0,1521.0,1.0
1520.0,6991.0,1.0
1520.0,12826.0,1.0
1521.0,6736.0,1.0
1521.0,3431.0,1.0
1522.0,1523.0,1.0
1522.0,6601.0,1.0
1522.0,5730.0,1.0
1522.0,4356.0,1.0
1523.0,4357.0,1.0
1523.0,8949.0,1.0
1525.0,1526.0,1.0
1525.0,9614.0,1.0
1525.0,8814.0,1.0
1526.0,7122.0,1.0
1526.0,8814.0,1.0
1526.0,2537.0,1.0
1527.0,1528.0,1.0
1527.0,10639.0,1.0
1527.0,11028.0,1.0
1528.0,6501.0,1.0
1528.0,14259.0,1.0
1529.0,1530.0,1.0
1529.0,9131.0,1.0
1530.0,13366.0,1.0
1530.0,16132.0,1.0
1530.0,14266.0,1.0
1531.0,9153.0,1.0
1531.0,17646.0,1.0
1531.0,11429.0,1.0
1535.0,11516.0,1.0
1535.0,13328.0,1.0
1538.0,1539.0,1.0
1538.0,7005.0,1.0
1538.0,15425.0,1.0
1538.0,14334.0,1.0
1540.0,1541.0,1.0
1540.0,20160.0,1.0
1541.0,8736.0,1.0
1541.0,9474.0,1.0
1543.0,1544.0,1.0
1543.0,16861.0,1.0
1544.0,2038.0,1.0
1544.0,6584.0,1.0
1544.0,7178.0,1.0
1545.0,5439.0,1.0
1545.0,16783.0,1.0
1548.0,1549.0,1.0
1548.0,6207.0,1.0
1548.0,20895.0,1.0
1549.0,2595.0,1.0
1549.0,10731.0,1.0
1550.0,1551.0,1.0
1550.0,12482.0,1.0
1550.0,11201.0,1.0
1551.0,6232.0,1.0
1551.0,8888.0,1.0
1551.0,11201.0,1.0
1552.0,1553.0,1.0
1552.0,4214.0,1.0
1553.0,5392.0,1.0
1554.0,5414.0,1.0
1554.0,11183.0,1.0
1560.0,1561.0,1.0
1560.0,3938.0,1.0
1561.0,5098.0,1.0
1561.0,12176.0,1.0
1561.0,4717.0,1.0
1564.0,1565.0,1.0
1564.0,7344.0,1.0
1565.0,4541.0,1.0
1565.0,7729.0,1.0
1568.0,1569.0,1.0
1568.0,4677.0,1.0
1568.0,10099.0,1.0
1568.0,5650.0,1.0
1569.0,3584.0,1.0
1569.0,4129.0,1.0
1570.0,6331.0,1.0
1573.0,1574.0,1.0
1573.0,7441.0,1.0
1573.0,5600.0,1.0
1574.0,5028.0,1.0
1574.0,8373.0,1.0
1575.0,1576.0,1.0
1575.0,12246.0,1.0
1575.0,16141.0,1.0
1577.0,4447.0,1.0
1577.0,11433.0,1.0
1577.0,13501.0,1.0
1578.0,13682.0,1.0
1578.0,4854.0,1.0
1578.0,10846.0,1.0
1579.0,1580.0,1.0
1579.0,8143.0,1.0
1579.0,10658.0,1.0
1579.0,14572.0,1.0
1580.0,9154.0,1.0
1580.0,16080.0,1.0
1580.0,9416.0,1.0
1587.0,1588.0,1.0
1587.0,13327.0,1.0
1588.0,9520.0,1.0
1589.0,13942.0,1.0
1590.0,8362.0,1.0
1590.0,19352.0,1.0
1591.0,1592.0,1.0
1591.0,3431.0,1.0
1591.0,4227.0,1.0
1592.0,3432.0,1.0
1592.0,16637.0,1.0
1599.0,1600.0,1.0
1599.0,15968.0,1.0
1599.0,17157.0,1.0
1599.0,6187.0,1.0
1600.0,1989.0,1.0
1600.0,11478.0,1.0
1601.0,5074.0,1.0
1601.0,8033.0,1.0
1602.0,3180.0,1.0
1602.0,14818.0,1.0
1602.0,7529.0,1.0
1613.0,1614.0,1.0
1613.0,6898.0,1.0
1613.0,8241.0,1.0
1614.0,7832.0,1.0
1614.0,20547.0,1.0
1617.0,9883.0,1.0
1617.0,6593.0,1.0
1617.0,13295.0,1.0
1617.0,18260.0,1.0
1618.0,1619.0,1.0
1618.0,11873.0,1.0
1619.0,9365.0,1.0
1628.0,1629.0,1.0
1628.0,5208.0,1.0
1628.0,4773.0,1.0
1628.0,4192.0,1.0
1629.0,12512.0,1.0
1629.0,9472.0,1.0
1630.0,2153.0,1.0
1630.0,13473.0,1.0
1630.0,3672.0,1.0
1631.0,1632.0,1.0
1631.0,9231.0,1.0
1631.0,13010.0,1.0
1631.0,16471.0,1.0
1632.0,9496.0,1.0
1632.0,3592.0,1.0
1633.0,1634.0,1.0
1633.0,6341.0,1.0
1633.0,6528.0,1.0
1634.0,6166.0,1.0
1634.0,3829.0,1.0
1635.0,1636.0,1.0
1635.0,5424.0,1.0
1635.0,14187.0,1.0
1636.0,12117.0,1.0
1636.0,12688.0,1.0
1636.0,12355.0,1.0
1637.0,1638.0,1.0
1637.0,2202.0,1.0
1637.0,8234.0,1.0
1637.0,14213.0,1.0
1638.0,4550.0,1.0
1638.0,12812.0,1.0
1639.0,1640.0,1.0
1639.0,3686.0,1.0
1639.0,16468.0,1.0
1640.0,5888.0,1.0
1640.0,6804.0,1.0
1641.0,6623.0,1.0
1641.0,13083.0,1.0
1642.0,1643.0,1.0
1642.0,14317.0,1.0
1642.0,3209.0,1.0
1643.0,6273.0,1.0
1643.0,11204.0,1.0
1647.0,1648.0,1.0
1647.0,4024.0,1.0
1647.0,12286.0,1.0
1648.0,2393.0,1.0
1648.0,16893.0,1.0
1649.0,3381.0,1.0
1650.0,1651.0,1.0
1650.0,3276.0,1.0
1650.0,7923.0,1.0
1651.0,3277.0,1.0
1651.0,7911.0,1.0
1652.0,1653.0,1.0
1652.0,4799.0,1.0
1652.0,17668.0,1.0
1653.0,5796.0,1.0
1653.0,8848.0,1.0
1654.0,7689.0,1.0
1654.0,9207.0,1.0
1654.0,14268.0,1.0
1656.0,1657.0,1.0
1656.0,5452.0,1.0
1656.0,13394.0,1.0
1657.0,2990.0,1.0
1657.0,9149.0,1.0
1657.0,8203.0,1.0
1658.0,1659.0,1.0
1658.0,6060.0,1.0
1658.0,7409.0,1.0
1658.0,7897.0,1.0
1659.0,13956.0,1.0
1659.0,10747.0,1.0
1659.0,3223.0,1.0
1662.0,1663.0,1.0
1662.0,7283.0,1.0
1662.0,7459.0,1.0
1662.0,14179.0,1.0
1663.0,3955.0,1.0
1663.0,4005.0,1.0
1663.0,1824.0,1.0
1671.0,1672.0,1.0
1671.0,3061.0,1.0
1671.0,12127.0,1.0
1672.0,10145.0,1.0
1673.0,1674.0,1.0
1673.0,9865.0,1.0
1673.0,13228.0,1.0
1674.0,3013.0,1.0
1674.0,10623.0,1.0
1674.0,4309.0,1.0
1675.0,1676.0,1.0
1675.0,9249.0,1.0
1675.0,6310.0,1.0
1676.0,8037.0,1.0
1676.0,8363.0,1.0
1676.0,4289.0,1.0
1677.0,1678.0,1.0
1677.0,1689.0,1.0
1677.0,6391.0,1.0
1677.0,9466.0,1.0
1678.0,4066.0,1.0
1678.0,3798.0,1.0
1681.0,1682.0,1.0
1681.0,2800.0,1.0
1681.0,3751.0,1.0
1682.0,4314.0,1.0
1682.0,5118.0,1.0
1687.0,1688.0,1.0
1687.0,5391.0,1.0
1687.0,4269.0,1.0
1687.0,13190.0,1.0
1688.0,13191.0,1.0
1688.0,11456.0,1.0
1688.0,21176.0,1.0
1689.0,1863.0,1.0
1689.0,9465.0,1.0
1690.0,1691.0,1.0
1690.0,1780.0,1.0
1690.0,5226.0,1.0
1690.0,13900.0,1.0
1691.0,5438.0,1.0
1691.0,9197.0,1.0
1691.0,7734.0,1.0
1692.0,1693.0,1.0
1692.0,12054.0,1.0
1692.0,5145.0,1.0
1692.0,12752.0,1.0
1693.0,9264.0,1.0
1693.0,12752.0,1.0
1693.0,11503.0,1.0
1694.0,8304.0,1.0
1694.0,4100.0,1.0
1697.0,1698.0,1.0
1697.0,14319.0,1.0
1697.0,16444.0,1.0
1698.0,2873.0,1.0
1698.0,11224.0,1.0
1698.0,3915.0,1.0
1704.0,1705.0,1.0
1705.0,8074.0,1.0
1705.0,4625.0,1.0
1709.0,2802.0,1.0
1709.0,16975.0,1.0
1714.0,1715.0,1.0
1714.0,7082.0,1.0
1714.0,6974.0,1.0
1714.0,13367.0,1.0
1715.0,4016.0,1.0
1715.0,5159.0,1.0
1716.0,9093.0,1.0
1716.0,9607.0,1.0
1716.0,7004.0,1.0
1717.0,1718.0,1.0
1717.0,9481.0,1.0
1717.0,2825.0,1.0
1717.0,14123.0,1.0
1718.0,11447.0,1.0
1718.0,10158.0,1.0
1718.0,16699.0,1.0
1719.0,6720.0,1.0
1719.0,3652.0,1.0
1719.0,11894.0,1.0
1720.0,10820.0,1.0
1720.0,11108.0,1.0
1720.0,4389.0,1.0
1726.0,1727.0,1.0
1727.0,17416.0,1.0
1727.0,8401.0,1.0
1729.0,1730.0,1.0
1729.0,8975.0,1.0
1730.0,5965.0,1.0
1730.0,11720.0,1.0
1731.0,2039.0,1.0
1731.0,4868.0,1.0
1731.0,8427.0,1.0
1731.0,1937.0,1.0
1733.0,2916.0,1.0
1733.0,6441.0,1.0
1734.0,8244.0,1.0
1734.0,6033.0,1.0
1734.0,2147.0,1.0
1735.0,1736.0,1.0
1735.0,3551.0,1.0
1736.0,4348.0,1.0
1736.0,3552.0,1.0
1738.0,17575.0,1.0
1738.0,10925.0,1.0
1739.0,1740.0,1.0
1739.0,3227.0,1.0
1739.0,11044.0,1.0
1739.0,13179.0,1.0
1740.0,8358.0,1.0
1740.0,12418.0,1.0
1746.0,8383.0,1.0
1746.0,4039.0,1.0
1746.0,9920.0,1.0
1749.0,1750.0,1.0
1749.0,7763.0,1.0
1750.0,4643.0,1.0
1753.0,1754.0,1.0
1753.0,2480.0,1.0
1753.0,11007.0,1.0
1753.0,17693.0,1.0
1754.0,5152.0,1.0
1754.0,2480.0,1.0
1757.0,1758.0,1.0
1757.0,6300.0,1.0
1757.0,7438.0,1.0
1757.0,3765.0,1.0
1758.0,4994.0,1.0
1758.0,3766.0,1.0
1759.0,1760.0,1.0
1759.0,3944.0,1.0
1759.0,19072.0,1.0
1760.0,10977.0,1.0
1760.0,6144.0,1.0
1761.0,1762.0,1.0
1761.0,16283.0,1.0
1762.0,8907.0,1.0
1762.0,3266.0,1.0
1762.0,7604.0,1.0
1767.0,1768.0,1.0
1767.0,1975.0,1.0
1767.0,2447.0,1.0
1769.0,1770.0,1.0
1769.0,3634.0,1.0
1769.0,19934.0,1.0
1770.0,10607.0,1.0
1770.0,11370.0,1.0
1780.0,7248.0,1.0
1780.0,10924.0,1.0
1780.0,3245.0,1.0
1783.0,8959.0,1.0
1783.0,11096.0,1.0
1783.0,5862.0,1.0
1786.0,1787.0,1.0
1786.0,9615.0,1.0
1786.0,3364.0,1.0
1786.0,8176.0,1.0
1787.0,6875.0,1.0
1787.0,10202.0,1.0
1787.0,5496.0,1.0
1788.0,1789.0,1.0
1788.0,6123.0,1.0
1788.0,5393.0,1.0
1788.0,12590.0,1.0
1789.0,6876.0,1.0
1789.0,5537.0,1.0
1789.0,6522.0,1.0
1798.0,1799.0,1.0
1798.0,4034.0,1.0
1799.0,3565.0,1.0
1799.0,5834.0,1.0
1800.0,3798.0,1.0
1800.0,7088.0,1.0
1801.0,6263.0,1.0
1801.0,9908.0,1.0
1806.0,1807.0,1.0
1806.0,11072.0,1.0
1806.0,3120.0,1.0
1807.0,8038.0,1.0
1807.0,2847.0,1.0
1807.0,12660.0,1.0
1810.0,1811.0,1.0
1810.0,3442.0,1.0
1810.0,9656.0,1.0
1810.0,4850.0,1.0
1811.0,14425.0,1.0
1811.0,9657.0,1.0
1811.0,14339.0,1.0
1816.0,1817.0,1.0
1816.0,13468.0,1.0
1818.0,8473.0,1.0
1818.0,16797.0,1.0
1821.0,1822.0,1.0
1821.0,5800.0,1.0
1821.0,1995.0,1.0
1822.0,6730.0,1.0
1822.0,10236.0,1.0
1822.0,6614.0,1.0
1823.0,1824.0,1.0
1823.0,4005.0,1.0
1823.0,2403.0,1.0
1823.0,12771.0,1.0
1824.0,13842.0,1.0
1826.0,1827.0,1.0
1826.0,9956.0,1.0
1826.0,2951.0,1.0
1827.0,5685.0,1.0
1827.0,7391.0,1.0
1829.0,3204.0,1.0
1829.0,16163.0,1.0
1832.0,1833.0,1.0
1832.0,16610.0,1.0
1832.0,13901.0,1.0
1833.0,5935.0,1.0
1833.0,6368.0,1.0
1833.0,3112.0,1.0
1837.0,3723.0,1.0
1837.0,10631.0,1.0
1837.0,6355.0,1.0
1838.0,1839.0,1.0
1838.0,5651.0,1.0
1838.0,1865.0,1.0
1839.0,9817.0,1.0
1839.0,12226.0,1.0
1840.0,1841.0,1.0
1840.0,4123.0,1.0
1840.0,4452.0,1.0
1840.0,6405.0,1.0
1841.0,3946.0,1.0
1841.0,16546.0,1.0
1844.0,1845.0,1.0
1844.0,6995.0,1.0
1844.0,13686.0,1.0
1844.0,6648.0,1.0
1845.0,2264.0,1.0
1845.0,3358.0,1.0
1845.0,6577.0,1.0
1849.0,1850.0,1.0
1850.0,4720.0,1.0
1850.0,3814.0,1.0
1853.0,1854.0,1.0
1853.0,10778.0,1.0
1853.0,11747.0,1.0
1854.0,17256.0,1.0
1854.0,14606.0,1.0
1857.0,1858.0,1.0
1857.0,5355.0,1.0
1857.0,7528.0,1.0
1857.0,11005.0,1.0
1858.0,9104.0,1.0
1858.0,19157.0,1.0
1859.0,1860.0,1.0
1859.0,5818.0,1.0
1859.0,8341.0,1.0
1859.0,17996.0,1.0
1860.0,16407.0,1.0
1860.0,8342.0,1.0
1863.0,3388.0,1.0
1863.0,5093.0,1.0
1863.0,6391.0,1.0
1864.0,1865.0,1.0
1864.0,5651.0,1.0
1864.0,7498.0,1.0
1865.0,2623.0,1.0
1865.0,12226.0,1.0
1867.0,1868.0,1.0
1867.0,16807.0,1.0
1867.0,17855.0,1.0
1868.0,3686.0,1.0
1868.0,12711.0,1.0
1869.0,1870.0,1.0
1869.0,11288.0,1.0
1869.0,20434.0,1.0
1870.0,12875.0,1.0
1870.0,5734.0,1.0
1870.0,20436.0,1.0
1873.0,1874.0,1.0
1873.0,7194.0,1.0
1874.0,2797.0,1.0
1874.0,7947.0,1.0
1880.0,1881.0,1.0
1880.0,3900.0,1.0
1880.0,7844.0,1.0
1880.0,5276.0,1.0
1881.0,3901.0,1.0
1881.0,13668.0,1.0
1882.0,1883.0,1.0
1882.0,7612.0,1.0
1882.0,3890.0,1.0
1883.0,2667.0,1.0
1886.0,1887.0,1.0
1886.0,6385.0,1.0
1887.0,7614.0,1.0
1888.0,1889.0,1.0
1888.0,7813.0,1.0
1888.0,4548.0,1.0
1888.0,14753.0,1.0
1889.0,8775.0,1.0
1889.0,9330.0,1.0
1892.0,1893.0,1.0
1892.0,2456.0,1.0
1892.0,5671.0,1.0
1893.0,6126.0,1.0
1896.0,1897.0,1.0
1896.0,12694.0,1.0
1897.0,14558.0,1.0
1898.0,15573.0,1.0
1899.0,1900.0,1.0
1899.0,8517.0,1.0
1899.0,12258.0,1.0
1899.0,5943.0,1.0
1900.0,12258.0,1.0
1900.0,19090.0,1.0
1901.0,17286.0,1.0
1901.0,7421.0,1.0
1901.0,5810.0,1.0
1904.0,5478.0,1.0
1904.0,2130.0,1.0
1904.0,4638.0,1.0
1910.0,2299.0,1.0
1910.0,12270.0,1.0
1910.0,13929.0,1.0
1911.0,7944.0,1.0
1911.0,15016.0,1.0
1912.0,1913.0,1.0
1913.0,20338.0,1.0
1913.0,7593.0,1.0
1915.0,12337.0,1.0
1915.0,7235.0,1.0
1918.0,1919.0,1.0
1918.0,4844.0,1.0
1918.0,2663.0,1.0
1919.0,16458.0,1.0
1919.0,19401.0,1.0
1920.0,4373.0,1.0
1920.0,14247.0,1.0
1920.0,13241.0,1.0
1921.0,1922.0,1.0
1921.0,7863.0,1.0
1921.0,9876.0,1.0
1923.0,1924.0,1.0
1923.0,4956.0,1.0
1924.0,5769.0,1.0
1924.0,5780.0,1.0
1925.0,1926.0,1.0
1925.0,11793.0,1.0
1926.0,3462.0,1.0
1926.0,2520.0,1.0
1927.0,1928.0,1.0
1927.0,5273.0,1.0
1927.0,5188.0,1.0
1927.0,9664.0,1.0
1928.0,3929.0,1.0
1928.0,8062.0,1.0
1928.0,5849.0,1.0
1931.0,1932.0,1.0
1931.0,10069.0,1.0
1931.0,9163.0,1.0
1931.0,8173.0,1.0
1932.0,5773.0,1.0
1932.0,4982.0,1.0
1932.0,7869.0,1.0
1935.0,1936.0,1.0
1936.0,7097.0,1.0
1936.0,13690.0,1.0
1937.0,2864.0,1.0
1937.0,9343.0,1.0
1939.0,1940.0,1.0
1939.0,4974.0,1.0
1939.0,9939.0,1.0
1939.0,13554.0,1.0
1940.0,7325.0,1.0
1940.0,11706.0,1.0
1940.0,7679.0,1.0
1941.0,1942.0,1.0
1941.0,6121.0,1.0
1941.0,10180.0,1.0
1941.0,12223.0,1.0
1942.0,5723.0,1.0
1942.0,11723.0,1.0
1942.0,15432.0,1.0
1942.0,5933.0,1.0
1942.0,10599.0,1.0
1942.0,2783.0,1.0
1951.0,1952.0,1.0
1951.0,14718.0,1.0
1951.0,14516.0,1.0
1952.0,3617.0,1.0
1952.0,5420.0,1.0
1952.0,11853.0,1.0
1953.0,1954.0,1.0
1953.0,5751.0,1.0
1953.0,13414.0,1.0
1953.0,14901.0,1.0
1954.0,12705.0,1.0
1954.0,13161.0,1.0
1958.0,1959.0,1.0
1958.0,7450.0,1.0
1958.0,9958.0,1.0
1958.0,10249.0,1.0
1959.0,9338.0,1.0
1959.0,5627.0,1.0
1959.0,19075.0,1.0
1962.0,1963.0,1.0
1962.0,2110.0,1.0
1962.0,9763.0,1.0
1962.0,20688.0,1.0
1963.0,10590.0,1.0
1963.0,2809.0,1.0
1963.0,15717.0,1.0
1974.0,1975.0,1.0
1974.0,12219.0,1.0
1974.0,16103.0,1.0
1974.0,4627.0,1.0
1975.0,10324.0,1.0
1980.0,1981.0,1.0
1980.0,15965.0,1.0
1980.0,16733.0,1.0
1980.0,16907.0,1.0
1981.0,4585.0,1.0
1981.0,8411.0,1.0
1981.0,6528.0,1.0
1982.0,1983.0,1.0
1982.0,2726.0,1.0
1982.0,8905.0,1.0
1983.0,5453.0,1.0
1983.0,8216.0,1.0
1983.0,8254.0,1.0
1985.0,1986.0,1.0
1985.0,9579.0,1.0
1985.0,7384.0,1.0
1986.0,6493.0,1.0
1986.0,13744.0,1.0
1986.0,7385.0,1.0
1989.0,7792.0,1.0
1989.0,7214.0,1.0
1989.0,13725.0,1.0
1990.0,1991.0,1.0
1990.0,9060.0,1.0
1990.0,7959.0,1.0
1990.0,5521.0,1.0
1991.0,10707.0,1.0
1991.0,5522.0,1.0
1992.0,1993.0,1.0
1992.0,10716.0,1.0
1994.0,1995.0,1.0
1994.0,16307.0,1.0
1994.0,14134.0,1.0
1995.0,6614.0,1.0
1995.0,7304.0,1.0
1998.0,10679.0,1.0
1998.0,8728.0,1.0
1998.0,10442.0,1.0
1999.0,2000.0,1.0
1999.0,6159.0,1.0
1999.0,8237.0,1.0
1999.0,17998.0,1.0
2000.0,11839.0,1.0
2000.0,2047.0,1.0
2000.0,10253.0,1.0
2001.0,2002.0,1.0
2001.0,10683.0,1.0
2001.0,13074.0,1.0
2002.0,8405.0,1.0
2002.0,5213.0,1.0
2002.0,10189.0,1.0
2004.0,2005.0,1.0
2004.0,2602.0,1.0
2004.0,6704.0,1.0
2004.0,17765.0,1.0
2005.0,4300.0,1.0
2005.0,10795.0,1.0
2005.0,6587.0,1.0
2012.0,2013.0,1.0
2012.0,6376.0,1.0
2012.0,10047.0,1.0
2012.0,9764.0,1.0
2013.0,2956.0,1.0
2013.0,9764.0,1.0
2013.0,7907.0,1.0
2014.0,2015.0,1.0
2014.0,7961.0,1.0
2014.0,16661.0,1.0
2014.0,11537.0,1.0
2015.0,5438.0,1.0
2015.0,5349.0,1.0
2015.0,19334.0,1.0
2020.0,2021.0,1.0
2020.0,3609.0,1.0
2020.0,8403.0,1.0
2020.0,3968.0,1.0
2021.0,8404.0,1.0
2021.0,16397.0,1.0
2029.0,7178.0,1.0
2029.0,13234.0,1.0
2029.0,5309.0,1.0
2031.0,2032.0,1.0
2031.0,13908.0,1.0
2031.0,17145.0,1.0
2031.0,15718.0,1.0
2033.0,2034.0,1.0
2033.0,17059.0,1.0
2033.0,14693.0,1.0
2037.0,2038.0,1.0
2037.0,16861.0,1.0
2037.0,16716.0,1.0
2038.0,4924.0,1.0
2038.0,9698.0,1.0
2039.0,19983.0,1.0
2039.0,19996.0,1.0
2040.0,5821.0,1.0
2040.0,3662.0,1.0
2044.0,8165.0,1.0
2047.0,2048.0,1.0
2047.0,6159.0,1.0
2047.0,4722.0,1.0
2048.0,11839.0,1.0
2048.0,4723.0,1.0
2052.0,2053.0,1.0
2053.0,5553.0,1.0
2053.0,13003.0,1.0
2053.0,11832.0,1.0
2054.0,11949.0,1.0
2054.0,11076.0,1.0
2056.0,8867.0,1.0
2056.0,2324.0,1.0
2058.0,2059.0,1.0
2058.0,7377.0,1.0
2058.0,7151.0,1.0
2058.0,12919.0,1.0
2059.0,3492.0,1.0
2059.0,6700.0,1.0
2065.0,2066.0,1.0
2065.0,3941.0,1.0
2065.0,14260.0,1.0
2066.0,2759.0,1.0
2067.0,5783.0,1.0
2067.0,4107.0,1.0
2070.0,2071.0,1.0
2070.0,3209.0,1.0
2071.0,2287.0,1.0
2071.0,6700.0,1.0
2074.0,9647.0,1.0
2075.0,2076.0,1.0
2075.0,6328.0,1.0
2075.0,9077.0,1.0
2076.0,5142.0,1.0
2076.0,13482.0,1.0
2077.0,2396.0,1.0
2077.0,16257.0,1.0
2077.0,13720.0,1.0
2080.0,2081.0,1.0
2080.0,8436.0,1.0
2080.0,8056.0,1.0
2080.0,13489.0,1.0
2081.0,7755.0,1.0
2081.0,6787.0,1.0
2081.0,7890.0,1.0
2082.0,2083.0,1.0
2082.0,9633.0,1.0
2082.0,5902.0,1.0
2083.0,7740.0,1.0
2083.0,5480.0,1.0
2096.0,2097.0,1.0
2096.0,5497.0,1.0
2096.0,5517.0,1.0
2096.0,4935.0,1.0
2097.0,5421.0,1.0
2097.0,4575.0,1.0
2098.0,2099.0,1.0
2098.0,6708.0,1.0
2098.0,13182.0,1.0
2098.0,2430.0,1.0
2099.0,4765.0,1.0
2099.0,7966.0,1.0
2099.0,9149.0,1.0
2100.0,2101.0,1.0
2100.0,7687.0,1.0
2100.0,9209.0,1.0
2100.0,10891.0,1.0
2101.0,8072.0,1.0
2101.0,12547.0,1.0
2101.0,13375.0,1.0
2109.0,2110.0,1.0
2109.0,2357.0,1.0
2109.0,16441.0,1.0
2109.0,9763.0,1.0
2110.0,2809.0,1.0
2110.0,7212.0,1.0
2111.0,2112.0,1.0
2111.0,6851.0,1.0
2111.0,10936.0,1.0
2111.0,4148.0,1.0
2112.0,3495.0,1.0
2112.0,14856.0,1.0
2124.0,2125.0,1.0
2124.0,8109.0,1.0
2124.0,3379.0,1.0
2125.0,4542.0,1.0
2125.0,6623.0,1.0
2127.0,2128.0,1.0
2127.0,6400.0,1.0
2127.0,8816.0,1.0
2127.0,10901.0,1.0
2128.0,5669.0,1.0
2128.0,4677.0,1.0
2129.0,2130.0,1.0
2129.0,2348.0,1.0
2129.0,12165.0,1.0
2130.0,11868.0,1.0
2130.0,12165.0,1.0
2133.0,2134.0,1.0
2134.0,10409.0,1.0
2134.0,5954.0,1.0
2135.0,2136.0,1.0
2135.0,4179.0,1.0
2135.0,5642.0,1.0
2135.0,12075.0,1.0
2136.0,6680.0,1.0
2136.0,16509.0,1.0
2136.0,4651.0,1.0
2139.0,2140.0,1.0
2139.0,15564.0,1.0
2139.0,14943.0,1.0
2140.0,12868.0,1.0
2140.0,14943.0,1.0
2141.0,2142.0,1.0
2141.0,11391.0,1.0
2141.0,11883.0,1.0
2142.0,4063.0,1.0
2143.0,2144.0,1.0
2143.0,10365.0,1.0
2143.0,4259.0,1.0
2144.0,9453.0,1.0
2144.0,8756.0,1.0
2145.0,3160.0,1.0
2145.0,2555.0,1.0
2145.0,12520.0,1.0
2147.0,7773.0,1.0
2147.0,3897.0,1.0
2148.0,2149.0,1.0
2148.0,8474.0,1.0
2148.0,7854.0,1.0
2148.0,7250.0,1.0
2149.0,6799.0,1.0
2149.0,3985.0,1.0
2152.0,6373.0,1.0
2152.0,8435.0,1.0
2152.0,3586.0,1.0
2153.0,2154.0,1.0
2153.0,12571.0,1.0
2153.0,13603.0,1.0
2154.0,9259.0,1.0
2154.0,9078.0,1.0
2154.0,10108.0,1.0
2156.0,2157.0,1.0
2156.0,5338.0,1.0
2156.0,3044.0,1.0
2157.0,3043.0,1.0
2157.0,5338.0,1.0
2158.0,2159.0,1.0
2158.0,10150.0,1.0
2158.0,8389.0,1.0
2159.0,7704.0,1.0
2159.0,5264.0,1.0
2162.0,5077.0,1.0
2162.0,3138.0,1.0
2162.0,9360.0,1.0
2163.0,2164.0,1.0
2163.0,8353.0,1.0
2163.0,4173.0,1.0
2163.0,7415.0,1.0
2164.0,11647.0,1.0
2164.0,4020.0,1.0
2168.0,2169.0,1.0
2168.0,7858.0,1.0
2168.0,8440.0,1.0
2169.0,4626.0,1.0
2169.0,15961.0,1.0
2181.0,2182.0,1.0
2181.0,5214.0,1.0
2181.0,5328.0,1.0
2181.0,3080.0,1.0
2182.0,13347.0,1.0
2182.0,16828.0,1.0
2182.0,7897.0,1.0
2183.0,2184.0,1.0
2184.0,15793.0,1.0
2185.0,2186.0,1.0
2185.0,7807.0,1.0
2185.0,11850.0,1.0
2186.0,3136.0,1.0
2186.0,12563.0,1.0
2187.0,8560.0,1.0
2191.0,2192.0,1.0
2191.0,4087.0,1.0
2191.0,10310.0,1.0
2192.0,6622.0,1.0
2192.0,4973.0,1.0
2193.0,3351.0,1.0
2193.0,20892.0,1.0
2198.0,2199.0,1.0
2198.0,6454.0,1.0
2198.0,9450.0,1.0
2199.0,2944.0,1.0
2199.0,7317.0,1.0
2199.0,3051.0,1.0
2202.0,2203.0,1.0
2202.0,10789.0,1.0
2202.0,14213.0,1.0
2202.0,16506.0,1.0
2203.0,10789.0,1.0
2203.0,18106.0,1.0
2204.0,2205.0,1.0
2204.0,6274.0,1.0
2205.0,16159.0,1.0
2205.0,19489.0,1.0
2210.0,2211.0,1.0
2210.0,6419.0,1.0
2210.0,9618.0,1.0
2210.0,10544.0,1.0
2211.0,7364.0,1.0
2211.0,10544.0,1.0
2221.0,2222.0,1.0
2221.0,14705.0,1.0
2221.0,8896.0,1.0
2221.0,7097.0,1.0
2225.0,2226.0,1.0
2225.0,6181.0,1.0
2225.0,12718.0,1.0
2226.0,4100.0,1.0
2226.0,8573.0,1.0
2235.0,2236.0,1.0
2235.0,6017.0,1.0
2235.0,9118.0,1.0
2235.0,21190.0,1.0
2236.0,4153.0,1.0
2236.0,4921.0,1.0
2236.0,7449.0,1.0
2240.0,2241.0,1.0
2240.0,10166.0,1.0
2241.0,17024.0,1.0
2242.0,2243.0,1.0
2242.0,4652.0,1.0
2242.0,6680.0,1.0
2243.0,13502.0,1.0
2243.0,6506.0,1.0
2244.0,2245.0,1.0
2244.0,7229.0,1.0
2244.0,12878.0,1.0
2244.0,7727.0,1.0
2245.0,16715.0,1.0
2245.0,12878.0,1.0
2246.0,2247.0,1.0
2246.0,10066.0,1.0
2246.0,11239.0,1.0
2247.0,2317.0,1.0
2247.0,3626.0,1.0
2247.0,9876.0,1.0
2248.0,2249.0,1.0
2248.0,7432.0,1.0
2248.0,14711.0,1.0
2249.0,9304.0,1.0
2249.0,3363.0,1.0
2261.0,2262.0,1.0
2261.0,6758.0,1.0
2261.0,16117.0,1.0
2262.0,12583.0,1.0
2264.0,3394.0,1.0
2264.0,6995.0,1.0
2264.0,12759.0,1.0
2265.0,2266.0,1.0
2265.0,10510.0,1.0
2265.0,5590.0,1.0
2265.0,7620.0,1.0
2266.0,10095.0,1.0
2266.0,3944.0,1.0
2266.0,5026.0,1.0
2268.0,2269.0,1.0
2268.0,7786.0,1.0
2268.0,6985.0,1.0
2269.0,7786.0,1.0
2269.0,5384.0,1.0
2270.0,2271.0,1.0
2270.0,9605.0,1.0
2270.0,5626.0,1.0
2270.0,12894.0,1.0
2271.0,16419.0,1.0
2271.0,8905.0,1.0
2272.0,2273.0,1.0
2272.0,2725.0,1.0
2272.0,4140.0,1.0
2272.0,3142.0,1.0
2273.0,10437.0,1.0
2277.0,2278.0,1.0
2277.0,8103.0,1.0
2277.0,10587.0,1.0
2277.0,11242.0,1.0
2278.0,8877.0,1.0
2278.0,14892.0,1.0
2278.0,16194.0,1.0
2279.0,2280.0,1.0
2279.0,4244.0,1.0
2279.0,13253.0,1.0
2279.0,7645.0,1.0
2280.0,2290.0,1.0
2280.0,16347.0,1.0
2280.0,11710.0,1.0
2283.0,2284.0,1.0
2283.0,5951.0,1.0
2283.0,2631.0,1.0
2283.0,17533.0,1.0
2284.0,3907.0,1.0
2284.0,7297.0,1.0
2285.0,2286.0,1.0
2285.0,2638.0,1.0
2285.0,17778.0,1.0
2285.0,17295.0,1.0
2286.0,8139.0,1.0
2286.0,17896.0,1.0
2287.0,2288.0,1.0
2287.0,3281.0,1.0
2287.0,10384.0,1.0
2288.0,3737.0,1.0
2288.0,10051.0,1.0
2290.0,2291.0,1.0
2290.0,6889.0,1.0
2290.0,18448.0,1.0
2291.0,4603.0,1.0
2291.0,13196.0,1.0
2291.0,18449.0,1.0
2295.0,2296.0,1.0
2295.0,12721.0,1.0
2296.0,12721.0,1.0
2299.0,6490.0,1.0
2299.0,10799.0,1.0
2299.0,8199.0,1.0
2304.0,8155.0,1.0
2304.0,6896.0,1.0
2305.0,2306.0,1.0
2305.0,10202.0,1.0
2305.0,6875.0,1.0
2306.0,10605.0,1.0
2306.0,9971.0,1.0
2306.0,3962.0,1.0
2309.0,2310.0,1.0
2309.0,2494.0,1.0
2309.0,6586.0,1.0
2309.0,5003.0,1.0
2310.0,19000.0,1.0
2310.0,20041.0,1.0
2311.0,3918.0,1.0
2311.0,4972.0,1.0
2311.0,12380.0,1.0
2311.0,13082.0,1.0
2312.0,2313.0,1.0
2312.0,14666.0,1.0
2313.0,3827.0,1.0
2313.0,12657.0,1.0
2313.0,11284.0,1.0
2314.0,2315.0,1.0
2314.0,4783.0,1.0
2314.0,7288.0,1.0
2314.0,11023.0,1.0
2315.0,5774.0,1.0
2315.0,7011.0,1.0
2315.0,7895.0,1.0
2317.0,2318.0,1.0
2317.0,8157.0,1.0
2317.0,2850.0,1.0
2318.0,7502.0,1.0
2318.0,16659.0,1.0
2318.0,3171.0,1.0
2319.0,10982.0,1.0
2319.0,16159.0,1.0
2320.0,2321.0,1.0
2320.0,7701.0,1.0
2320.0,7876.0,1.0
2320.0,6851.0,1.0
2321.0,4392.0,1.0
2321.0,20303.0,1.0
2324.0,2325.0,1.0
2324.0,9921.0,1.0
2324.0,12557.0,1.0
2326.0,2327.0,1.0
2326.0,11766.0,1.0
2326.0,12903.0,1.0
2327.0,6148.0,1.0
2327.0,13625.0,1.0
2334.0,2335.0,1.0
2334.0,11198.0,1.0
2334.0,10057.0,1.0
2335.0,6090.0,1.0
2335.0,11198.0,1.0
2336.0,2337.0,1.0
2336.0,17047.0,1.0
2336.0,19013.0,1.0
2337.0,13618.0,1.0
2337.0,16716.0,1.0
2337.0,17047.0,1.0
2339.0,11706.0,1.0
2339.0,8873.0,1.0
2339.0,9027.0,1.0
2339.0,9295.0,1.0
2340.0,2341.0,1.0
2340.0,3462.0,1.0
2340.0,10599.0,1.0
2340.0,14204.0,1.0
2341.0,6932.0,1.0
2341.0,2521.0,1.0
2341.0,10347.0,1.0
2344.0,2345.0,1.0
2344.0,3706.0,1.0
2344.0,14191.0,1.0
2344.0,10784.0,1.0
2345.0,3707.0,1.0
2345.0,9822.0,1.0
2346.0,2347.0,1.0
2346.0,5595.0,1.0
2346.0,5635.0,1.0
2347.0,9249.0,1.0
2347.0,6310.0,1.0
2348.0,7477.0,1.0
2348.0,2545.0,1.0
2349.0,2350.0,1.0
2349.0,3316.0,1.0
2349.0,8031.0,1.0
2350.0,10329.0,1.0
2350.0,3090.0,1.0
2353.0,16532.0,1.0
2353.0,19128.0,1.0
2353.0,7848.0,1.0
2355.0,2533.0,1.0
2355.0,9460.0,1.0
2355.0,13576.0,1.0
2356.0,2357.0,1.0
2356.0,2579.0,1.0
2356.0,12076.0,1.0
2357.0,4612.0,1.0
2360.0,2361.0,1.0
2360.0,12638.0,1.0
2360.0,13763.0,1.0
2361.0,3858.0,1.0
2361.0,3319.0,1.0
2361.0,9233.0,1.0
2369.0,2370.0,1.0
2369.0,7252.0,1.0
2369.0,4529.0,1.0
2370.0,9611.0,1.0
2370.0,6989.0,1.0
2370.0,11058.0,1.0
2375.0,2376.0,1.0
2375.0,5339.0,1.0
2375.0,6121.0,1.0
2375.0,4930.0,1.0
2376.0,12223.0,1.0
2376.0,15433.0,1.0
2380.0,2381.0,1.0
2380.0,3348.0,1.0
2380.0,7079.0,1.0
2380.0,20470.0,1.0
2381.0,7174.0,1.0
2381.0,4050.0,1.0
2381.0,19390.0,1.0
2382.0,2383.0,1.0
2382.0,5965.0,1.0
2382.0,7449.0,1.0
2382.0,14917.0,1.0
2383.0,7450.0,1.0
2383.0,10249.0,1.0
2384.0,2385.0,1.0
2384.0,10789.0,1.0
2384.0,16360.0,1.0
2384.0,14213.0,1.0
2385.0,4410.0,1.0
2385.0,12812.0,1.0
2386.0,2387.0,1.0
2386.0,2547.0,1.0
2386.0,5114.0,1.0
2386.0,7735.0,1.0
2387.0,7735.0,1.0
2387.0,9772.0,1.0
2390.0,9440.0,1.0
2390.0,11305.0,1.0
2390.0,13213.0,1.0
2391.0,2392.0,1.0
2391.0,11448.0,1.0
2391.0,19793.0,1.0
2392.0,7379.0,1.0
2392.0,9630.0,1.0
2393.0,2394.0,1.0
2393.0,11302.0,1.0
2393.0,8863.0,1.0
2394.0,8352.0,1.0
2395.0,2396.0,1.0
2395.0,6065.0,1.0
2395.0,3808.0,1.0
2395.0,15409.0,1.0
2396.0,5062.0,1.0
2396.0,11069.0,1.0
2397.0,2398.0,1.0
2397.0,6867.0,1.0
2397.0,8080.0,1.0
2397.0,11629.0,1.0
2398.0,5693.0,1.0
2398.0,11785.0,1.0
2398.0,6867.0,1.0
2399.0,2400.0,1.0
2399.0,10078.0,1.0
2399.0,13227.0,1.0
2399.0,5853.0,1.0
2400.0,11288.0,1.0
2400.0,14265.0,1.0
2401.0,2402.0,1.0
2402.0,3636.0,1.0
2402.0,9299.0,1.0
2403.0,2404.0,1.0
2403.0,6554.0,1.0
2404.0,12771.0,1.0
2405.0,2406.0,1.0
2405.0,6430.0,1.0
2405.0,6562.0,1.0
2406.0,7000.0,1.0
2406.0,4235.0,1.0
2409.0,2410.0,1.0
2409.0,5696.0,1.0
2409.0,10271.0,1.0
2409.0,7931.0,1.0
2409.0,18975.0,1.0
2410.0,6672.0,1.0
2410.0,10209.0,1.0
2411.0,2412.0,1.0
2411.0,12164.0,1.0
2411.0,16936.0,1.0
2411.0,14942.0,1.0
2413.0,2414.0,1.0
2413.0,5428.0,1.0
2413.0,8638.0,1.0
2413.0,4096.0,1.0
2414.0,9865.0,1.0
2414.0,17294.0,1.0
2415.0,2416.0,1.0
2415.0,9884.0,1.0
2415.0,9778.0,1.0
2415.0,16812.0,1.0
2415.0,13258.0,1.0
2416.0,9778.0,1.0
2416.0,7730.0,1.0
2422.0,10119.0,1.0
2422.0,14121.0,1.0
2429.0,2430.0,1.0
2429.0,6708.0,1.0
2429.0,9851.0,1.0
2429.0,16851.0,1.0
2430.0,4765.0,1.0
2445.0,2446.0,1.0
2445.0,15258.0,1.0
2446.0,6016.0,1.0
2446.0,5868.0,1.0
2446.0,15258.0,1.0
2447.0,5871.0,1.0
2447.0,4628.0,1.0
2450.0,2451.0,1.0
2450.0,7003.0,1.0
2450.0,11329.0,1.0
2450.0,12818.0,1.0
2451.0,3335.0,1.0
2451.0,9151.0,1.0
2451.0,3399.0,1.0
2456.0,2457.0,1.0
2456.0,5893.0,1.0
2457.0,5759.0,1.0
2457.0,10693.0,1.0
2460.0,2461.0,1.0
2460.0,16608.0,1.0
2460.0,9940.0,1.0
2464.0,2465.0,1.0
2464.0,8468.0,1.0
2465.0,13075.0,1.0
2467.0,2468.0,1.0
2467.0,9241.0,1.0
2467.0,10535.0,1.0
2467.0,12614.0,1.0
2468.0,7060.0,1.0
2468.0,10014.0,1.0
2469.0,3265.0,1.0
2469.0,8666.0,1.0
2469.0,9698.0,1.0
2470.0,2471.0,1.0
2470.0,10382.0,1.0
2470.0,21064.0,1.0
2471.0,14065.0,1.0
2471.0,21021.0,1.0
2473.0,3045.0,1.0
2473.0,3203.0,1.0
2475.0,2476.0,1.0
2475.0,8241.0,1.0
2475.0,12727.0,1.0
2476.0,13466.0,1.0
2476.0,14655.0,1.0
2477.0,2478.0,1.0
2477.0,10578.0,1.0
2477.0,21195.0,1.0
2478.0,2586.0,1.0
2478.0,2545.0,1.0
2480.0,8668.0,1.0
2480.0,18310.0,1.0
2481.0,7782.0,1.0
2481.0,7024.0,1.0
2484.0,2485.0,1.0
2484.0,9288.0,1.0
2484.0,11680.0,1.0
2484.0,5914.0,1.0
2485.0,16697.0,1.0
2485.0,4598.0,1.0
2491.0,8059.0,1.0
2491.0,6026.0,1.0
2491.0,6144.0,1.0
2492.0,11345.0,1.0
2492.0,14549.0,1.0
2494.0,5838.0,1.0
2494.0,12074.0,1.0
2499.0,12892.0,1.0
2499.0,6382.0,1.0
2499.0,9980.0,1.0
2506.0,2507.0,1.0
2506.0,6764.0,1.0
2506.0,14139.0,1.0
2507.0,9105.0,1.0
2507.0,13299.0,1.0
2513.0,2514.0,1.0
2513.0,4237.0,1.0
2514.0,6336.0,1.0
2514.0,10135.0,1.0
2514.0,3733.0,1.0
2515.0,3710.0,1.0
2515.0,6456.0,1.0
2515.0,16370.0,1.0
2516.0,2517.0,1.0
2516.0,4472.0,1.0
2516.0,13761.0,1.0
2517.0,8358.0,1.0
2517.0,9736.0,1.0
2518.0,2519.0,1.0
2518.0,3350.0,1.0
2518.0,12089.0,1.0
2518.0,11117.0,1.0
2519.0,3395.0,1.0
2519.0,7834.0,1.0
2519.0,10232.0,1.0
2520.0,2521.0,1.0
2520.0,3319.0,1.0
2520.0,13146.0,1.0
2521.0,3462.0,1.0
2521.0,13619.0,1.0
2522.0,2523.0,1.0
2522.0,7908.0,1.0
2522.0,4250.0,1.0
2523.0,11179.0,1.0
2531.0,12187.0,1.0
2531.0,13117.0,1.0
2532.0,2533.0,1.0
2532.0,10807.0,1.0
2532.0,14061.0,1.0
2532.0,19488.0,1.0
2533.0,16935.0,1.0
2536.0,2537.0,1.0
2536.0,17722.0,1.0
2536.0,18288.0,1.0
2537.0,15471.0,1.0
2537.0,10290.0,1.0
2538.0,2539.0,1.0
2539.0,6276.0,1.0
2539.0,16698.0,1.0
2540.0,3191.0,1.0
2540.0,4466.0,1.0
2540.0,4792.0,1.0
2541.0,2542.0,1.0
2541.0,6912.0,1.0
2541.0,6782.0,1.0
2542.0,10200.0,1.0
2542.0,9392.0,1.0
2542.0,4294.0,1.0
2543.0,13160.0,1.0
2543.0,9333.0,1.0
2545.0,2838.0,1.0
2547.0,9362.0,1.0
2547.0,14007.0,1.0
2552.0,2553.0,1.0
2552.0,9692.0,1.0
2552.0,3749.0,1.0
2552.0,8419.0,1.0
2553.0,4716.0,1.0
2553.0,4957.0,1.0
2553.0,11886.0,1.0
2554.0,3203.0,1.0
2554.0,5245.0,1.0
2554.0,4385.0,1.0
2555.0,2556.0,1.0
2555.0,9208.0,1.0
2555.0,12547.0,1.0
2556.0,3160.0,1.0
2556.0,8072.0,1.0
2557.0,2558.0,1.0
2557.0,7223.0,1.0
2557.0,10801.0,1.0
2557.0,11778.0,1.0
2558.0,8980.0,1.0
2558.0,11581.0,1.0
2558.0,8504.0,1.0
2566.0,2567.0,1.0
2566.0,7603.0,1.0
2566.0,14999.0,1.0
2567.0,10939.0,1.0
2567.0,11161.0,1.0
2567.0,3999.0,1.0
2568.0,10474.0,1.0
2568.0,6969.0,1.0
2568.0,8251.0,1.0
2568.0,4132.0,1.0
2570.0,2571.0,1.0
2570.0,9392.0,1.0
2570.0,8180.0,1.0
2571.0,10656.0,1.0
2571.0,4037.0,1.0
2571.0,6761.0,1.0
2574.0,2575.0,1.0
2574.0,2590.0,1.0
2574.0,7119.0,1.0
2574.0,10708.0,1.0
2575.0,5249.0,1.0
2575.0,12605.0,1.0
2575.0,13305.0,1.0
2576.0,6583.0,1.0
2576.0,8699.0,1.0
2576.0,8068.0,1.0
2577.0,7076.0,1.0
2577.0,7610.0,1.0
2578.0,2579.0,1.0
2578.0,9663.0,1.0
2578.0,12777.0,1.0
2579.0,8505.0,1.0
2579.0,5850.0,1.0
2580.0,2581.0,1.0
2581.0,10167.0,1.0
2581.0,11653.0,1.0
2581.0,20995.0,1.0
2584.0,2585.0,1.0
2584.0,8296.0,1.0
2584.0,10453.0,1.0
2585.0,4893.0,1.0
2585.0,7049.0,1.0
2586.0,2587.0,1.0
2586.0,10578.0,1.0
2586.0,21189.0,1.0
2587.0,20200.0,1.0
2590.0,4146.0,1.0
2590.0,5249.0,1.0
2590.0,3988.0,1.0
2591.0,7630.0,1.0
2591.0,10964.0,1.0
2594.0,5556.0,1.0
2594.0,5382.0,1.0
2594.0,8198.0,1.0
2595.0,2662.0,1.0
2595.0,6755.0,1.0
2595.0,6207.0,1.0
2596.0,6415.0,1.0
2596.0,11626.0,1.0
2600.0,2601.0,1.0
2600.0,2985.0,1.0
2600.0,12848.0,1.0
2600.0,11563.0,1.0
2602.0,4245.0,1.0
2602.0,4300.0,1.0
2608.0,2609.0,1.0
2608.0,4489.0,1.0
2608.0,9897.0,1.0
2608.0,19352.0,1.0
2609.0,4963.0,1.0
2609.0,8343.0,1.0
2609.0,8362.0,1.0
2612.0,5037.0,1.0
2612.0,19635.0,1.0
2614.0,5357.0,1.0
2617.0,2618.0,1.0
2617.0,9316.0,1.0
2617.0,9010.0,1.0
2618.0,4746.0,1.0
2618.0,6513.0,1.0
2621.0,2622.0,1.0
2622.0,13052.0,1.0
2622.0,20576.0,1.0
2623.0,2624.0,1.0
2623.0,5319.0,1.0
2624.0,12226.0,1.0
2624.0,13505.0,1.0
2625.0,5932.0,1.0
2625.0,9000.0,1.0
2625.0,10757.0,1.0
2626.0,2627.0,1.0
2626.0,8292.0,1.0
2626.0,6886.0,1.0
2626.0,5587.0,1.0
2627.0,5684.0,1.0
2627.0,11199.0,1.0
2630.0,2631.0,1.0
2630.0,16505.0,1.0
2630.0,5951.0,1.0
2631.0,8987.0,1.0
2631.0,3258.0,1.0
2632.0,2633.0,1.0
2632.0,14897.0,1.0
2632.0,3012.0,1.0
2632.0,12127.0,1.0
2633.0,5458.0,1.0
2633.0,3061.0,1.0
2634.0,2903.0,1.0
2634.0,12669.0,1.0
2634.0,3657.0,1.0
2638.0,12855.0,1.0
2638.0,15949.0,1.0
2658.0,2659.0,1.0
2658.0,4862.0,1.0
2658.0,10684.0,1.0
2658.0,21011.0,1.0
2659.0,2869.0,1.0
2659.0,7734.0,1.0
2659.0,6781.0,1.0
2662.0,16575.0,1.0
2662.0,16585.0,1.0
2663.0,2784.0,1.0
2663.0,2781.0,1.0
2666.0,2871.0,1.0
2666.0,3090.0,1.0
2667.0,2668.0,1.0
2667.0,2736.0,1.0
2668.0,13656.0,1.0
2668.0,10441.0,1.0
2669.0,2670.0,1.0
2669.0,6753.0,1.0
2669.0,9699.0,1.0
2669.0,7904.0,1.0
2670.0,3684.0,1.0
2670.0,9408.0,1.0
2670.0,16358.0,1.0
2671.0,12668.0,1.0
2671.0,14525.0,1.0
2671.0,6564.0,1.0
2673.0,2674.0,1.0
2673.0,8646.0,1.0
2673.0,3147.0,1.0
2674.0,11177.0,1.0
2674.0,16602.0,1.0
2683.0,2684.0,1.0
2683.0,11872.0,1.0
2683.0,12783.0,1.0
2684.0,9260.0,1.0
2684.0,12823.0,1.0
2685.0,2686.0,1.0
2685.0,8769.0,1.0
2685.0,9026.0,1.0
2686.0,15053.0,1.0
2686.0,16952.0,1.0
2695.0,2696.0,1.0
2696.0,16077.0,1.0
2696.0,9399.0,1.0
2702.0,10723.0,1.0
2702.0,8461.0,1.0
2702.0,3127.0,1.0
2704.0,12596.0,1.0
2704.0,8929.0,1.0
2707.0,2708.0,1.0
2707.0,9424.0,1.0
2707.0,14575.0,1.0
2708.0,4322.0,1.0
2713.0,3589.0,1.0
2713.0,6501.0,1.0
2714.0,2715.0,1.0
2714.0,14949.0,1.0
2714.0,7556.0,1.0
2714.0,14055.0,1.0
2715.0,6941.0,1.0
2715.0,20914.0,1.0
2715.0,20915.0,1.0
2720.0,2721.0,1.0
2720.0,8703.0,1.0
2720.0,6820.0,1.0
2720.0,10117.0,1.0
2721.0,14645.0,1.0
2722.0,2723.0,1.0
2722.0,6025.0,1.0
2722.0,8884.0,1.0
2722.0,16189.0,1.0
2723.0,11082.0,1.0
2723.0,11092.0,1.0
2723.0,16481.0,1.0
2725.0,6600.0,1.0
2725.0,7621.0,1.0
2726.0,8254.0,1.0
2726.0,11090.0,1.0
2726.0,8135.0,1.0
2727.0,2728.0,1.0
2727.0,9762.0,1.0
2727.0,10190.0,1.0
2727.0,13637.0,1.0
2728.0,4067.0,1.0
2728.0,4473.0,1.0
2728.0,13637.0,1.0
2730.0,14711.0,1.0
2730.0,7489.0,1.0
2731.0,2732.0,1.0
2732.0,16081.0,1.0
2732.0,9089.0,1.0
2734.0,3421.0,1.0
2734.0,10859.0,1.0
2734.0,2740.0,1.0
2735.0,5616.0,1.0
2735.0,13017.0,1.0
2735.0,6515.0,1.0
2736.0,2737.0,1.0
2736.0,5963.0,1.0
2736.0,11579.0,1.0
2737.0,10441.0,1.0
2737.0,12472.0,1.0
2740.0,2741.0,1.0
2740.0,4635.0,1.0
2741.0,3421.0,1.0
2741.0,19461.0,1.0
2741.0,20264.0,1.0
2741.0,20476.0,1.0
2744.0,2745.0,1.0
2744.0,3066.0,1.0
2744.0,4147.0,1.0
2744.0,12222.0,1.0
2745.0,11023.0,1.0
2745.0,12600.0,1.0
2745.0,4783.0,1.0
2746.0,2747.0,1.0
2746.0,6220.0,1.0
2746.0,2970.0,1.0
2746.0,17631.0,1.0
2747.0,17667.0,1.0
2747.0,18296.0,1.0
2750.0,2751.0,1.0
2750.0,4847.0,1.0
2750.0,14907.0,1.0
2751.0,8435.0,1.0
2751.0,6373.0,1.0
2754.0,2755.0,1.0
2754.0,6384.0,1.0
2754.0,20885.0,1.0
2754.0,20963.0,1.0
2755.0,8214.0,1.0
2755.0,14461.0,1.0
2755.0,20887.0,1.0
2759.0,4931.0,1.0
2759.0,11593.0,1.0
2760.0,2761.0,1.0
2760.0,4221.0,1.0
2760.0,7564.0,1.0
2761.0,7488.0,1.0
2761.0,5798.0,1.0
2762.0,13349.0,1.0
2762.0,16827.0,1.0
2765.0,9349.0,1.0
2765.0,3588.0,1.0
2766.0,2767.0,1.0
2766.0,12555.0,1.0
2768.0,2769.0,1.0
2768.0,5488.0,1.0
2768.0,13406.0,1.0
2769.0,10776.0,1.0
2769.0,5877.0,1.0
2777.0,7900.0,1.0
2777.0,4957.0,1.0
2777.0,13938.0,1.0
2778.0,11426.0,1.0
2778.0,6541.0,1.0
2778.0,9238.0,1.0
2778.0,10070.0,1.0
2779.0,2780.0,1.0
2779.0,4448.0,1.0
2779.0,6442.0,1.0
2780.0,6299.0,1.0
2780.0,4449.0,1.0
2781.0,13246.0,1.0
2781.0,5472.0,1.0
2783.0,2784.0,1.0
2783.0,6399.0,1.0
2783.0,11723.0,1.0
2783.0,4941.0,1.0
2783.0,10599.0,1.0
2784.0,5472.0,1.0
2784.0,4844.0,1.0
2787.0,2788.0,1.0
2787.0,14793.0,1.0
2787.0,19128.0,1.0
2788.0,5597.0,1.0
2788.0,3126.0,1.0
2788.0,19131.0,1.0
2789.0,2790.0,1.0
2789.0,9776.0,1.0
2789.0,16379.0,1.0
2790.0,7808.0,1.0
2790.0,17825.0,1.0
2791.0,2792.0,1.0
2791.0,3823.0,1.0
2791.0,11749.0,1.0
2791.0,6954.0,1.0
2793.0,2794.0,1.0
2793.0,8054.0,1.0
2793.0,6085.0,1.0
2793.0,14344.0,1.0
2794.0,7407.0,1.0
2794.0,14162.0,1.0
2794.0,6086.0,1.0
2797.0,2798.0,1.0
2797.0,4326.0,1.0
2798.0,8990.0,1.0
2798.0,10716.0,1.0
2798.0,14574.0,1.0
2800.0,10021.0,1.0
2800.0,3899.0,1.0
2800.0,4314.0,1.0
2801.0,2802.0,1.0
2801.0,2896.0,1.0
2801.0,11447.0,1.0
2802.0,16564.0,1.0
2803.0,2804.0,1.0
2803.0,11214.0,1.0
2803.0,12247.0,1.0
2804.0,5993.0,1.0
2804.0,6922.0,1.0
2804.0,4611.0,1.0
2805.0,2806.0,1.0
2806.0,6694.0,1.0
2806.0,5946.0,1.0
2807.0,2808.0,1.0
2807.0,2967.0,1.0
2807.0,9411.0,1.0
2807.0,10330.0,1.0
2808.0,6108.0,1.0
2808.0,14416.0,1.0
2809.0,13114.0,1.0
2809.0,13451.0,1.0
2810.0,2811.0,1.0
2810.0,11105.0,1.0
2810.0,9321.0,1.0
2811.0,11105.0,1.0
2811.0,9322.0,1.0
2812.0,2813.0,1.0
2812.0,10188.0,1.0
2812.0,14652.0,1.0
2813.0,7234.0,1.0
2813.0,6300.0,1.0
2814.0,2815.0,1.0
2814.0,8725.0,1.0
2814.0,11597.0,1.0
2815.0,3320.0,1.0
2815.0,20454.0,1.0
2816.0,2817.0,1.0
2816.0,7888.0,1.0
2816.0,16096.0,1.0
2817.0,11680.0,1.0
2817.0,8956.0,1.0
2820.0,2821.0,1.0
2820.0,16585.0,1.0
2820.0,16433.0,1.0
2821.0,11125.0,1.0
2821.0,14546.0,1.0
2825.0,10292.0,1.0
2825.0,10158.0,1.0
2839.0,13041.0,1.0
2839.0,12241.0,1.0
2840.0,2841.0,1.0
2840.0,13083.0,1.0
2841.0,6721.0,1.0
2841.0,9980.0,1.0
2841.0,13266.0,1.0
2842.0,2843.0,1.0
2842.0,10227.0,1.0
2842.0,11617.0,1.0
2842.0,14595.0,1.0
2844.0,2845.0,1.0
2844.0,4100.0,1.0
2844.0,9025.0,1.0
2845.0,9025.0,1.0
2846.0,2847.0,1.0
2846.0,11266.0,1.0
2846.0,5847.0,1.0
2846.0,13564.0,1.0
2847.0,9125.0,1.0
2847.0,5848.0,1.0
2848.0,2849.0,1.0
2848.0,7567.0,1.0
2848.0,10997.0,1.0
2848.0,10874.0,1.0
2849.0,4961.0,1.0
2849.0,9410.0,1.0
2849.0,4323.0,1.0
2850.0,2851.0,1.0
2850.0,3626.0,1.0
2850.0,3170.0,1.0
2851.0,10800.0,1.0
2851.0,11020.0,1.0
2851.0,11312.0,1.0
2852.0,2853.0,1.0
2852.0,9949.0,1.0
2853.0,3504.0,1.0
2853.0,3505.0,1.0
2855.0,11049.0,1.0
2856.0,2857.0,1.0
2857.0,10080.0,1.0
2857.0,11841.0,1.0
2857.0,8205.0,1.0
2860.0,2861.0,1.0
2860.0,8837.0,1.0
2860.0,14870.0,1.0
2861.0,17034.0,1.0
2861.0,17106.0,1.0
2862.0,2863.0,1.0
2863.0,9806.0,1.0
2863.0,16069.0,1.0
2864.0,8427.0,1.0
2868.0,3042.0,1.0
2868.0,3484.0,1.0
2868.0,11630.0,1.0
2869.0,10684.0,1.0
2869.0,6782.0,1.0
2870.0,2871.0,1.0
2870.0,3805.0,1.0
2870.0,14281.0,1.0
2871.0,16561.0,1.0
2872.0,2873.0,1.0
2872.0,13393.0,1.0
2872.0,15830.0,1.0
2873.0,9632.0,1.0
2873.0,3915.0,1.0
2874.0,2875.0,1.0
2874.0,5045.0,1.0
2874.0,9252.0,1.0
2874.0,3669.0,1.0
2875.0,4550.0,1.0
2875.0,8234.0,1.0
2875.0,10821.0,1.0
2879.0,6675.0,1.0
2879.0,13349.0,1.0
2884.0,2885.0,1.0
2884.0,8140.0,1.0
2884.0,5137.0,1.0
2884.0,7696.0,1.0
2885.0,11657.0,1.0
2885.0,11428.0,1.0
2890.0,2891.0,1.0
2890.0,3866.0,1.0
2890.0,11872.0,1.0
2891.0,3085.0,1.0
2892.0,7543.0,1.0
2892.0,9713.0,1.0
2892.0,13588.0,1.0
2893.0,2894.0,1.0
2893.0,4253.0,1.0
2893.0,5964.0,1.0
2893.0,7067.0,1.0
2894.0,8113.0,1.0
2894.0,11717.0,1.0
2894.0,10421.0,1.0
2896.0,2897.0,1.0
2896.0,9180.0,1.0
2897.0,7845.0,1.0
2898.0,2899.0,1.0
2898.0,6815.0,1.0
2898.0,3043.0,1.0
2899.0,10247.0,1.0
2899.0,5250.0,1.0
2899.0,3044.0,1.0
2902.0,2916.0,1.0
2902.0,3620.0,1.0
2903.0,4588.0,1.0
2903.0,13310.0,1.0
2906.0,2907.0,1.0
2906.0,3762.0,1.0
2906.0,6556.0,1.0
2909.0,2910.0,1.0
2909.0,6467.0,1.0
2909.0,10055.0,1.0
2910.0,4040.0,1.0
2910.0,14021.0,1.0
2911.0,2912.0,1.0
2911.0,16840.0,1.0
2911.0,8830.0,1.0
2916.0,3621.0,1.0
2919.0,10453.0,1.0
2919.0,7358.0,1.0
2919.0,12095.0,1.0
2921.0,8818.0,1.0
2921.0,20344.0,1.0
2926.0,2927.0,1.0
2926.0,12121.0,1.0
2926.0,6544.0,1.0
2927.0,11858.0,1.0
2933.0,2934.0,1.0
2933.0,9137.0,1.0
2933.0,10605.0,1.0
2933.0,9971.0,1.0
2934.0,5576.0,1.0
2934.0,5179.0,1.0
2935.0,2936.0,1.0
2936.0,17837.0,1.0
2944.0,4604.0,1.0
2944.0,6590.0,1.0
2944.0,11339.0,1.0
2945.0,2946.0,1.0
2946.0,10856.0,1.0
2946.0,17461.0,1.0
2947.0,5836.0,1.0
2947.0,14021.0,1.0
2947.0,7010.0,1.0
2950.0,2951.0,1.0
2950.0,3784.0,1.0
2950.0,6395.0,1.0
2950.0,12268.0,1.0
2951.0,7854.0,1.0
2951.0,6196.0,1.0
2952.0,2953.0,1.0
2952.0,9902.0,1.0
2952.0,7662.0,1.0
2952.0,6694.0,1.0
2953.0,5004.0,1.0
2953.0,4966.0,1.0
2953.0,12107.0,1.0
2954.0,2955.0,1.0
2954.0,7181.0,1.0
2954.0,16320.0,1.0
2955.0,8644.0,1.0
2956.0,11606.0,1.0
2956.0,7022.0,1.0
2956.0,7907.0,1.0
2958.0,9976.0,1.0
2958.0,13131.0,1.0
2967.0,7566.0,1.0
2967.0,8124.0,1.0
2967.0,3156.0,1.0
2970.0,2971.0,1.0
2970.0,12978.0,1.0
2971.0,17667.0,1.0
2971.0,6020.0,1.0
2972.0,2973.0,1.0
2972.0,3062.0,1.0
2972.0,11276.0,1.0
2973.0,10598.0,1.0
2973.0,8793.0,1.0
2976.0,2977.0,1.0
2976.0,4483.0,1.0
2976.0,6384.0,1.0
2976.0,9825.0,1.0
2976.0,20960.0,1.0
2977.0,7162.0,1.0
2977.0,16452.0,1.0
2977.0,13392.0,1.0
2978.0,2979.0,1.0
2978.0,10877.0,1.0
2978.0,14182.0,1.0
2979.0,10870.0,1.0
2979.0,3879.0,1.0
2980.0,7848.0,1.0
2980.0,15072.0,1.0
2980.0,14055.0,1.0
2985.0,2986.0,1.0
2985.0,14607.0,1.0
2986.0,9807.0,1.0
2986.0,13109.0,1.0
2986.0,16101.0,1.0
2987.0,9217.0,1.0
2988.0,2989.0,1.0
2988.0,10013.0,1.0
2988.0,16929.0,1.0
2989.0,3467.0,1.0
2989.0,6447.0,1.0
2989.0,13008.0,1.0
2990.0,5452.0,1.0
2990.0,6526.0,1.0
2990.0,13182.0,1.0
2991.0,7529.0,1.0
2991.0,3895.0,1.0
2991.0,6382.0,1.0
2991.0,3180.0,1.0
2997.0,4044.0,1.0
2997.0,3405.0,1.0
2997.0,12808.0,1.0
3007.0,3008.0,1.0
3007.0,8135.0,1.0
3007.0,14390.0,1.0
3008.0,3234.0,1.0
3008.0,9401.0,1.0
3011.0,3012.0,1.0
3011.0,16717.0,1.0
3011.0,14897.0,1.0
3012.0,5458.0,1.0
3012.0,16397.0,1.0
3013.0,6455.0,1.0
3013.0,4310.0,1.0
3013.0,5435.0,1.0
3014.0,3015.0,1.0
3014.0,3854.0,1.0
3015.0,4501.0,1.0
3015.0,9621.0,1.0
3015.0,3853.0,1.0
3016.0,3017.0,1.0
3016.0,10900.0,1.0
3017.0,7334.0,1.0
3017.0,12146.0,1.0
3020.0,3021.0,1.0
3020.0,6641.0,1.0
3020.0,3433.0,1.0
3021.0,9064.0,1.0
3021.0,11987.0,1.0
3028.0,3605.0,1.0
3028.0,11052.0,1.0
3029.0,3030.0,1.0
3029.0,13844.0,1.0
3029.0,13224.0,1.0
3030.0,6433.0,1.0
3038.0,3039.0,1.0
3039.0,6656.0,1.0
3039.0,9700.0,1.0
3039.0,3527.0,1.0
3040.0,3041.0,1.0
3040.0,3723.0,1.0
3040.0,6355.0,1.0
3040.0,4675.0,1.0
3041.0,11520.0,1.0
3041.0,8303.0,1.0
3042.0,3234.0,1.0
3042.0,6511.0,1.0
3042.0,13242.0,1.0
3043.0,3044.0,1.0
3044.0,7686.0,1.0
3045.0,3785.0,1.0
3046.0,3047.0,1.0
3046.0,10062.0,1.0
3046.0,11820.0,1.0
3047.0,5637.0,1.0
3047.0,8525.0,1.0
3047.0,7841.0,1.0
3050.0,10576.0,1.0
3050.0,7271.0,1.0
3050.0,10083.0,1.0
3051.0,3052.0,1.0
3051.0,11339.0,1.0
3051.0,6141.0,1.0
3052.0,3952.0,1.0
3053.0,3054.0,1.0
3053.0,7207.0,1.0
3053.0,8103.0,1.0
3054.0,10313.0,1.0
3054.0,11649.0,1.0
3061.0,3062.0,1.0
3062.0,9402.0,1.0
3064.0,3065.0,1.0
3064.0,5263.0,1.0
3065.0,8389.0,1.0
3065.0,13472.0,1.0
3066.0,3121.0,1.0
3066.0,6057.0,1.0
3066.0,3663.0,1.0
3068.0,3069.0,1.0
3068.0,13857.0,1.0
3069.0,5660.0,1.0
3069.0,12347.0,1.0
3079.0,3080.0,1.0
3079.0,3768.0,1.0
3079.0,4463.0,1.0
3080.0,6885.0,1.0
3083.0,3084.0,1.0
3083.0,8764.0,1.0
3083.0,8688.0,1.0
3084.0,7671.0,1.0
3085.0,13925.0,1.0
3090.0,3091.0,1.0
3090.0,8031.0,1.0
3097.0,3098.0,1.0
3097.0,13646.0,1.0
3104.0,3864.0,1.0
3104.0,9608.0,1.0
3104.0,8717.0,1.0
3105.0,3770.0,1.0
3106.0,3829.0,1.0
3106.0,10665.0,1.0
3106.0,6166.0,1.0
3107.0,3108.0,1.0
3107.0,5192.0,1.0
3107.0,9322.0,1.0
3107.0,14721.0,1.0
3108.0,3713.0,1.0
3108.0,7494.0,1.0
3108.0,8526.0,1.0
3109.0,3110.0,1.0
3109.0,3426.0,1.0
3109.0,19154.0,1.0
3111.0,10519.0,1.0
3111.0,21126.0,1.0
3111.0,8977.0,1.0
3111.0,8349.0,1.0
3112.0,3113.0,1.0
3112.0,7972.0,1.0
3113.0,4106.0,1.0
3113.0,9882.0,1.0
3114.0,3115.0,1.0
3114.0,3930.0,1.0
3114.0,3994.0,1.0
3115.0,3994.0,1.0
3115.0,10248.0,1.0
3119.0,3120.0,1.0
3119.0,7586.0,1.0
3120.0,13538.0,1.0
3121.0,3724.0,1.0
3121.0,12222.0,1.0
3121.0,11083.0,1.0
3122.0,3123.0,1.0
3123.0,9294.0,1.0
3123.0,9173.0,1.0
3125.0,3126.0,1.0
3125.0,19131.0,1.0
3125.0,15352.0,1.0
3126.0,18168.0,1.0
3127.0,3128.0,1.0
3127.0,7899.0,1.0
3127.0,9606.0,1.0
3128.0,6053.0,1.0
3128.0,13012.0,1.0
3129.0,3130.0,1.0
3129.0,10382.0,1.0
3132.0,10789.0,1.0
3132.0,14207.0,1.0
3134.0,3135.0,1.0
3134.0,11335.0,1.0
3134.0,9608.0,1.0
3135.0,3865.0,1.0
3135.0,7428.0,1.0
3136.0,3137.0,1.0
3136.0,9190.0,1.0
3137.0,6411.0,1.0
3137.0,3466.0,1.0
3138.0,13551.0,1.0
3138.0,3503.0,1.0
3141.0,3142.0,1.0
3141.0,12759.0,1.0
3141.0,5730.0,1.0
3141.0,9667.0,1.0
3142.0,6539.0,1.0
3142.0,6600.0,1.0
3143.0,8181.0,1.0
3143.0,10882.0,1.0
3145.0,3146.0,1.0
3145.0,6005.0,1.0
3145.0,11495.0,1.0
3145.0,14263.0,1.0
3146.0,5248.0,1.0
3146.0,5785.0,1.0
3147.0,4340.0,1.0
3147.0,4002.0,1.0
3150.0,11688.0,1.0
3150.0,7435.0,1.0
3150.0,11294.0,1.0
3153.0,3154.0,1.0
3153.0,8649.0,1.0
3154.0,3547.0,1.0
3154.0,5330.0,1.0
3155.0,4187.0,1.0
3155.0,15927.0,1.0
3156.0,3157.0,1.0
3156.0,3167.0,1.0
3156.0,7565.0,1.0
3157.0,8124.0,1.0
3157.0,9367.0,1.0
3157.0,7046.0,1.0
3160.0,3648.0,1.0
3160.0,12419.0,1.0
3166.0,3167.0,1.0
3166.0,7140.0,1.0
3166.0,5618.0,1.0
3167.0,3404.0,1.0
3167.0,7046.0,1.0
3168.0,3169.0,1.0
3168.0,3187.0,1.0
3168.0,9434.0,1.0
3169.0,4232.0,1.0
3169.0,9435.0,1.0
3170.0,3171.0,1.0
3170.0,12677.0,1.0
3171.0,3989.0,1.0
3171.0,10800.0,1.0
3173.0,3174.0,1.0
3173.0,13430.0,1.0
3173.0,6387.0,1.0
3174.0,5717.0,1.0
3174.0,4539.0,1.0
3174.0,13860.0,1.0
3175.0,6009.0,1.0
3175.0,12366.0,1.0
3180.0,7395.0,1.0
3180.0,14363.0,1.0
3182.0,3183.0,1.0
3183.0,10619.0,1.0
3183.0,11438.0,1.0
3186.0,3187.0,1.0
3186.0,7326.0,1.0
3186.0,10893.0,1.0
3187.0,4313.0,1.0
3191.0,3406.0,1.0
3191.0,4161.0,1.0
3192.0,3193.0,1.0
3192.0,16426.0,1.0
3192.0,12656.0,1.0
3193.0,8693.0,1.0
3193.0,10794.0,1.0
3194.0,3195.0,1.0
3194.0,6398.0,1.0
3194.0,9448.0,1.0
3195.0,5588.0,1.0
3195.0,4501.0,1.0
3195.0,8271.0,1.0
3196.0,12621.0,1.0
3198.0,3199.0,1.0
3198.0,7898.0,1.0
3198.0,13615.0,1.0
3199.0,7217.0,1.0
3199.0,3857.0,1.0
3199.0,14092.0,1.0
3200.0,16106.0,1.0
3200.0,12754.0,1.0
3201.0,3202.0,1.0
3201.0,9471.0,1.0
3201.0,7824.0,1.0
3202.0,4974.0,1.0
3202.0,4454.0,1.0
3202.0,9645.0,1.0
3203.0,11226.0,1.0
3204.0,9783.0,1.0
3204.0,8550.0,1.0
3209.0,12001.0,1.0
3210.0,14286.0,1.0
3210.0,9306.0,1.0
3213.0,3214.0,1.0
3213.0,5866.0,1.0
3213.0,11028.0,1.0
3214.0,6501.0,1.0
3214.0,5301.0,1.0
3214.0,5867.0,1.0
3215.0,3216.0,1.0
3216.0,9105.0,1.0
3216.0,15140.0,1.0
3223.0,3224.0,1.0
3223.0,6060.0,1.0
3224.0,4799.0,1.0
3226.0,16561.0,1.0
3227.0,7257.0,1.0
3227.0,14192.0,1.0
3228.0,3229.0,1.0
3228.0,8496.0,1.0
3228.0,9886.0,1.0
3230.0,3887.0,1.0
3230.0,18170.0,1.0
3231.0,8715.0,1.0
3231.0,10418.0,1.0
3237.0,3238.0,1.0
3237.0,3900.0,1.0
3237.0,13367.0,1.0
3237.0,7082.0,1.0
3238.0,10830.0,1.0
3238.0,16810.0,1.0
3238.0,3901.0,1.0
3239.0,3240.0,1.0
3239.0,9098.0,1.0
3239.0,7074.0,1.0
3240.0,9836.0,1.0
3240.0,18527.0,1.0
3240.0,16798.0,1.0
3245.0,10692.0,1.0
3245.0,5226.0,1.0
3247.0,3248.0,1.0
3247.0,5817.0,1.0
3247.0,13873.0,1.0
3248.0,6328.0,1.0
3248.0,9076.0,1.0
3256.0,3257.0,1.0
3256.0,13037.0,1.0
3257.0,12980.0,1.0
3257.0,14011.0,1.0
3258.0,3259.0,1.0
3258.0,8815.0,1.0
3259.0,7297.0,1.0
3259.0,16870.0,1.0
3260.0,10798.0,1.0
3260.0,6297.0,1.0
3262.0,3263.0,1.0
3262.0,12833.0,1.0
3262.0,16537.0,1.0
3263.0,9213.0,1.0
3263.0,17101.0,1.0
3264.0,6675.0,1.0
3265.0,3518.0,1.0
3265.0,16716.0,1.0
3265.0,13618.0,1.0
3266.0,3267.0,1.0
3266.0,5695.0,1.0
3267.0,6135.0,1.0
3267.0,3528.0,1.0
3267.0,8907.0,1.0
3268.0,8929.0,1.0
3271.0,3272.0,1.0
3272.0,11049.0,1.0
3272.0,14086.0,1.0
3273.0,3274.0,1.0
3273.0,5348.0,1.0
3273.0,7120.0,1.0
3273.0,3586.0,1.0
3274.0,4962.0,1.0
3274.0,15982.0,1.0
3274.0,8428.0,1.0
3276.0,3277.0,1.0
3276.0,6472.0,1.0
3277.0,14994.0,1.0
3278.0,4940.0,1.0
3279.0,3280.0,1.0
3279.0,8902.0,1.0
3279.0,5321.0,1.0
3279.0,6161.0,1.0
3280.0,4721.0,1.0
3280.0,8239.0,1.0
3280.0,8179.0,1.0
3281.0,12800.0,1.0
3282.0,3283.0,1.0
3282.0,6466.0,1.0
3282.0,7358.0,1.0
3282.0,7895.0,1.0
3283.0,3848.0,1.0
3283.0,5169.0,1.0
3283.0,7246.0,1.0
3286.0,3287.0,1.0
3286.0,15307.0,1.0
3286.0,15910.0,1.0
3286.0,19181.0,1.0
3287.0,18070.0,1.0
3287.0,11942.0,1.0
3288.0,3289.0,1.0
3288.0,7840.0,1.0
3288.0,11018.0,1.0
3289.0,10846.0,1.0
3299.0,3300.0,1.0
3299.0,4626.0,1.0
3299.0,17826.0,1.0
3300.0,13355.0,1.0
3304.0,3305.0,1.0
3304.0,13030.0,1.0
3304.0,12387.0,1.0
3305.0,6449.0,1.0
3305.0,12420.0,1.0
3306.0,3307.0,1.0
3306.0,6164.0,1.0
3306.0,7530.0,1.0
3307.0,4918.0,1.0
3307.0,7043.0,1.0
3307.0,13861.0,1.0
3310.0,3311.0,1.0
3310.0,13952.0,1.0
3310.0,16254.0,1.0
3310.0,17519.0,1.0
3311.0,4285.0,1.0
3311.0,7226.0,1.0
3311.0,17571.0,1.0
3312.0,3313.0,1.0
3312.0,9435.0,1.0
3312.0,10552.0,1.0
3312.0,8959.0,1.0
3314.0,3315.0,1.0
3314.0,6769.0,1.0
3314.0,8946.0,1.0
3315.0,6370.0,1.0
3315.0,3426.0,1.0
3316.0,11840.0,1.0
3316.0,8569.0,1.0
3316.0,16912.0,1.0
3317.0,3318.0,1.0
3317.0,16426.0,1.0
3318.0,9018.0,1.0
3318.0,12656.0,1.0
3319.0,12860.0,1.0
3319.0,11793.0,1.0
3320.0,13219.0,1.0
3320.0,8725.0,1.0
3321.0,13351.0,1.0
3321.0,6702.0,1.0
3326.0,3327.0,1.0
3326.0,13526.0,1.0
3326.0,17725.0,1.0
3327.0,12613.0,1.0
3327.0,5399.0,1.0
3331.0,3332.0,1.0
3331.0,12420.0,1.0
3331.0,17273.0,1.0
3332.0,8390.0,1.0
3333.0,3334.0,1.0
3333.0,8834.0,1.0
3333.0,4971.0,1.0
3334.0,7499.0,1.0
3334.0,13161.0,1.0
3335.0,11329.0,1.0
3335.0,3399.0,1.0
3338.0,3339.0,1.0
3338.0,5553.0,1.0
3338.0,13003.0,1.0
3338.0,4274.0,1.0
3339.0,5868.0,1.0
3339.0,4316.0,1.0
3340.0,3341.0,1.0
3340.0,16141.0,1.0
3341.0,8096.0,1.0
3341.0,14506.0,1.0
3342.0,3343.0,1.0
3342.0,4712.0,1.0
3342.0,10514.0,1.0
3343.0,11721.0,1.0
3343.0,13350.0,1.0
3346.0,3347.0,1.0
3346.0,11502.0,1.0
3346.0,14597.0,1.0
3346.0,10337.0,1.0
3347.0,10337.0,1.0
3348.0,16234.0,1.0
3348.0,14432.0,1.0
3348.0,18447.0,1.0
3349.0,3350.0,1.0
3349.0,16503.0,1.0
3349.0,16434.0,1.0
3350.0,10387.0,1.0
3350.0,12368.0,1.0
3351.0,3352.0,1.0
3351.0,3382.0,1.0
3352.0,3383.0,1.0
3352.0,3941.0,1.0
3357.0,14217.0,1.0
3357.0,14247.0,1.0
3358.0,6648.0,1.0
3358.0,13993.0,1.0
3360.0,11404.0,1.0
3360.0,11756.0,1.0
3360.0,7347.0,1.0
3363.0,3364.0,1.0
3363.0,9615.0,1.0
3364.0,8175.0,1.0
3364.0,8562.0,1.0
3365.0,8579.0,1.0
3365.0,11869.0,1.0
3365.0,11415.0,1.0
3370.0,3371.0,1.0
3370.0,10785.0,1.0
3370.0,17267.0,1.0
3370.0,20159.0,1.0
3371.0,15871.0,1.0
3371.0,21040.0,1.0
3372.0,3373.0,1.0
3372.0,4668.0,1.0
3373.0,5333.0,1.0
3379.0,3380.0,1.0
3379.0,3553.0,1.0
3380.0,7782.0,1.0
3380.0,4542.0,1.0
3381.0,11805.0,1.0
3382.0,3383.0,1.0
3382.0,10781.0,1.0
3382.0,4346.0,1.0
3383.0,3940.0,1.0
3386.0,3387.0,1.0
3386.0,12678.0,1.0
3386.0,4479.0,1.0
3387.0,17007.0,1.0
3387.0,3727.0,1.0
3388.0,5092.0,1.0
3388.0,12146.0,1.0
3392.0,3393.0,1.0
3392.0,3956.0,1.0
3392.0,5775.0,1.0
3392.0,16555.0,1.0
3393.0,5776.0,1.0
3393.0,10958.0,1.0
3394.0,9667.0,1.0
3394.0,9284.0,1.0
3395.0,13368.0,1.0
3395.0,7509.0,1.0
3395.0,13335.0,1.0
3397.0,12987.0,1.0
3397.0,8721.0,1.0
3399.0,5921.0,1.0
3399.0,12646.0,1.0
3404.0,5618.0,1.0
3404.0,7565.0,1.0
3405.0,12808.0,1.0
3405.0,10907.0,1.0
3407.0,7316.0,1.0
3407.0,14739.0,1.0
3407.0,18243.0,1.0
3412.0,3413.0,1.0
3412.0,14052.0,1.0
3412.0,19006.0,1.0
3413.0,19003.0,1.0
3413.0,15294.0,1.0
3414.0,3415.0,1.0
3414.0,8257.0,1.0
3414.0,12907.0,1.0
3415.0,5610.0,1.0
3415.0,9421.0,1.0
3418.0,3419.0,1.0
3418.0,12483.0,1.0
3418.0,10419.0,1.0
3418.0,17654.0,1.0
3419.0,3870.0,1.0
3420.0,4982.0,1.0
3420.0,3457.0,1.0
3420.0,10591.0,1.0
3421.0,17574.0,1.0
3421.0,16520.0,1.0
3422.0,3423.0,1.0
3423.0,5869.0,1.0
3423.0,8862.0,1.0
3424.0,3425.0,1.0
3424.0,5791.0,1.0
3424.0,15525.0,1.0
3425.0,4547.0,1.0
3425.0,15084.0,1.0
3425.0,7282.0,1.0
3426.0,3427.0,1.0
3426.0,8152.0,1.0
3426.0,8946.0,1.0
3428.0,8725.0,1.0
3428.0,7495.0,1.0
3428.0,14548.0,1.0
3428.0,8789.0,1.0
3431.0,3432.0,1.0
3431.0,19059.0,1.0
3432.0,8789.0,1.0
3433.0,3434.0,1.0
3433.0,10362.0,1.0
3433.0,4188.0,1.0
3434.0,4566.0,1.0
3438.0,3439.0,1.0
3438.0,11475.0,1.0
3439.0,5220.0,1.0
3439.0,5040.0,1.0
3439.0,13074.0,1.0
3440.0,3441.0,1.0
3440.0,8300.0,1.0
3441.0,14197.0,1.0
3441.0,13682.0,1.0
3442.0,3443.0,1.0
3442.0,4849.0,1.0
3443.0,16101.0,1.0
3443.0,11563.0,1.0
3449.0,3450.0,1.0
3449.0,5277.0,1.0
3449.0,12994.0,1.0
3450.0,7082.0,1.0
3450.0,6974.0,1.0
3450.0,10861.0,1.0
3451.0,3452.0,1.0
3451.0,5909.0,1.0
3451.0,3522.0,1.0
3451.0,12883.0,1.0
3452.0,16965.0,1.0
3452.0,19984.0,1.0
3457.0,10592.0,1.0
3457.0,7045.0,1.0
3457.0,17864.0,1.0
3458.0,3459.0,1.0
3458.0,12230.0,1.0
3458.0,17070.0,1.0
3458.0,16548.0,1.0
3462.0,4282.0,1.0
3463.0,14536.0,1.0
3463.0,10049.0,1.0
3465.0,3466.0,1.0
3465.0,5659.0,1.0
3465.0,11663.0,1.0
3465.0,5578.0,1.0
3466.0,10193.0,1.0
3466.0,9190.0,1.0
3467.0,6840.0,1.0
3467.0,10756.0,1.0
3467.0,14697.0,1.0
3468.0,3469.0,1.0
3469.0,11739.0,1.0
3469.0,14849.0,1.0
3472.0,3473.0,1.0
3472.0,16309.0,1.0
3472.0,20604.0,1.0
3480.0,3481.0,1.0
3480.0,7278.0,1.0
3480.0,3514.0,1.0
3481.0,5944.0,1.0
3481.0,7002.0,1.0
3481.0,9154.0,1.0
3482.0,10305.0,1.0
3482.0,5815.0,1.0
3482.0,6043.0,1.0
3483.0,3484.0,1.0
3483.0,13842.0,1.0
3484.0,10009.0,1.0
3485.0,3486.0,1.0
3485.0,4317.0,1.0
3485.0,11310.0,1.0
3485.0,4383.0,1.0
3486.0,13410.0,1.0
3486.0,12536.0,1.0
3486.0,4383.0,1.0
3488.0,16320.0,1.0
3488.0,7180.0,1.0
3489.0,7812.0,1.0
3489.0,17425.0,1.0
3489.0,7811.0,1.0
3492.0,7152.0,1.0
3492.0,11351.0,1.0
3493.0,3494.0,1.0
3493.0,10507.0,1.0
3493.0,10687.0,1.0
3494.0,5608.0,1.0
3494.0,12589.0,1.0
3495.0,6851.0,1.0
3495.0,7876.0,1.0
3499.0,3500.0,1.0
3499.0,5997.0,1.0
3499.0,10826.0,1.0
3499.0,6592.0,1.0
3500.0,6832.0,1.0
3500.0,8240.0,1.0
3500.0,10020.0,1.0
3501.0,3502.0,1.0
3501.0,5140.0,1.0
3501.0,16038.0,1.0
3502.0,8408.0,1.0
3502.0,5531.0,1.0
3502.0,11284.0,1.0
3503.0,6500.0,1.0
3503.0,9360.0,1.0
3504.0,3505.0,1.0
3505.0,8314.0,1.0
3507.0,3508.0,1.0
3507.0,17103.0,1.0
3508.0,12436.0,1.0
3508.0,16718.0,1.0
3508.0,16516.0,1.0
3513.0,3514.0,1.0
3514.0,7278.0,1.0
3518.0,5406.0,1.0
3518.0,5690.0,1.0
3519.0,3520.0,1.0
3519.0,10711.0,1.0
3519.0,5153.0,1.0
3520.0,6199.0,1.0
3520.0,6222.0,1.0
3521.0,3522.0,1.0
3521.0,4179.0,1.0
3521.0,5251.0,1.0
3521.0,9406.0,1.0
3522.0,16509.0,1.0
3522.0,5908.0,1.0
3523.0,3524.0,1.0
3523.0,9857.0,1.0
3523.0,17960.0,1.0
3524.0,5055.0,1.0
3524.0,12905.0,1.0
3524.0,18243.0,1.0
3527.0,13405.0,1.0
3527.0,4997.0,1.0
3528.0,8348.0,1.0
3528.0,6645.0,1.0
3532.0,3533.0,1.0
3532.0,4427.0,1.0
3532.0,4529.0,1.0
3533.0,16413.0,1.0
3533.0,4427.0,1.0
3534.0,3535.0,1.0
3534.0,7702.0,1.0
3534.0,5865.0,1.0
3534.0,17920.0,1.0
3535.0,7604.0,1.0
3535.0,13052.0,1.0
3535.0,14819.0,1.0
3536.0,3537.0,1.0
3536.0,7479.0,1.0
3536.0,12524.0,1.0
3536.0,16713.0,1.0
3537.0,4030.0,1.0
3537.0,17632.0,1.0
3541.0,3542.0,1.0
3541.0,18128.0,1.0
3543.0,3544.0,1.0
3543.0,4794.0,1.0
3544.0,9728.0,1.0
3544.0,7803.0,1.0
3545.0,3546.0,1.0
3545.0,5084.0,1.0
3545.0,12766.0,1.0
3545.0,14341.0,1.0
3546.0,11338.0,1.0
3546.0,5085.0,1.0
3546.0,14377.0,1.0
3547.0,3548.0,1.0
3547.0,7863.0,1.0
3548.0,4537.0,1.0
3548.0,9876.0,1.0
3549.0,9664.0,1.0
3549.0,17713.0,1.0
3551.0,3552.0,1.0
3552.0,7745.0,1.0
3552.0,9092.0,1.0
3553.0,3554.0,1.0
3554.0,12969.0,1.0
3554.0,12980.0,1.0
3554.0,8108.0,1.0
3558.0,3559.0,1.0
3558.0,9011.0,1.0
3558.0,19088.0,1.0
3558.0,20686.0,1.0
3559.0,4269.0,1.0
3559.0,20687.0,1.0
3560.0,3561.0,1.0
3560.0,12084.0,1.0
3560.0,14460.0,1.0
3561.0,18284.0,1.0
3563.0,3564.0,1.0
3564.0,6273.0,1.0
3564.0,12001.0,1.0
3565.0,5720.0,1.0
3565.0,12058.0,1.0
3569.0,3570.0,1.0
3569.0,6234.0,1.0
3569.0,8514.0,1.0
3570.0,12973.0,1.0
3570.0,6020.0,1.0
3570.0,12978.0,1.0
3584.0,4130.0,1.0
3584.0,10099.0,1.0
3584.0,5603.0,1.0
3585.0,3586.0,1.0
3585.0,13886.0,1.0
3585.0,8435.0,1.0
3587.0,3588.0,1.0
3587.0,4569.0,1.0
3587.0,8487.0,1.0
3587.0,12377.0,1.0
3588.0,3681.0,1.0
3588.0,8487.0,1.0
3588.0,20856.0,1.0
3588.0,20860.0,1.0
3589.0,4582.0,1.0
3592.0,3593.0,1.0
3592.0,5707.0,1.0
3592.0,13010.0,1.0
3593.0,13010.0,1.0
3593.0,13785.0,1.0
3596.0,3597.0,1.0
3596.0,7211.0,1.0
3596.0,8595.0,1.0
3596.0,7384.0,1.0
3597.0,12245.0,1.0
3597.0,12763.0,1.0
3599.0,10751.0,1.0
3601.0,4884.0,1.0
3601.0,5941.0,1.0
3601.0,5131.0,1.0
3604.0,3605.0,1.0
3604.0,4233.0,1.0
3604.0,7338.0,1.0
3605.0,11052.0,1.0
3607.0,3608.0,1.0
3607.0,16127.0,1.0
3608.0,8924.0,1.0
3608.0,13634.0,1.0
3609.0,3610.0,1.0
3609.0,8344.0,1.0
3609.0,5379.0,1.0
3610.0,5380.0,1.0
3610.0,16397.0,1.0
3616.0,3617.0,1.0
3616.0,8414.0,1.0
3616.0,14516.0,1.0
3617.0,8415.0,1.0
3617.0,7933.0,1.0
3620.0,3621.0,1.0
3620.0,7798.0,1.0
3620.0,4650.0,1.0
3621.0,5787.0,1.0
3621.0,18233.0,1.0
3626.0,5443.0,1.0
3626.0,11020.0,1.0
3627.0,3628.0,1.0
3627.0,8877.0,1.0
3627.0,13272.0,1.0
3627.0,14892.0,1.0
3628.0,6786.0,1.0
3628.0,6814.0,1.0
3629.0,3630.0,1.0
3629.0,5521.0,1.0
3629.0,5654.0,1.0
3629.0,7256.0,1.0
3630.0,5522.0,1.0
3630.0,14352.0,1.0
3630.0,16667.0,1.0
3631.0,14905.0,1.0
3631.0,15515.0,1.0
3632.0,12408.0,1.0
3632.0,6907.0,1.0
3632.0,9315.0,1.0
3632.0,8365.0,1.0
3634.0,3635.0,1.0
3634.0,8708.0,1.0
3636.0,12258.0,1.0
3643.0,3644.0,1.0
3643.0,6134.0,1.0
3643.0,17161.0,1.0
3644.0,15963.0,1.0
3644.0,12658.0,1.0
3648.0,3649.0,1.0
3648.0,8072.0,1.0
3648.0,16631.0,1.0
3649.0,7662.0,1.0
3649.0,12419.0,1.0
3652.0,3653.0,1.0
3652.0,11894.0,1.0
3652.0,8976.0,1.0
3653.0,5177.0,1.0
3653.0,13718.0,1.0
3653.0,13904.0,1.0
3654.0,3655.0,1.0
3654.0,14892.0,1.0
3654.0,6786.0,1.0
3654.0,20394.0,1.0
3655.0,10812.0,1.0
3655.0,13952.0,1.0
3655.0,18086.0,1.0
3656.0,3657.0,1.0
3656.0,12509.0,1.0
3657.0,12509.0,1.0
3657.0,4588.0,1.0
3659.0,12891.0,1.0
3659.0,16927.0,1.0
3660.0,3661.0,1.0
3660.0,7371.0,1.0
3660.0,17508.0,1.0
3660.0,10238.0,1.0
3661.0,12699.0,1.0
3661.0,4830.0,1.0
3662.0,3663.0,1.0
3662.0,8998.0,1.0
3662.0,6057.0,1.0
3663.0,4147.0,1.0
3664.0,3665.0,1.0
3664.0,8660.0,1.0
3664.0,7522.0,1.0
3665.0,9104.0,1.0
3665.0,8660.0,1.0
3665.0,16615.0,1.0
3668.0,3669.0,1.0
3668.0,10908.0,1.0
3668.0,4399.0,1.0
3669.0,10368.0,1.0
3669.0,4400.0,1.0
3670.0,7155.0,1.0
3671.0,3672.0,1.0
3671.0,10725.0,1.0
3671.0,12627.0,1.0
3672.0,13473.0,1.0
3673.0,3674.0,1.0
3674.0,7670.0,1.0
3674.0,15337.0,1.0
3674.0,17338.0,1.0
3675.0,3676.0,1.0
3675.0,8602.0,1.0
3675.0,9034.0,1.0
3675.0,4003.0,1.0
3676.0,8424.0,1.0
3676.0,4004.0,1.0
3676.0,8603.0,1.0
3681.0,12459.0,1.0
3681.0,8510.0,1.0
3682.0,3683.0,1.0
3682.0,7397.0,1.0
3682.0,8274.0,1.0
3683.0,4035.0,1.0
3684.0,3685.0,1.0
3684.0,8458.0,1.0
3684.0,11636.0,1.0
3685.0,4493.0,1.0
3685.0,4101.0,1.0
3685.0,12138.0,1.0
3686.0,3687.0,1.0
3686.0,8696.0,1.0
3687.0,4209.0,1.0
3687.0,4840.0,1.0
3687.0,16468.0,1.0
3688.0,3689.0,1.0
3689.0,5870.0,1.0
3689.0,9468.0,1.0
3692.0,3693.0,1.0
3692.0,7899.0,1.0
3692.0,10604.0,1.0
3693.0,11926.0,1.0
3693.0,8309.0,1.0
3694.0,3695.0,1.0
3694.0,8861.0,1.0
3694.0,7111.0,1.0
3694.0,4381.0,1.0
3695.0,3788.0,1.0
3695.0,13941.0,1.0
3695.0,20456.0,1.0
3696.0,3697.0,1.0
3696.0,10239.0,1.0
3698.0,3699.0,1.0
3698.0,9999.0,1.0
3698.0,14936.0,1.0
3699.0,10713.0,1.0
3700.0,3701.0,1.0
3700.0,7253.0,1.0
3701.0,6746.0,1.0
3701.0,8320.0,1.0
3705.0,9349.0,1.0
3705.0,13028.0,1.0
3705.0,7504.0,1.0
3706.0,3707.0,1.0
3706.0,10536.0,1.0
3707.0,5467.0,1.0
3707.0,14908.0,1.0
3710.0,14898.0,1.0
3713.0,3714.0,1.0
3713.0,9322.0,1.0
3714.0,7494.0,1.0
3714.0,4337.0,1.0
3718.0,3719.0,1.0
3718.0,6624.0,1.0
3718.0,10257.0,1.0
3718.0,11675.0,1.0
3719.0,10121.0,1.0
3719.0,6364.0,1.0
3719.0,12066.0,1.0
3723.0,6393.0,1.0
3724.0,5821.0,1.0
3724.0,6057.0,1.0
3724.0,16481.0,1.0
3725.0,3726.0,1.0
3725.0,6424.0,1.0
3725.0,17741.0,1.0
3725.0,16642.0,1.0
3726.0,5184.0,1.0
3726.0,13170.0,1.0
3727.0,3728.0,1.0
3727.0,5589.0,1.0
3728.0,6527.0,1.0
3728.0,16857.0,1.0
3733.0,3734.0,1.0
3733.0,6757.0,1.0
3734.0,6336.0,1.0
3734.0,11935.0,1.0
3734.0,20434.0,1.0
3735.0,3736.0,1.0
3735.0,7796.0,1.0
3735.0,8970.0,1.0
3735.0,16811.0,1.0
3736.0,8102.0,1.0
3736.0,8971.0,1.0
3737.0,11671.0,1.0
3737.0,10384.0,1.0
3738.0,3739.0,1.0
3738.0,6126.0,1.0
3738.0,11872.0,1.0
3739.0,3866.0,1.0
3739.0,16343.0,1.0
3739.0,10694.0,1.0
3740.0,3741.0,1.0
3740.0,11412.0,1.0
3740.0,4791.0,1.0
3740.0,12860.0,1.0
3741.0,9262.0,1.0
3741.0,13146.0,1.0
3743.0,3744.0,1.0
3743.0,5115.0,1.0
3743.0,5619.0,1.0
3744.0,9484.0,1.0
3744.0,12558.0,1.0
3744.0,4452.0,1.0
3747.0,3748.0,1.0
3748.0,4391.0,1.0
3748.0,10014.0,1.0
3749.0,3750.0,1.0
3749.0,4716.0,1.0
3750.0,7415.0,1.0
3750.0,9692.0,1.0
3750.0,12197.0,1.0
3751.0,3752.0,1.0
3751.0,8982.0,1.0
3751.0,10270.0,1.0
3752.0,15159.0,1.0
3752.0,12483.0,1.0
3753.0,3754.0,1.0
3754.0,9285.0,1.0
3754.0,7122.0,1.0
3755.0,11539.0,1.0
3755.0,7089.0,1.0
3755.0,5146.0,1.0
3759.0,3760.0,1.0
3759.0,4277.0,1.0
3759.0,6385.0,1.0
3760.0,6386.0,1.0
3762.0,14854.0,1.0
3765.0,3766.0,1.0
3765.0,4647.0,1.0
3765.0,8598.0,1.0
3766.0,4161.0,1.0
3767.0,3768.0,1.0
3767.0,6927.0,1.0
3767.0,7481.0,1.0
3768.0,5214.0,1.0
3770.0,9759.0,1.0
3770.0,4321.0,1.0
3771.0,3772.0,1.0
3771.0,10396.0,1.0
3771.0,16553.0,1.0
3772.0,9174.0,1.0
3772.0,4109.0,1.0
3772.0,11734.0,1.0
3773.0,3774.0,1.0
3773.0,7740.0,1.0
3774.0,5480.0,1.0
3778.0,3779.0,1.0
3778.0,15469.0,1.0
3778.0,8010.0,1.0
3779.0,7198.0,1.0
3779.0,15475.0,1.0
3779.0,11466.0,1.0
3780.0,3781.0,1.0
3780.0,4141.0,1.0
3780.0,9337.0,1.0
3780.0,17231.0,1.0
3781.0,4142.0,1.0
3782.0,13132.0,1.0
3782.0,11107.0,1.0
3782.0,17884.0,1.0
3783.0,3784.0,1.0
3783.0,6394.0,1.0
3783.0,10541.0,1.0
3784.0,7588.0,1.0
3784.0,6751.0,1.0
3785.0,9028.0,1.0
3785.0,6331.0,1.0
3787.0,3788.0,1.0
3787.0,5116.0,1.0
3787.0,4414.0,1.0
3787.0,13941.0,1.0
3788.0,12897.0,1.0
3789.0,3790.0,1.0
3790.0,5959.0,1.0
3790.0,6163.0,1.0
3798.0,7087.0,1.0
3798.0,6391.0,1.0
3799.0,3800.0,1.0
3799.0,12527.0,1.0
3799.0,15560.0,1.0
3799.0,16879.0,1.0
3800.0,12528.0,1.0
3800.0,15558.0,1.0
3801.0,3802.0,1.0
3801.0,11582.0,1.0
3801.0,17549.0,1.0
3801.0,17005.0,1.0
3802.0,15971.0,1.0
3802.0,15937.0,1.0
3802.0,17005.0,1.0
3803.0,7816.0,1.0
3803.0,6393.0,1.0
3803.0,3893.0,1.0
3804.0,10391.0,1.0
3804.0,10681.0,1.0
3805.0,9524.0,1.0
3805.0,11939.0,1.0
3806.0,3807.0,1.0
3806.0,5558.0,1.0
3806.0,5717.0,1.0
3807.0,6335.0,1.0
3807.0,13860.0,1.0
3807.0,20435.0,1.0
3808.0,3809.0,1.0
3808.0,16257.0,1.0
3809.0,17519.0,1.0
3809.0,16287.0,1.0
3810.0,12530.0,1.0
3810.0,4311.0,1.0
3812.0,3813.0,1.0
3812.0,4705.0,1.0
3812.0,8537.0,1.0
3813.0,6604.0,1.0
3813.0,9237.0,1.0
3814.0,15582.0,1.0
3814.0,8294.0,1.0
3815.0,10649.0,1.0
3815.0,12163.0,1.0
3815.0,16783.0,1.0
3816.0,3817.0,1.0
3816.0,12510.0,1.0
3816.0,17847.0,1.0
3817.0,6911.0,1.0
3817.0,17906.0,1.0
3823.0,6083.0,1.0
3823.0,5954.0,1.0
3826.0,3827.0,1.0
3826.0,7941.0,1.0
3826.0,4815.0,1.0
3826.0,13425.0,1.0
3827.0,4820.0,1.0
3827.0,9366.0,1.0
3828.0,13173.0,1.0
3828.0,17026.0,1.0
3829.0,3830.0,1.0
3829.0,6448.0,1.0
3831.0,3832.0,1.0
3831.0,4411.0,1.0
3831.0,10336.0,1.0
3831.0,5186.0,1.0
3832.0,4908.0,1.0
3832.0,7851.0,1.0
3832.0,11502.0,1.0
3833.0,3834.0,1.0
3833.0,8297.0,1.0
3833.0,6536.0,1.0
3834.0,9988.0,1.0
3834.0,11106.0,1.0
3841.0,3842.0,1.0
3842.0,16141.0,1.0
3844.0,3845.0,1.0
3844.0,4238.0,1.0
3844.0,5409.0,1.0
3844.0,5749.0,1.0
3845.0,14035.0,1.0
3845.0,13760.0,1.0
3846.0,15376.0,1.0
3846.0,13977.0,1.0
3848.0,5774.0,1.0
3848.0,7478.0,1.0
3848.0,7895.0,1.0
3849.0,3850.0,1.0
3849.0,8597.0,1.0
3849.0,8530.0,1.0
3849.0,15143.0,1.0
3850.0,15535.0,1.0
3850.0,17952.0,1.0
3850.0,18071.0,1.0
3853.0,3854.0,1.0
3853.0,9337.0,1.0
3853.0,9621.0,1.0
3854.0,11395.0,1.0
3857.0,3858.0,1.0
3857.0,10162.0,1.0
3857.0,13763.0,1.0
3858.0,5854.0,1.0
3858.0,16494.0,1.0
3864.0,3865.0,1.0
3864.0,9458.0,1.0
3865.0,15899.0,1.0
3870.0,10419.0,1.0
3874.0,3895.0,1.0
3874.0,4786.0,1.0
3874.0,9266.0,1.0
3874.0,4135.0,1.0
3877.0,9396.0,1.0
3877.0,17313.0,1.0
3877.0,13770.0,1.0
3878.0,3879.0,1.0
3878.0,9228.0,1.0
3879.0,13236.0,1.0
3887.0,3888.0,1.0
3887.0,9355.0,1.0
3888.0,13558.0,1.0
3888.0,12315.0,1.0
3888.0,17135.0,1.0
3893.0,3894.0,1.0
3893.0,7857.0,1.0
3894.0,6393.0,1.0
3895.0,7395.0,1.0
3895.0,6383.0,1.0
3896.0,3897.0,1.0
3897.0,6033.0,1.0
3898.0,3899.0,1.0
3898.0,12748.0,1.0
3898.0,7561.0,1.0
3899.0,10020.0,1.0
3899.0,8982.0,1.0
3900.0,3901.0,1.0
3900.0,5277.0,1.0
3902.0,3903.0,1.0
3902.0,4219.0,1.0
3902.0,5576.0,1.0
3903.0,6595.0,1.0
3903.0,4509.0,1.0
3903.0,16402.0,1.0
3904.0,3905.0,1.0
3904.0,4907.0,1.0
3904.0,9806.0,1.0
3905.0,15481.0,1.0
3905.0,13045.0,1.0
3907.0,10242.0,1.0
3907.0,21196.0,1.0
3911.0,3912.0,1.0
3912.0,5149.0,1.0
3913.0,3914.0,1.0
3913.0,5947.0,1.0
3913.0,11142.0,1.0
3914.0,5359.0,1.0
3915.0,6498.0,1.0
3918.0,13082.0,1.0
3918.0,12211.0,1.0
3921.0,3922.0,1.0
3921.0,7910.0,1.0
3921.0,13822.0,1.0
3925.0,3926.0,1.0
3925.0,6901.0,1.0
3925.0,9587.0,1.0
3926.0,16334.0,1.0
3926.0,13324.0,1.0
3927.0,3928.0,1.0
3927.0,12653.0,1.0
3928.0,7324.0,1.0
3928.0,9702.0,1.0
3929.0,5273.0,1.0
3929.0,12777.0,1.0
3930.0,3931.0,1.0
3930.0,5770.0,1.0
3931.0,17125.0,1.0
3931.0,11226.0,1.0
3932.0,3933.0,1.0
3932.0,7366.0,1.0
3932.0,12934.0,1.0
3933.0,11794.0,1.0
3933.0,12672.0,1.0
3938.0,3939.0,1.0
3938.0,4717.0,1.0
3938.0,5128.0,1.0
3940.0,3941.0,1.0
3940.0,5645.0,1.0
3940.0,14260.0,1.0
3942.0,3943.0,1.0
3942.0,9958.0,1.0
3942.0,11620.0,1.0
3943.0,5627.0,1.0
3943.0,14350.0,1.0
3944.0,3945.0,1.0
3944.0,10510.0,1.0
3945.0,6144.0,1.0
3945.0,5026.0,1.0
3945.0,17564.0,1.0
3945.0,6026.0,1.0
3946.0,3947.0,1.0
3946.0,4123.0,1.0
3947.0,7855.0,1.0
3947.0,17577.0,1.0
3948.0,3949.0,1.0
3948.0,12963.0,1.0
3950.0,3951.0,1.0
3950.0,8239.0,1.0
3950.0,17204.0,1.0
3950.0,15158.0,1.0
3951.0,12169.0,1.0
3951.0,12623.0,1.0
3951.0,8042.0,1.0
3952.0,3953.0,1.0
3952.0,6141.0,1.0
3952.0,5331.0,1.0
3953.0,5331.0,1.0
3953.0,17284.0,1.0
3955.0,7051.0,1.0
3955.0,7283.0,1.0
3955.0,13912.0,1.0
3956.0,10199.0,1.0
3956.0,7260.0,1.0
3961.0,3962.0,1.0
3961.0,4150.0,1.0
3961.0,11459.0,1.0
3961.0,6172.0,1.0
3962.0,6875.0,1.0
3962.0,6173.0,1.0
3963.0,16011.0,1.0
3963.0,12893.0,1.0
3967.0,3968.0,1.0
3967.0,10663.0,1.0
3967.0,8344.0,1.0
3969.0,3970.0,1.0
3969.0,7911.0,1.0
3969.0,6473.0,1.0
3969.0,8054.0,1.0
3970.0,12170.0,1.0
3970.0,13295.0,1.0
3976.0,15556.0,1.0
3976.0,12726.0,1.0
3976.0,12642.0,1.0
3976.0,8394.0,1.0
3979.0,3980.0,1.0
3979.0,6905.0,1.0
3979.0,14203.0,1.0
3979.0,16875.0,1.0
3980.0,4610.0,1.0
3980.0,12028.0,1.0
3980.0,8355.0,1.0
3984.0,3985.0,1.0
3984.0,6834.0,1.0
3984.0,8474.0,1.0
3985.0,7345.0,1.0
3987.0,3988.0,1.0
3987.0,6194.0,1.0
3987.0,12946.0,1.0
3987.0,7663.0,1.0
3988.0,7583.0,1.0
3988.0,10708.0,1.0
3989.0,3990.0,1.0
3989.0,9026.0,1.0
3990.0,7075.0,1.0
3990.0,9026.0,1.0
3993.0,8310.0,1.0
3993.0,10370.0,1.0
3993.0,10677.0,1.0
3993.0,14194.0,1.0
3994.0,9538.0,1.0
3995.0,3996.0,1.0
3995.0,8645.0,1.0
3995.0,13584.0,1.0
3995.0,10761.0,1.0
3996.0,5594.0,1.0
3996.0,6596.0,1.0
3996.0,5286.0,1.0
3997.0,3998.0,1.0
3997.0,6051.0,1.0
3997.0,6423.0,1.0
3997.0,5675.0,1.0
3998.0,16331.0,1.0
3998.0,5676.0,1.0
3999.0,4000.0,1.0
3999.0,7603.0,1.0
3999.0,13885.0,1.0
4000.0,5989.0,1.0
4000.0,8423.0,1.0
4000.0,13230.0,1.0
4001.0,4002.0,1.0
4001.0,6016.0,1.0
4001.0,4340.0,1.0
4001.0,5889.0,1.0
4002.0,5890.0,1.0
4003.0,4004.0,1.0
4003.0,4511.0,1.0
4003.0,7590.0,1.0
4004.0,6559.0,1.0
4004.0,16773.0,1.0
4005.0,10332.0,1.0
4011.0,4012.0,1.0
4011.0,12037.0,1.0
4011.0,8143.0,1.0
4016.0,16810.0,1.0
4016.0,11715.0,1.0
4018.0,4019.0,1.0
4018.0,8455.0,1.0
4018.0,8454.0,1.0
4018.0,6345.0,1.0
4019.0,8527.0,1.0
4019.0,6820.0,1.0
4019.0,6346.0,1.0
4020.0,4021.0,1.0
4020.0,7415.0,1.0
4020.0,10207.0,1.0
4021.0,9165.0,1.0
4021.0,11026.0,1.0
4021.0,10643.0,1.0
4022.0,4023.0,1.0
4022.0,5608.0,1.0
4022.0,12589.0,1.0
4022.0,5094.0,1.0
4023.0,13746.0,1.0
4023.0,12915.0,1.0
4024.0,4025.0,1.0
4024.0,7065.0,1.0
4024.0,12753.0,1.0
4025.0,13105.0,1.0
4028.0,4029.0,1.0
4028.0,7348.0,1.0
4029.0,9304.0,1.0
4029.0,16665.0,1.0
4029.0,14668.0,1.0
4030.0,12184.0,1.0
4032.0,4033.0,1.0
4032.0,6826.0,1.0
4033.0,10439.0,1.0
4033.0,17769.0,1.0
4034.0,11760.0,1.0
4034.0,5834.0,1.0
4035.0,4036.0,1.0
4036.0,8275.0,1.0
4036.0,6831.0,1.0
4037.0,4038.0,1.0
4037.0,7694.0,1.0
4037.0,9392.0,1.0
4038.0,4294.0,1.0
4039.0,4040.0,1.0
4039.0,8383.0,1.0
4040.0,6351.0,1.0
4044.0,10907.0,1.0
4044.0,9422.0,1.0
4045.0,15560.0,1.0
4045.0,16355.0,1.0
4045.0,17515.0,1.0
4046.0,4962.0,1.0
4046.0,12931.0,1.0
4049.0,4050.0,1.0
4049.0,4065.0,1.0
4049.0,7078.0,1.0
4049.0,10276.0,1.0
4050.0,5771.0,1.0
4050.0,7079.0,1.0
4051.0,4052.0,1.0
4051.0,13301.0,1.0
4052.0,9444.0,1.0
4052.0,12343.0,1.0
4061.0,4062.0,1.0
4061.0,6693.0,1.0
4061.0,19178.0,1.0
4062.0,4094.0,1.0
4062.0,4857.0,1.0
4062.0,13079.0,1.0
4063.0,4064.0,1.0
4063.0,7424.0,1.0
4063.0,11391.0,1.0
4064.0,9914.0,1.0
4064.0,11911.0,1.0
4064.0,10393.0,1.0
4065.0,13308.0,1.0
4065.0,5771.0,1.0
4065.0,16688.0,1.0
4066.0,8583.0,1.0
4066.0,12356.0,1.0
4067.0,4474.0,1.0
4067.0,10586.0,1.0
4067.0,10190.0,1.0
4069.0,9069.0,1.0
4069.0,10769.0,1.0
4069.0,13817.0,1.0
4070.0,4071.0,1.0
4070.0,5945.0,1.0
4070.0,9474.0,1.0
4070.0,12989.0,1.0
4071.0,4524.0,1.0
4071.0,12373.0,1.0
4081.0,4082.0,1.0
4081.0,6925.0,1.0
4081.0,14304.0,1.0
4081.0,7429.0,1.0
4082.0,6991.0,1.0
4082.0,6926.0,1.0
4082.0,11043.0,1.0
4086.0,4087.0,1.0
4086.0,14627.0,1.0
4086.0,10310.0,1.0
4086.0,4639.0,1.0
4087.0,4972.0,1.0
4087.0,12380.0,1.0
4088.0,4089.0,1.0
4088.0,5583.0,1.0
4088.0,13704.0,1.0
4088.0,6020.0,1.0
4089.0,6021.0,1.0
4089.0,16766.0,1.0
4090.0,4091.0,1.0
4090.0,17628.0,1.0
4090.0,17562.0,1.0
4090.0,20716.0,1.0
4091.0,6550.0,1.0
4091.0,9238.0,1.0
4091.0,17625.0,1.0
4094.0,4095.0,1.0
4094.0,5016.0,1.0
4094.0,6693.0,1.0
4095.0,13079.0,1.0
4096.0,4097.0,1.0
4096.0,13462.0,1.0
4096.0,13536.0,1.0
4097.0,6247.0,1.0
4097.0,9865.0,1.0
4097.0,13537.0,1.0
4100.0,6181.0,1.0
4101.0,4102.0,1.0
4101.0,13986.0,1.0
4102.0,5381.0,1.0
4102.0,4493.0,1.0
4103.0,4104.0,1.0
4103.0,9609.0,1.0
4103.0,7890.0,1.0
4104.0,5077.0,1.0
4105.0,4106.0,1.0
4105.0,7961.0,1.0
4105.0,9882.0,1.0
4105.0,16661.0,1.0
4106.0,4861.0,1.0
4106.0,5321.0,1.0
4107.0,4490.0,1.0
4109.0,10354.0,1.0
4113.0,4114.0,1.0
4113.0,13646.0,1.0
4113.0,16112.0,1.0
4115.0,4116.0,1.0
4116.0,20741.0,1.0
4123.0,9484.0,1.0
4123.0,7855.0,1.0
4124.0,4125.0,1.0
4124.0,6896.0,1.0
4125.0,11111.0,1.0
4125.0,16534.0,1.0
4128.0,11280.0,1.0
4128.0,7868.0,1.0
4129.0,4130.0,1.0
4129.0,14428.0,1.0
4130.0,6644.0,1.0
4130.0,10380.0,1.0
4132.0,6968.0,1.0
4132.0,8250.0,1.0
4132.0,12713.0,1.0
4133.0,4134.0,1.0
4133.0,7015.0,1.0
4133.0,13883.0,1.0
4134.0,4213.0,1.0
4134.0,10110.0,1.0
4135.0,10288.0,1.0
4135.0,9266.0,1.0
4136.0,4137.0,1.0
4136.0,7255.0,1.0
4136.0,8423.0,1.0
4136.0,5989.0,1.0
4137.0,9585.0,1.0
4137.0,7963.0,1.0
4138.0,7090.0,1.0
4138.0,7676.0,1.0
4138.0,7295.0,1.0
4139.0,4140.0,1.0
4139.0,6937.0,1.0
4139.0,11130.0,1.0
4140.0,10437.0,1.0
4140.0,6539.0,1.0
4141.0,4142.0,1.0
4141.0,11605.0,1.0
4141.0,10504.0,1.0
4142.0,7080.0,1.0
4143.0,12160.0,1.0
4143.0,8166.0,1.0
4143.0,13403.0,1.0
4144.0,4145.0,1.0
4145.0,5672.0,1.0
4145.0,9511.0,1.0
4146.0,9882.0,1.0
4146.0,7583.0,1.0
4146.0,7961.0,1.0
4147.0,4783.0,1.0
4148.0,4149.0,1.0
4148.0,14856.0,1.0
4148.0,12762.0,1.0
4149.0,5400.0,1.0
4149.0,5993.0,1.0
4150.0,5496.0,1.0
4150.0,6875.0,1.0
4150.0,12291.0,1.0
4151.0,4152.0,1.0
4151.0,5146.0,1.0
4151.0,13492.0,1.0
4152.0,5284.0,1.0
4152.0,12432.0,1.0
4153.0,11620.0,1.0
4153.0,9118.0,1.0
4156.0,6669.0,1.0
4156.0,14695.0,1.0
4162.0,4163.0,1.0
4162.0,16593.0,1.0
4162.0,4356.0,1.0
4162.0,19386.0,1.0
4172.0,4173.0,1.0
4172.0,7256.0,1.0
4172.0,4615.0,1.0
4173.0,4370.0,1.0
4173.0,4669.0,1.0
4174.0,14971.0,1.0
4174.0,12932.0,1.0
4179.0,7164.0,1.0
4179.0,16509.0,1.0
4180.0,4835.0,1.0
4180.0,7695.0,1.0
4183.0,4184.0,1.0
4183.0,6109.0,1.0
4183.0,11115.0,1.0
4184.0,8458.0,1.0
4184.0,12138.0,1.0
4185.0,4186.0,1.0
4185.0,4713.0,1.0
4185.0,6949.0,1.0
4185.0,12701.0,1.0
4186.0,5689.0,1.0
4186.0,6171.0,1.0
4187.0,4188.0,1.0
4187.0,8649.0,1.0
4187.0,5926.0,1.0
4188.0,9649.0,1.0
4189.0,4190.0,1.0
4189.0,9368.0,1.0
4189.0,10519.0,1.0
4190.0,8978.0,1.0
4190.0,21131.0,1.0
4191.0,5913.0,1.0
4192.0,9472.0,1.0
4192.0,8347.0,1.0
4203.0,4204.0,1.0
4203.0,19927.0,1.0
4203.0,19931.0,1.0
4204.0,6858.0,1.0
4204.0,9195.0,1.0
4204.0,21066.0,1.0
4208.0,5217.0,1.0
4209.0,4210.0,1.0
4209.0,7012.0,1.0
4209.0,6848.0,1.0
4210.0,6849.0,1.0
4210.0,16979.0,1.0
4213.0,11501.0,1.0
4214.0,4215.0,1.0
4214.0,7671.0,1.0
4215.0,5392.0,1.0
4217.0,4218.0,1.0
4218.0,7425.0,1.0
4218.0,14047.0,1.0
4219.0,5179.0,1.0
4219.0,10264.0,1.0
4221.0,5798.0,1.0
4221.0,11656.0,1.0
4224.0,4225.0,1.0
4224.0,9509.0,1.0
4225.0,6099.0,1.0
4225.0,5305.0,1.0
4226.0,4227.0,1.0
4226.0,5593.0,1.0
4226.0,14862.0,1.0
4227.0,16637.0,1.0
4227.0,12826.0,1.0
4230.0,4231.0,1.0
4230.0,12780.0,1.0
4230.0,14683.0,1.0
4231.0,9811.0,1.0
4231.0,10778.0,1.0
4232.0,13450.0,1.0
4232.0,11256.0,1.0
4233.0,13123.0,1.0
4235.0,8237.0,1.0
4237.0,10135.0,1.0
4237.0,14552.0,1.0
4238.0,8910.0,1.0
4238.0,6248.0,1.0
4238.0,9187.0,1.0
4239.0,4240.0,1.0
4239.0,6525.0,1.0
4239.0,4337.0,1.0
4239.0,8384.0,1.0
4240.0,4306.0,1.0
4240.0,7252.0,1.0
4240.0,4644.0,1.0
4244.0,10539.0,1.0
4244.0,16347.0,1.0
4244.0,12522.0,1.0
4245.0,4732.0,1.0
4245.0,16691.0,1.0
4245.0,17765.0,1.0
4248.0,9894.0,1.0
4248.0,12805.0,1.0
4249.0,4250.0,1.0
4249.0,8504.0,1.0
4249.0,11635.0,1.0
4249.0,7908.0,1.0
4250.0,5508.0,1.0
4250.0,4702.0,1.0
4251.0,4252.0,1.0
4251.0,8594.0,1.0
4251.0,14139.0,1.0
4251.0,6022.0,1.0
4252.0,13299.0,1.0
4252.0,11423.0,1.0
4253.0,5995.0,1.0
4253.0,9594.0,1.0
4259.0,4260.0,1.0
4259.0,12880.0,1.0
4260.0,8756.0,1.0
4260.0,19433.0,1.0
4261.0,4262.0,1.0
4261.0,9901.0,1.0
4261.0,9716.0,1.0
4262.0,7831.0,1.0
4262.0,13304.0,1.0
4263.0,4264.0,1.0
4263.0,5296.0,1.0
4264.0,4490.0,1.0
4269.0,9011.0,1.0
4274.0,5868.0,1.0
4274.0,5640.0,1.0
4276.0,4277.0,1.0
4277.0,8223.0,1.0
4277.0,14462.0,1.0
4278.0,4279.0,1.0
4278.0,5983.0,1.0
4278.0,11431.0,1.0
4279.0,7777.0,1.0
4280.0,4281.0,1.0
4281.0,8835.0,1.0
4281.0,16251.0,1.0
4282.0,5932.0,1.0
4282.0,14204.0,1.0
4285.0,13284.0,1.0
4285.0,20551.0,1.0
4287.0,4288.0,1.0
4287.0,8757.0,1.0
4287.0,8296.0,1.0
4287.0,10109.0,1.0
4288.0,12095.0,1.0
4288.0,8757.0,1.0
4288.0,17447.0,1.0
4289.0,4290.0,1.0
4289.0,13359.0,1.0
4289.0,9249.0,1.0
4290.0,13806.0,1.0
4290.0,4327.0,1.0
4294.0,4295.0,1.0
4295.0,10200.0,1.0
4295.0,11659.0,1.0
4295.0,18313.0,1.0
4300.0,5764.0,1.0
4300.0,6588.0,1.0
4304.0,4305.0,1.0
4304.0,12000.0,1.0
4304.0,8168.0,1.0
4304.0,11318.0,1.0
4305.0,9388.0,1.0
4305.0,9901.0,1.0
4306.0,4307.0,1.0
4306.0,4337.0,1.0
4307.0,4529.0,1.0
4307.0,7252.0,1.0
4308.0,6538.0,1.0
4308.0,11081.0,1.0
4308.0,12084.0,1.0
4309.0,4310.0,1.0
4309.0,9865.0,1.0
4309.0,17294.0,1.0
4310.0,6000.0,1.0
4311.0,4312.0,1.0
4311.0,11865.0,1.0
4311.0,10672.0,1.0
4312.0,10673.0,1.0
4313.0,7326.0,1.0
4313.0,4480.0,1.0
4314.0,6327.0,1.0
4315.0,4316.0,1.0
4315.0,10425.0,1.0
4315.0,6004.0,1.0
4315.0,15950.0,1.0
4316.0,6016.0,1.0
4316.0,5889.0,1.0
4317.0,4318.0,1.0
4318.0,16202.0,1.0
4319.0,8856.0,1.0
4319.0,6752.0,1.0
4321.0,4322.0,1.0
4321.0,20566.0,1.0
4322.0,10606.0,1.0
4322.0,5296.0,1.0
4323.0,4324.0,1.0
4323.0,5634.0,1.0
4323.0,6051.0,1.0
4324.0,12336.0,1.0
4324.0,10016.0,1.0
4325.0,4326.0,1.0
4325.0,5704.0,1.0
4325.0,7946.0,1.0
4326.0,7947.0,1.0
4326.0,12986.0,1.0
4327.0,4328.0,1.0
4327.0,16764.0,1.0
4328.0,5578.0,1.0
4328.0,5659.0,1.0
4328.0,10853.0,1.0
4334.0,4335.0,1.0
4335.0,8768.0,1.0
4335.0,13574.0,1.0
4336.0,4337.0,1.0
4336.0,6525.0,1.0
4336.0,7494.0,1.0
4336.0,11145.0,1.0
4339.0,16416.0,1.0
4339.0,17960.0,1.0
4340.0,4341.0,1.0
4340.0,6017.0,1.0
4341.0,9118.0,1.0
4341.0,6017.0,1.0
4342.0,4343.0,1.0
4342.0,7233.0,1.0
4342.0,13764.0,1.0
4343.0,5012.0,1.0
4343.0,16551.0,1.0
4343.0,7438.0,1.0
4345.0,4346.0,1.0
4345.0,7932.0,1.0
4345.0,8232.0,1.0
4346.0,7052.0,1.0
4348.0,7745.0,1.0
4348.0,7741.0,1.0
4356.0,4357.0,1.0
4356.0,5729.0,1.0
4357.0,17544.0,1.0
4370.0,9569.0,1.0
4370.0,11647.0,1.0
4370.0,16484.0,1.0
4371.0,4372.0,1.0
4371.0,9437.0,1.0
4371.0,9878.0,1.0
4371.0,9179.0,1.0
4372.0,17655.0,1.0
4372.0,17009.0,1.0
4372.0,17008.0,1.0
4373.0,4374.0,1.0
4373.0,5978.0,1.0
4373.0,14217.0,1.0
4374.0,7342.0,1.0
4374.0,12965.0,1.0
4376.0,10681.0,1.0
4376.0,12209.0,1.0
4377.0,8034.0,1.0
4377.0,9508.0,1.0
4377.0,9922.0,1.0
4380.0,4381.0,1.0
4380.0,11110.0,1.0
4380.0,12017.0,1.0
4380.0,10136.0,1.0
4381.0,9869.0,1.0
4381.0,10137.0,1.0
4383.0,17730.0,1.0
4385.0,6155.0,1.0
4387.0,4388.0,1.0
4387.0,7255.0,1.0
4387.0,7807.0,1.0
4387.0,6280.0,1.0
4388.0,5659.0,1.0
4388.0,12563.0,1.0
4388.0,10853.0,1.0
4389.0,4390.0,1.0
4390.0,5393.0,1.0
4390.0,12590.0,1.0
4390.0,10820.0,1.0
4391.0,8205.0,1.0
4391.0,10897.0,1.0
4392.0,4393.0,1.0
4392.0,7701.0,1.0
4392.0,5476.0,1.0
4393.0,11103.0,1.0
4393.0,12286.0,1.0
4393.0,8499.0,1.0
4399.0,4400.0,1.0
4399.0,16471.0,1.0
4400.0,5045.0,1.0
4400.0,8820.0,1.0
4405.0,4406.0,1.0
4405.0,6500.0,1.0
4405.0,14337.0,1.0
4406.0,14337.0,1.0
4406.0,13798.0,1.0
4406.0,11790.0,1.0
4407.0,4408.0,1.0
4407.0,6062.0,1.0
4407.0,16999.0,1.0
4407.0,5376.0,1.0
4408.0,8200.0,1.0
4408.0,17578.0,1.0
4408.0,13735.0,1.0
4410.0,11675.0,1.0
4410.0,13916.0,1.0
4411.0,6262.0,1.0
4411.0,7851.0,1.0
4411.0,9610.0,1.0
4414.0,4415.0,1.0
4414.0,13061.0,1.0
4415.0,12897.0,1.0
4415.0,20461.0,1.0
4416.0,4417.0,1.0
4416.0,9247.0,1.0
4416.0,9265.0,1.0
4417.0,11694.0,1.0
4417.0,21027.0,1.0
4418.0,4419.0,1.0
4418.0,9845.0,1.0
4418.0,12998.0,1.0
4419.0,6734.0,1.0
4419.0,6536.0,1.0
4420.0,4421.0,1.0
4420.0,17452.0,1.0
4422.0,4423.0,1.0
4422.0,5210.0,1.0
4422.0,4803.0,1.0
4422.0,8426.0,1.0
4430.0,13913.0,1.0
4430.0,18215.0,1.0
4430.0,11034.0,1.0
4433.0,4434.0,1.0
4433.0,6628.0,1.0
4433.0,12079.0,1.0
4434.0,4849.0,1.0
4434.0,4632.0,1.0
4442.0,12834.0,1.0
4442.0,17215.0,1.0
4442.0,6941.0,1.0
4443.0,4444.0,1.0
4443.0,4445.0,1.0
4443.0,17364.0,1.0
4445.0,14756.0,1.0
4445.0,12253.0,1.0
4445.0,17393.0,1.0
4446.0,11906.0,1.0
4448.0,4449.0,1.0
4448.0,5493.0,1.0
4448.0,11315.0,1.0
4449.0,10364.0,1.0
4450.0,4451.0,1.0
4450.0,10678.0,1.0
4450.0,7157.0,1.0
4451.0,18076.0,1.0
4451.0,17479.0,1.0
4452.0,17864.0,1.0
4453.0,4454.0,1.0
4453.0,4710.0,1.0
4453.0,11816.0,1.0
4453.0,7823.0,1.0
4454.0,11817.0,1.0
4461.0,4462.0,1.0
4461.0,6679.0,1.0
4461.0,9522.0,1.0
4461.0,7359.0,1.0
4461.0,5505.0,1.0
4462.0,5505.0,1.0
4462.0,8407.0,1.0
4463.0,4464.0,1.0
4463.0,5625.0,1.0
4464.0,7356.0,1.0
4464.0,6885.0,1.0
4464.0,12894.0,1.0
4467.0,4468.0,1.0
4467.0,13447.0,1.0
4467.0,6199.0,1.0
4468.0,7567.0,1.0
4468.0,10874.0,1.0
4469.0,4470.0,1.0
4469.0,6231.0,1.0
4469.0,12166.0,1.0
4470.0,7646.0,1.0
4470.0,6681.0,1.0
4471.0,4472.0,1.0
4471.0,10442.0,1.0
4471.0,7847.0,1.0
4471.0,9665.0,1.0
4472.0,9736.0,1.0
4472.0,11505.0,1.0
4473.0,4474.0,1.0
4473.0,15551.0,1.0
4473.0,7601.0,1.0
4474.0,16630.0,1.0
4474.0,12270.0,1.0
4476.0,4477.0,1.0
4476.0,11155.0,1.0
4476.0,8395.0,1.0
4477.0,7333.0,1.0
4477.0,12346.0,1.0
4477.0,7181.0,1.0
4479.0,4480.0,1.0
4479.0,6379.0,1.0
4480.0,11340.0,1.0
4480.0,12678.0,1.0
4481.0,4482.0,1.0
4481.0,10582.0,1.0
4481.0,12669.0,1.0
4481.0,7330.0,1.0
4482.0,6770.0,1.0
4482.0,7331.0,1.0
4482.0,10582.0,1.0
4482.0,5857.0,1.0
4483.0,9370.0,1.0
4483.0,13392.0,1.0
4483.0,5449.0,1.0
4489.0,8910.0,1.0
4489.0,10262.0,1.0
4489.0,14282.0,1.0
4490.0,6777.0,1.0
4493.0,4802.0,1.0
4493.0,11636.0,1.0
4494.0,10466.0,1.0
4494.0,5527.0,1.0
4494.0,8036.0,1.0
4501.0,9573.0,1.0
4502.0,4503.0,1.0
4502.0,7293.0,1.0
4502.0,8761.0,1.0
4503.0,7444.0,1.0
4503.0,4738.0,1.0
4503.0,8495.0,1.0
4504.0,7741.0,1.0
4504.0,12088.0,1.0
4509.0,4510.0,1.0
4509.0,5576.0,1.0
4510.0,6595.0,1.0
4510.0,5218.0,1.0
4510.0,5158.0,1.0
4511.0,7980.0,1.0
4511.0,16472.0,1.0
4511.0,9034.0,1.0
4513.0,12622.0,1.0
4513.0,13942.0,1.0
4517.0,4518.0,1.0
4517.0,4846.0,1.0
4518.0,10305.0,1.0
4518.0,8191.0,1.0
4518.0,5333.0,1.0
4520.0,4521.0,1.0
4521.0,16081.0,1.0
4521.0,11780.0,1.0
4522.0,11546.0,1.0
4522.0,6072.0,1.0
4523.0,4524.0,1.0
4524.0,14608.0,1.0
4526.0,7421.0,1.0
4526.0,17846.0,1.0
4527.0,4528.0,1.0
4527.0,10229.0,1.0
4527.0,12726.0,1.0
4527.0,7580.0,1.0
4528.0,8394.0,1.0
4528.0,11524.0,1.0
4528.0,15721.0,1.0
4528.0,14188.0,1.0
4532.0,4533.0,1.0
4533.0,7141.0,1.0
4533.0,11556.0,1.0
4536.0,4537.0,1.0
4536.0,5329.0,1.0
4536.0,17724.0,1.0
4537.0,5778.0,1.0
4537.0,10066.0,1.0
4539.0,6387.0,1.0
4539.0,14552.0,1.0
4541.0,14184.0,1.0
4541.0,17719.0,1.0
4542.0,12435.0,1.0
4542.0,8676.0,1.0
4544.0,12751.0,1.0
4544.0,14662.0,1.0
4547.0,4548.0,1.0
4547.0,6065.0,1.0
4547.0,9719.0,1.0
4548.0,11069.0,1.0
4548.0,6646.0,1.0
4550.0,9789.0,1.0
4550.0,13916.0,1.0
4554.0,4555.0,1.0
4554.0,12752.0,1.0
4554.0,9327.0,1.0
4554.0,12010.0,1.0
4555.0,13046.0,1.0
4555.0,12752.0,1.0
4566.0,5480.0,1.0
4567.0,4568.0,1.0
4567.0,17701.0,1.0
4567.0,8155.0,1.0
4569.0,10638.0,1.0
4569.0,16416.0,1.0
4572.0,4573.0,1.0
4572.0,6918.0,1.0
4572.0,6968.0,1.0
4573.0,14826.0,1.0
4573.0,6969.0,1.0
4574.0,4575.0,1.0
4574.0,7933.0,1.0
4574.0,7834.0,1.0
4574.0,8415.0,1.0
4575.0,7509.0,1.0
4575.0,6160.0,1.0
4582.0,4791.0,1.0
4582.0,11412.0,1.0
4585.0,16907.0,1.0
4585.0,20776.0,1.0
4586.0,4587.0,1.0
4586.0,5260.0,1.0
4586.0,13523.0,1.0
4587.0,4870.0,1.0
4587.0,8746.0,1.0
4591.0,4592.0,1.0
4591.0,11379.0,1.0
4592.0,14558.0,1.0
4592.0,20072.0,1.0
4596.0,5220.0,1.0
4596.0,13777.0,1.0
4598.0,4599.0,1.0
4598.0,11680.0,1.0
4598.0,8956.0,1.0
4599.0,11503.0,1.0
4599.0,13873.0,1.0
4599.0,8957.0,1.0
4601.0,4602.0,1.0
4601.0,6774.0,1.0
4601.0,12383.0,1.0
4602.0,13759.0,1.0
4602.0,8176.0,1.0
4602.0,20242.0,1.0
4603.0,4604.0,1.0
4603.0,6889.0,1.0
4603.0,10276.0,1.0
4604.0,6890.0,1.0
4604.0,16688.0,1.0
4609.0,4610.0,1.0
4609.0,5593.0,1.0
4609.0,7143.0,1.0
4610.0,16875.0,1.0
4610.0,14862.0,1.0
4611.0,11214.0,1.0
4612.0,9763.0,1.0
4612.0,12076.0,1.0
4613.0,4838.0,1.0
4613.0,7600.0,1.0
4613.0,18256.0,1.0
4614.0,4615.0,1.0
4614.0,13938.0,1.0
4614.0,16428.0,1.0
4615.0,4669.0,1.0
4616.0,4617.0,1.0
4616.0,10709.0,1.0
4616.0,16790.0,1.0
4617.0,13438.0,1.0
4617.0,20314.0,1.0
4617.0,17495.0,1.0
4625.0,4626.0,1.0
4625.0,10345.0,1.0
4625.0,12747.0,1.0
4627.0,4628.0,1.0
4627.0,14278.0,1.0
4628.0,8951.0,1.0
4631.0,4632.0,1.0
4631.0,8584.0,1.0
4631.0,6628.0,1.0
4632.0,11289.0,1.0
4632.0,11562.0,1.0
4635.0,5052.0,1.0
4635.0,14679.0,1.0
4636.0,4637.0,1.0
4636.0,9581.0,1.0
4636.0,15682.0,1.0
4638.0,4639.0,1.0
4638.0,5020.0,1.0
4638.0,10309.0,1.0
4639.0,10310.0,1.0
4639.0,6613.0,1.0
4642.0,4643.0,1.0
4642.0,10572.0,1.0
4642.0,7763.0,1.0
4644.0,4645.0,1.0
4644.0,8384.0,1.0
4644.0,6989.0,1.0
4645.0,4817.0,1.0
4645.0,6522.0,1.0
4645.0,5537.0,1.0
4646.0,4647.0,1.0
4646.0,10189.0,1.0
4646.0,14652.0,1.0
4647.0,8405.0,1.0
4649.0,4650.0,1.0
4650.0,18232.0,1.0
4651.0,4652.0,1.0
4651.0,12075.0,1.0
4651.0,12673.0,1.0
4652.0,6680.0,1.0
4652.0,6506.0,1.0
4655.0,14920.0,1.0
4655.0,10668.0,1.0
4655.0,16387.0,1.0
4658.0,4659.0,1.0
4658.0,14915.0,1.0
4658.0,8111.0,1.0
4658.0,10483.0,1.0
4659.0,7335.0,1.0
4659.0,13253.0,1.0
4660.0,4661.0,1.0
4660.0,8830.0,1.0
4660.0,8203.0,1.0
4660.0,19225.0,1.0
4661.0,6716.0,1.0
4661.0,8204.0,1.0
4661.0,20572.0,1.0
4668.0,6044.0,1.0
4668.0,19427.0,1.0
4669.0,8353.0,1.0
4669.0,8419.0,1.0
4670.0,4671.0,1.0
4670.0,16608.0,1.0
4671.0,8258.0,1.0
4671.0,11728.0,1.0
4675.0,20693.0,1.0
4677.0,5442.0,1.0
4680.0,13028.0,1.0
4681.0,4682.0,1.0
4681.0,11414.0,1.0
4681.0,11139.0,1.0
4682.0,14541.0,1.0
4682.0,11977.0,1.0
4682.0,6452.0,1.0
4683.0,6819.0,1.0
4683.0,11824.0,1.0
4690.0,5303.0,1.0
4690.0,18579.0,1.0
4691.0,4692.0,1.0
4692.0,5048.0,1.0
4692.0,16431.0,1.0
4693.0,4694.0,1.0
4693.0,12937.0,1.0
4693.0,6509.0,1.0
4694.0,12928.0,1.0
4698.0,4699.0,1.0
4698.0,5062.0,1.0
4698.0,6646.0,1.0
4698.0,12115.0,1.0
4699.0,9146.0,1.0
4699.0,11209.0,1.0
4699.0,13720.0,1.0
4699.0,16253.0,1.0
4699.0,16597.0,1.0
4702.0,8798.0,1.0
4702.0,14166.0,1.0
4704.0,4705.0,1.0
4704.0,11797.0,1.0
4705.0,11774.0,1.0
4709.0,4710.0,1.0
4709.0,6206.0,1.0
4710.0,13484.0,1.0
4710.0,11918.0,1.0
4711.0,4712.0,1.0
4711.0,9302.0,1.0
4711.0,11373.0,1.0
4713.0,8333.0,1.0
4713.0,7865.0,1.0
4713.0,6171.0,1.0
4714.0,4715.0,1.0
4714.0,9068.0,1.0
4714.0,10769.0,1.0
4715.0,8047.0,1.0
4715.0,9068.0,1.0
4716.0,12641.0,1.0
4717.0,10701.0,1.0
4717.0,6263.0,1.0
4718.0,8321.0,1.0
4718.0,20603.0,1.0
4718.0,9139.0,1.0
4719.0,4720.0,1.0
4719.0,12047.0,1.0
4719.0,7648.0,1.0
4720.0,7265.0,1.0
4720.0,7649.0,1.0
4721.0,6161.0,1.0
4722.0,4723.0,1.0
4722.0,8836.0,1.0
4723.0,9904.0,1.0
4725.0,12556.0,1.0
4725.0,7005.0,1.0
4725.0,10580.0,1.0
4731.0,13319.0,1.0
4731.0,11250.0,1.0
4732.0,9697.0,1.0
4732.0,10830.0,1.0
4733.0,4734.0,1.0
4733.0,10714.0,1.0
4733.0,5319.0,1.0
4734.0,13505.0,1.0
4734.0,10108.0,1.0
4735.0,11927.0,1.0
4736.0,5619.0,1.0
4736.0,11773.0,1.0
4737.0,4738.0,1.0
4737.0,8495.0,1.0
4737.0,20521.0,1.0
4743.0,7289.0,1.0
4743.0,9792.0,1.0
4743.0,10263.0,1.0
4745.0,6056.0,1.0
4745.0,10411.0,1.0
4746.0,12900.0,1.0
4746.0,10918.0,1.0
4758.0,4759.0,1.0
4759.0,14649.0,1.0
4759.0,7036.0,1.0
4765.0,4766.0,1.0
4765.0,8041.0,1.0
4766.0,14780.0,1.0
4766.0,16354.0,1.0
4769.0,4770.0,1.0
4769.0,9410.0,1.0
4769.0,9409.0,1.0
4769.0,8153.0,1.0
4770.0,7195.0,1.0
4770.0,5634.0,1.0
4770.0,8154.0,1.0
4771.0,4772.0,1.0
4771.0,13641.0,1.0
4771.0,15424.0,1.0
4772.0,12225.0,1.0
4772.0,14318.0,1.0
4772.0,13642.0,1.0
4773.0,4774.0,1.0
4773.0,12512.0,1.0
4773.0,16824.0,1.0
4774.0,10180.0,1.0
4774.0,6121.0,1.0
4775.0,12932.0,1.0
4775.0,10204.0,1.0
4783.0,7287.0,1.0
4784.0,4785.0,1.0
4784.0,5684.0,1.0
4784.0,7799.0,1.0
4784.0,11199.0,1.0
4785.0,6071.0,1.0
4785.0,7800.0,1.0
4786.0,4787.0,1.0
4786.0,9194.0,1.0
4786.0,6383.0,1.0
4787.0,5096.0,1.0
4787.0,8748.0,1.0
4791.0,9233.0,1.0
4792.0,4793.0,1.0
4793.0,9403.0,1.0
4793.0,7141.0,1.0
4794.0,13296.0,1.0
4799.0,12416.0,1.0
4800.0,4801.0,1.0
4800.0,7275.0,1.0
4800.0,16788.0,1.0
4800.0,19314.0,1.0
4801.0,7276.0,1.0
4801.0,16841.0,1.0
4801.0,19002.0,1.0
4802.0,4803.0,1.0
4802.0,8426.0,1.0
4802.0,5381.0,1.0
4803.0,5382.0,1.0
4803.0,9070.0,1.0
4806.0,4807.0,1.0
4806.0,10122.0,1.0
4806.0,8320.0,1.0
4806.0,13592.0,1.0
4807.0,7208.0,1.0
4807.0,6933.0,1.0
4807.0,13128.0,1.0
4808.0,4809.0,1.0
4808.0,13635.0,1.0
4808.0,13027.0,1.0
4812.0,4813.0,1.0
4812.0,5017.0,1.0
4812.0,12913.0,1.0
4812.0,16722.0,1.0
4813.0,10724.0,1.0
4813.0,9433.0,1.0
4813.0,14906.0,1.0
4814.0,4815.0,1.0
4814.0,17693.0,1.0
4814.0,5915.0,1.0
4815.0,5613.0,1.0
4815.0,9077.0,1.0
4817.0,4818.0,1.0
4817.0,6989.0,1.0
4817.0,9611.0,1.0
4818.0,9612.0,1.0
4818.0,7938.0,1.0
4818.0,5537.0,1.0
4820.0,9407.0,1.0
4820.0,11284.0,1.0
4820.0,14257.0,1.0
4822.0,4823.0,1.0
4822.0,11746.0,1.0
4823.0,11746.0,1.0
4823.0,19245.0,1.0
4827.0,4828.0,1.0
4827.0,10575.0,1.0
4827.0,7340.0,1.0
4829.0,6511.0,1.0
4829.0,10905.0,1.0
4829.0,11061.0,1.0
4830.0,6061.0,1.0
4830.0,13413.0,1.0
4831.0,8208.0,1.0
4831.0,15055.0,1.0
4831.0,17617.0,1.0
4831.0,17639.0,1.0
4837.0,4838.0,1.0
4837.0,6933.0,1.0
4837.0,11179.0,1.0
4838.0,7599.0,1.0
4838.0,7835.0,1.0
4840.0,4841.0,1.0
4840.0,8696.0,1.0
4840.0,9142.0,1.0
4841.0,6848.0,1.0
4841.0,8217.0,1.0
4844.0,4941.0,1.0
4844.0,7756.0,1.0
4846.0,8191.0,1.0
4846.0,7473.0,1.0
4847.0,5006.0,1.0
4847.0,4932.0,1.0
4847.0,8435.0,1.0
4849.0,4850.0,1.0
4850.0,6266.0,1.0
4850.0,7031.0,1.0
4853.0,4854.0,1.0
4853.0,5919.0,1.0
4853.0,16128.0,1.0
4854.0,11685.0,1.0
4854.0,14558.0,1.0
4857.0,4858.0,1.0
4857.0,12174.0,1.0
4857.0,10655.0,1.0
4858.0,7085.0,1.0
4858.0,13079.0,1.0
4858.0,10628.0,1.0
4861.0,4862.0,1.0
4861.0,6977.0,1.0
4861.0,16661.0,1.0
4862.0,6837.0,1.0
4862.0,19334.0,1.0
4864.0,8693.0,1.0
4864.0,7554.0,1.0
4865.0,4866.0,1.0
4865.0,6273.0,1.0
4865.0,16188.0,1.0
4866.0,5595.0,1.0
4867.0,4868.0,1.0
4868.0,7953.0,1.0
4868.0,9095.0,1.0
4869.0,4870.0,1.0
4870.0,9063.0,1.0
4870.0,13462.0,1.0
4871.0,4872.0,1.0
4871.0,9349.0,1.0
4871.0,20858.0,1.0
4872.0,7229.0,1.0
4872.0,18067.0,1.0
4873.0,13171.0,1.0
4874.0,5770.0,1.0
4874.0,13776.0,1.0
4874.0,10423.0,1.0
4884.0,10301.0,1.0
4885.0,7355.0,1.0
4885.0,7846.0,1.0
4885.0,6189.0,1.0
4886.0,4887.0,1.0
4886.0,8067.0,1.0
4886.0,9584.0,1.0
4887.0,12653.0,1.0
4889.0,4890.0,1.0
4889.0,6901.0,1.0
4889.0,11622.0,1.0
4889.0,7143.0,1.0
4890.0,12266.0,1.0
4890.0,7544.0,1.0
4891.0,12122.0,1.0
4892.0,6415.0,1.0
4892.0,12495.0,1.0
4892.0,16453.0,1.0
4893.0,7048.0,1.0
4895.0,4896.0,1.0
4895.0,7907.0,1.0
4895.0,11606.0,1.0
4895.0,16921.0,1.0
4896.0,10082.0,1.0
4896.0,9974.0,1.0
4896.0,13459.0,1.0
4898.0,4899.0,1.0
4898.0,10511.0,1.0
4898.0,9709.0,1.0
4899.0,13193.0,1.0
4907.0,13045.0,1.0
4907.0,7057.0,1.0
4908.0,6652.0,1.0
4908.0,7247.0,1.0
4908.0,9172.0,1.0
4918.0,4919.0,1.0
4918.0,5555.0,1.0
4919.0,9507.0,1.0
4919.0,12681.0,1.0
4919.0,16389.0,1.0
4920.0,9032.0,1.0
4921.0,11620.0,1.0
4921.0,9958.0,1.0
4921.0,7450.0,1.0
4922.0,4923.0,1.0
4922.0,11663.0,1.0
4922.0,5578.0,1.0
4922.0,14872.0,1.0
4923.0,11979.0,1.0
4923.0,5017.0,1.0
4923.0,12737.0,1.0
4924.0,16779.0,1.0
4924.0,7178.0,1.0
4929.0,4930.0,1.0
4929.0,5339.0,1.0
4929.0,10013.0,1.0
4930.0,12223.0,1.0
4930.0,6447.0,1.0
4931.0,4932.0,1.0
4931.0,5006.0,1.0
4932.0,12931.0,1.0
4933.0,4934.0,1.0
4934.0,16543.0,1.0
4934.0,16952.0,1.0
4935.0,6160.0,1.0
4935.0,8933.0,1.0
4936.0,4937.0,1.0
4936.0,11422.0,1.0
4936.0,11421.0,1.0
4937.0,10763.0,1.0
4937.0,11884.0,1.0
4940.0,11508.0,1.0
4940.0,10571.0,1.0
4941.0,6399.0,1.0
4941.0,7756.0,1.0
4957.0,8419.0,1.0
4957.0,11136.0,1.0
4958.0,4959.0,1.0
4958.0,6844.0,1.0
4958.0,8123.0,1.0
4959.0,6496.0,1.0
4959.0,16698.0,1.0
4959.0,12353.0,1.0
4961.0,10997.0,1.0
4961.0,11319.0,1.0
4962.0,7120.0,1.0
4966.0,4967.0,1.0
4966.0,5359.0,1.0
4968.0,4969.0,1.0
4968.0,16433.0,1.0
4968.0,17046.0,1.0
4969.0,10098.0,1.0
4969.0,5498.0,1.0
4969.0,20379.0,1.0
4970.0,4971.0,1.0
4970.0,6162.0,1.0
4970.0,5356.0,1.0
4971.0,14863.0,1.0
4972.0,4973.0,1.0
4972.0,9185.0,1.0
4973.0,7237.0,1.0
4973.0,6902.0,1.0
4974.0,4975.0,1.0
4974.0,7325.0,1.0
4975.0,8387.0,1.0
4975.0,9645.0,1.0
4975.0,10520.0,1.0
4976.0,10136.0,1.0
4976.0,13194.0,1.0
4980.0,9306.0,1.0
4980.0,9778.0,1.0
4982.0,13286.0,1.0
4987.0,8870.0,1.0
4987.0,9153.0,1.0
4987.0,8440.0,1.0
4991.0,4992.0,1.0
4991.0,7110.0,1.0
4991.0,10019.0,1.0
4991.0,12171.0,1.0
4992.0,6931.0,1.0
4992.0,8168.0,1.0
4992.0,8459.0,1.0
4993.0,16346.0,1.0
4993.0,11143.0,1.0
4996.0,5281.0,1.0
4996.0,9129.0,1.0
4997.0,9639.0,1.0
4997.0,7760.0,1.0
5003.0,12074.0,1.0
5003.0,8420.0,1.0
5003.0,19258.0,1.0
5004.0,5358.0,1.0
5004.0,6694.0,1.0
5004.0,11142.0,1.0
5006.0,11593.0,1.0
5006.0,13919.0,1.0
5007.0,5008.0,1.0
5007.0,7635.0,1.0
5007.0,10597.0,1.0
5007.0,8216.0,1.0
5008.0,8149.0,1.0
5008.0,6554.0,1.0
5008.0,8255.0,1.0
5009.0,5010.0,1.0
5009.0,5683.0,1.0
5009.0,12893.0,1.0
5010.0,12511.0,1.0
5010.0,14285.0,1.0
5011.0,12126.0,1.0
5011.0,12920.0,1.0
5013.0,5014.0,1.0
5013.0,12720.0,1.0
5014.0,5753.0,1.0
5016.0,8347.0,1.0
5016.0,14230.0,1.0
5017.0,5018.0,1.0
5017.0,5302.0,1.0
5018.0,9052.0,1.0
5018.0,12737.0,1.0
5018.0,12913.0,1.0
5020.0,6613.0,1.0
5020.0,9654.0,1.0
5020.0,9024.0,1.0
5021.0,5022.0,1.0
5021.0,6072.0,1.0
5021.0,14606.0,1.0
5022.0,17256.0,1.0
5022.0,6073.0,1.0
5025.0,5026.0,1.0
5025.0,11021.0,1.0
5025.0,16758.0,1.0
5025.0,10095.0,1.0
5026.0,10702.0,1.0
5028.0,5600.0,1.0
5028.0,11258.0,1.0
5028.0,9501.0,1.0
5040.0,13777.0,1.0
5042.0,9838.0,1.0
5042.0,16490.0,1.0
5045.0,10821.0,1.0
5045.0,11143.0,1.0
5046.0,5047.0,1.0
5046.0,15505.0,1.0
5047.0,5671.0,1.0
5048.0,5049.0,1.0
5048.0,7921.0,1.0
5051.0,5052.0,1.0
5051.0,13220.0,1.0
5052.0,19402.0,1.0
5052.0,20262.0,1.0
5053.0,5054.0,1.0
5053.0,8381.0,1.0
5053.0,8720.0,1.0
5054.0,9886.0,1.0
5054.0,8721.0,1.0
5054.0,6810.0,1.0
5055.0,5056.0,1.0
5056.0,9815.0,1.0
5056.0,5109.0,1.0
5056.0,12905.0,1.0
5060.0,5061.0,1.0
5060.0,14407.0,1.0
5060.0,15639.0,1.0
5061.0,5519.0,1.0
5061.0,19925.0,1.0
5062.0,13720.0,1.0
5065.0,16094.0,1.0
5065.0,16083.0,1.0
5072.0,5073.0,1.0
5072.0,8184.0,1.0
5072.0,6546.0,1.0
5073.0,11534.0,1.0
5073.0,14249.0,1.0
5074.0,7545.0,1.0
5074.0,11572.0,1.0
5074.0,16334.0,1.0
5077.0,16475.0,1.0
5079.0,9387.0,1.0
5079.0,14817.0,1.0
5079.0,7452.0,1.0
5082.0,5083.0,1.0
5082.0,10110.0,1.0
5083.0,11501.0,1.0
5084.0,5085.0,1.0
5084.0,6213.0,1.0
5084.0,6635.0,1.0
5085.0,12277.0,1.0
5085.0,9660.0,1.0
5089.0,5090.0,1.0
5089.0,13240.0,1.0
5090.0,5919.0,1.0
5090.0,8300.0,1.0
5092.0,5093.0,1.0
5092.0,7121.0,1.0
5092.0,16374.0,1.0
5092.0,20380.0,1.0
5093.0,6392.0,1.0
5093.0,13795.0,1.0
5094.0,5095.0,1.0
5094.0,9848.0,1.0
5095.0,7225.0,1.0
5095.0,11558.0,1.0
5095.0,5714.0,1.0
5096.0,14088.0,1.0
5096.0,9419.0,1.0
5096.0,9194.0,1.0
5098.0,5129.0,1.0
5098.0,5420.0,1.0
5099.0,5100.0,1.0
5099.0,6898.0,1.0
5099.0,10167.0,1.0
5103.0,5104.0,1.0
5103.0,6788.0,1.0
5104.0,6319.0,1.0
5104.0,10229.0,1.0
5108.0,5109.0,1.0
5109.0,10655.0,1.0
5110.0,5111.0,1.0
5110.0,10140.0,1.0
5110.0,7685.0,1.0
5110.0,16515.0,1.0
5111.0,8855.0,1.0
5111.0,6380.0,1.0
5111.0,11452.0,1.0
5114.0,14007.0,1.0
5115.0,8803.0,1.0
5115.0,8518.0,1.0
5115.0,9484.0,1.0
5116.0,5117.0,1.0
5116.0,8315.0,1.0
5117.0,13061.0,1.0
5117.0,8315.0,1.0
5118.0,12483.0,1.0
5118.0,6327.0,1.0
5124.0,6737.0,1.0
5124.0,14095.0,1.0
5124.0,8834.0,1.0
5125.0,9141.0,1.0
5125.0,19512.0,1.0
5126.0,5127.0,1.0
5126.0,13460.0,1.0
5126.0,16988.0,1.0
5126.0,17561.0,1.0
5127.0,9238.0,1.0
5127.0,16988.0,1.0
5127.0,20716.0,1.0
5128.0,9294.0,1.0
5128.0,6263.0,1.0
5129.0,5517.0,1.0
5129.0,12176.0,1.0
5129.0,5497.0,1.0
5136.0,5137.0,1.0
5136.0,10792.0,1.0
5136.0,6086.0,1.0
5136.0,7407.0,1.0
5137.0,8236.0,1.0
5137.0,7695.0,1.0
5140.0,5141.0,1.0
5140.0,10226.0,1.0
5141.0,16189.0,1.0
5141.0,16188.0,1.0
5141.0,16956.0,1.0
5141.0,16038.0,1.0
5142.0,5143.0,1.0
5142.0,9077.0,1.0
5142.0,5613.0,1.0
5143.0,7638.0,1.0
5143.0,5614.0,1.0
5143.0,13482.0,1.0
5144.0,5145.0,1.0
5144.0,8957.0,1.0
5144.0,11503.0,1.0
5145.0,5702.0,1.0
5145.0,12054.0,1.0
5145.0,6219.0,1.0
5146.0,7089.0,1.0
5147.0,5148.0,1.0
5147.0,12169.0,1.0
5147.0,17041.0,1.0
5148.0,17041.0,1.0
5148.0,16307.0,1.0
5149.0,5150.0,1.0
5149.0,14442.0,1.0
5151.0,5152.0,1.0
5152.0,12657.0,1.0
5153.0,6222.0,1.0
5153.0,12857.0,1.0
5158.0,5159.0,1.0
5158.0,6974.0,1.0
5159.0,5218.0,1.0
5169.0,5170.0,1.0
5169.0,7478.0,1.0
5169.0,14284.0,1.0
5170.0,5694.0,1.0
5170.0,8264.0,1.0
5170.0,9682.0,1.0
5171.0,5172.0,1.0
5171.0,10606.0,1.0
5171.0,20566.0,1.0
5172.0,12750.0,1.0
5176.0,5981.0,1.0
5176.0,9386.0,1.0
5177.0,5178.0,1.0
5177.0,8364.0,1.0
5177.0,13316.0,1.0
5178.0,9949.0,1.0
5178.0,17601.0,1.0
5178.0,13904.0,1.0
5179.0,5180.0,1.0
5179.0,9137.0,1.0
5180.0,10264.0,1.0
5180.0,18297.0,1.0
5180.0,19982.0,1.0
5181.0,5182.0,1.0
5181.0,8888.0,1.0
5181.0,12122.0,1.0
5182.0,8604.0,1.0
5182.0,19635.0,1.0
5184.0,14077.0,1.0
5184.0,10827.0,1.0
5186.0,6262.0,1.0
5186.0,10412.0,1.0
5187.0,5188.0,1.0
5187.0,9664.0,1.0
5187.0,20056.0,1.0
5187.0,20360.0,1.0
5188.0,8062.0,1.0
5188.0,10346.0,1.0
5189.0,5190.0,1.0
5189.0,6467.0,1.0
5189.0,12792.0,1.0
5189.0,10450.0,1.0
5190.0,8245.0,1.0
5190.0,8729.0,1.0
5190.0,14051.0,1.0
5192.0,13910.0,1.0
5192.0,9321.0,1.0
5193.0,5194.0,1.0
5194.0,16892.0,1.0
5194.0,6958.0,1.0
5208.0,10155.0,1.0
5208.0,16824.0,1.0
5209.0,5210.0,1.0
5209.0,8426.0,1.0
5209.0,9699.0,1.0
5209.0,6591.0,1.0
5210.0,6592.0,1.0
5210.0,10826.0,1.0
5213.0,5214.0,1.0
5213.0,5788.0,1.0
5213.0,7481.0,1.0
5214.0,12376.0,1.0
5217.0,8123.0,1.0
5218.0,5423.0,1.0
5218.0,11715.0,1.0
5220.0,9683.0,1.0
5220.0,10683.0,1.0
5221.0,5222.0,1.0
5221.0,5543.0,1.0
5221.0,14866.0,1.0
5222.0,7564.0,1.0
5222.0,14866.0,1.0
5226.0,5227.0,1.0
5226.0,9197.0,1.0
5227.0,10692.0,1.0
5227.0,9197.0,1.0
5228.0,6870.0,1.0
5228.0,12886.0,1.0
5234.0,5235.0,1.0
5234.0,6504.0,1.0
5234.0,13883.0,1.0
5235.0,7827.0,1.0
5235.0,13058.0,1.0
5243.0,5244.0,1.0
5243.0,9679.0,1.0
5243.0,8674.0,1.0
5245.0,20593.0,1.0
5245.0,20607.0,1.0
5248.0,6276.0,1.0
5248.0,6496.0,1.0
5248.0,11495.0,1.0
5249.0,7961.0,1.0
5249.0,11537.0,1.0
5250.0,5251.0,1.0
5250.0,7686.0,1.0
5250.0,9406.0,1.0
5251.0,5908.0,1.0
5251.0,19988.0,1.0
5253.0,7868.0,1.0
5253.0,8309.0,1.0
5254.0,5255.0,1.0
5254.0,16600.0,1.0
5254.0,16451.0,1.0
5254.0,16005.0,1.0
5260.0,7222.0,1.0
5260.0,7692.0,1.0
5263.0,5264.0,1.0
5263.0,8389.0,1.0
5264.0,7703.0,1.0
5264.0,10062.0,1.0
5265.0,11494.0,1.0
5272.0,5273.0,1.0
5272.0,8158.0,1.0
5272.0,20570.0,1.0
5276.0,5277.0,1.0
5276.0,6182.0,1.0
5277.0,7082.0,1.0
5281.0,13211.0,1.0
5283.0,5284.0,1.0
5283.0,7860.0,1.0
5283.0,12120.0,1.0
5284.0,7860.0,1.0
5285.0,5286.0,1.0
5285.0,10761.0,1.0
5285.0,16827.0,1.0
5288.0,5289.0,1.0
5289.0,8238.0,1.0
5289.0,8503.0,1.0
5289.0,5931.0,1.0
5296.0,5297.0,1.0
5297.0,10606.0,1.0
5297.0,5783.0,1.0
5301.0,10728.0,1.0
5301.0,13011.0,1.0
5302.0,6497.0,1.0
5302.0,16722.0,1.0
5303.0,5828.0,1.0
5303.0,5478.0,1.0
5304.0,5305.0,1.0
5304.0,17716.0,1.0
5304.0,13078.0,1.0
5306.0,6562.0,1.0
5306.0,14035.0,1.0
5309.0,11726.0,1.0
5318.0,5319.0,1.0
5318.0,10714.0,1.0
5319.0,13505.0,1.0
5321.0,6977.0,1.0
5322.0,5323.0,1.0
5322.0,12513.0,1.0
5322.0,13828.0,1.0
5323.0,7630.0,1.0
5328.0,12125.0,1.0
5328.0,12344.0,1.0
5329.0,5330.0,1.0
5329.0,13966.0,1.0
5331.0,9240.0,1.0
5333.0,5815.0,1.0
5337.0,5338.0,1.0
5337.0,10502.0,1.0
5337.0,19985.0,1.0
5339.0,16824.0,1.0
5341.0,7772.0,1.0
5341.0,9985.0,1.0
5341.0,8872.0,1.0
5342.0,11533.0,1.0
5342.0,11805.0,1.0
5342.0,12965.0,1.0
5343.0,5344.0,1.0
5343.0,12905.0,1.0
5343.0,6951.0,1.0
5344.0,6290.0,1.0
5344.0,7085.0,1.0
5345.0,5346.0,1.0
5345.0,11310.0,1.0
5345.0,18225.0,1.0
5346.0,11937.0,1.0
5346.0,12536.0,1.0
5346.0,16748.0,1.0
5348.0,7211.0,1.0
5348.0,8462.0,1.0
5348.0,15982.0,1.0
5349.0,5350.0,1.0
5349.0,6670.0,1.0
5349.0,11537.0,1.0
5350.0,13900.0,1.0
5350.0,7248.0,1.0
5352.0,5353.0,1.0
5352.0,10736.0,1.0
5352.0,14212.0,1.0
5353.0,7761.0,1.0
5353.0,9743.0,1.0
5354.0,5355.0,1.0
5354.0,10745.0,1.0
5354.0,11005.0,1.0
5355.0,9888.0,1.0
5355.0,7527.0,1.0
5356.0,14380.0,1.0
5357.0,7865.0,1.0
5357.0,8333.0,1.0
5358.0,5359.0,1.0
5358.0,17963.0,1.0
5359.0,6645.0,1.0
5360.0,5361.0,1.0
5360.0,14900.0,1.0
5360.0,17458.0,1.0
5361.0,17083.0,1.0
5361.0,14850.0,1.0
5362.0,5363.0,1.0
5362.0,10018.0,1.0
5362.0,15715.0,1.0
5363.0,15715.0,1.0
5363.0,19423.0,1.0
5364.0,16160.0,1.0
5364.0,11325.0,1.0
5376.0,5377.0,1.0
5376.0,16356.0,1.0
5376.0,17588.0,1.0
5377.0,10602.0,1.0
5377.0,7546.0,1.0
5379.0,5380.0,1.0
5379.0,9529.0,1.0
5380.0,16717.0,1.0
5381.0,5382.0,1.0
5382.0,8197.0,1.0
5384.0,5385.0,1.0
5384.0,14566.0,1.0
5385.0,6734.0,1.0
5385.0,13649.0,1.0
5391.0,11456.0,1.0
5391.0,9011.0,1.0
5391.0,8859.0,1.0
5392.0,7340.0,1.0
5392.0,10575.0,1.0
5393.0,5394.0,1.0
5393.0,6876.0,1.0
5394.0,12104.0,1.0
5394.0,10820.0,1.0
5395.0,5396.0,1.0
5396.0,10159.0,1.0
5396.0,7864.0,1.0
5399.0,9361.0,1.0
5399.0,7985.0,1.0
5400.0,14856.0,1.0
5403.0,15436.0,1.0
5403.0,19550.0,1.0
5406.0,5407.0,1.0
5406.0,7209.0,1.0
5406.0,13618.0,1.0
5407.0,5690.0,1.0
5407.0,9390.0,1.0
5407.0,7557.0,1.0
5409.0,6248.0,1.0
5409.0,14035.0,1.0
5414.0,5415.0,1.0
5414.0,16742.0,1.0
5414.0,10049.0,1.0
5415.0,8629.0,1.0
5415.0,9815.0,1.0
5417.0,9362.0,1.0
5417.0,5797.0,1.0
5417.0,11803.0,1.0
5420.0,5421.0,1.0
5420.0,8110.0,1.0
5421.0,5497.0,1.0
5421.0,7933.0,1.0
5423.0,6595.0,1.0
5423.0,12946.0,1.0
5423.0,14040.0,1.0
5424.0,12676.0,1.0
5424.0,8100.0,1.0
5427.0,11747.0,1.0
5427.0,11950.0,1.0
5428.0,8437.0,1.0
5428.0,11038.0,1.0
5430.0,6456.0,1.0
5430.0,9780.0,1.0
5430.0,5648.0,1.0
5430.0,16410.0,1.0
5435.0,5436.0,1.0
5435.0,10623.0,1.0
5435.0,9156.0,1.0
5436.0,9179.0,1.0
5436.0,6455.0,1.0
5436.0,14852.0,1.0
5438.0,13900.0,1.0
5438.0,21011.0,1.0
5439.0,12031.0,1.0
5439.0,16754.0,1.0
5442.0,7922.0,1.0
5442.0,5650.0,1.0
5443.0,9064.0,1.0
5443.0,15237.0,1.0
5448.0,5449.0,1.0
5448.0,14927.0,1.0
5448.0,18038.0,1.0
5448.0,20963.0,1.0
5449.0,14060.0,1.0
5449.0,20960.0,1.0
5450.0,5451.0,1.0
5450.0,10474.0,1.0
5450.0,18252.0,1.0
5451.0,14170.0,1.0
5452.0,16874.0,1.0
5453.0,8215.0,1.0
5453.0,17032.0,1.0
5454.0,5455.0,1.0
5454.0,6351.0,1.0
5454.0,14021.0,1.0
5455.0,6352.0,1.0
5456.0,5457.0,1.0
5456.0,16713.0,1.0
5456.0,7431.0,1.0
5458.0,13736.0,1.0
5463.0,18527.0,1.0
5463.0,9837.0,1.0
5465.0,10628.0,1.0
5465.0,13079.0,1.0
5465.0,8354.0,1.0
5466.0,5467.0,1.0
5466.0,14908.0,1.0
5467.0,9009.0,1.0
5472.0,11723.0,1.0
5474.0,9024.0,1.0
5474.0,11843.0,1.0
5474.0,9654.0,1.0
5475.0,5476.0,1.0
5475.0,7920.0,1.0
5475.0,7701.0,1.0
5476.0,8499.0,1.0
5476.0,13487.0,1.0
5477.0,14464.0,1.0
5477.0,10391.0,1.0
5478.0,5479.0,1.0
5479.0,9959.0,1.0
5479.0,10309.0,1.0
5480.0,10362.0,1.0
5481.0,11780.0,1.0
5481.0,6638.0,1.0
5488.0,6726.0,1.0
5489.0,5490.0,1.0
5489.0,8214.0,1.0
5489.0,9020.0,1.0
5489.0,14461.0,1.0
5490.0,11604.0,1.0
5490.0,17278.0,1.0
5490.0,9243.0,1.0
5493.0,6416.0,1.0
5493.0,10481.0,1.0
5493.0,5747.0,1.0
5494.0,5495.0,1.0
5494.0,10257.0,1.0
5494.0,11675.0,1.0
5495.0,6709.0,1.0
5496.0,9615.0,1.0
5498.0,5499.0,1.0
5498.0,16457.0,1.0
5498.0,16433.0,1.0
5499.0,11125.0,1.0
5499.0,14264.0,1.0
5499.0,20122.0,1.0
5501.0,5502.0,1.0
5501.0,12298.0,1.0
5501.0,13912.0,1.0
5503.0,5504.0,1.0
5503.0,7176.0,1.0
5503.0,13037.0,1.0
5503.0,20564.0,1.0
5504.0,14011.0,1.0
5504.0,12129.0,1.0
5505.0,5506.0,1.0
5505.0,8406.0,1.0
5505.0,12916.0,1.0
5506.0,9515.0,1.0
5506.0,6984.0,1.0
5507.0,5508.0,1.0
5507.0,11214.0,1.0
5508.0,12111.0,1.0
5508.0,14166.0,1.0
5509.0,5510.0,1.0
5509.0,11524.0,1.0
5509.0,14188.0,1.0
5510.0,11791.0,1.0
5510.0,6347.0,1.0
5511.0,5512.0,1.0
5512.0,10929.0,1.0
5512.0,9738.0,1.0
5517.0,10808.0,1.0
5519.0,17429.0,1.0
5521.0,5522.0,1.0
5521.0,10480.0,1.0
5522.0,7119.0,1.0
5523.0,8263.0,1.0
5523.0,12497.0,1.0
5524.0,5525.0,1.0
5524.0,7383.0,1.0
5524.0,7668.0,1.0
5526.0,5527.0,1.0
5526.0,8036.0,1.0
5526.0,7939.0,1.0
5526.0,13918.0,1.0
5527.0,7585.0,1.0
5527.0,10274.0,1.0
5528.0,5529.0,1.0
5528.0,6475.0,1.0
5528.0,9606.0,1.0
5528.0,12580.0,1.0
5529.0,7044.0,1.0
5529.0,16670.0,1.0
5529.0,10512.0,1.0
5531.0,16956.0,1.0
5532.0,7818.0,1.0
5532.0,10423.0,1.0
5535.0,7832.0,1.0
5535.0,7207.0,1.0
5537.0,5538.0,1.0
5538.0,7388.0,1.0
5538.0,6876.0,1.0
5538.0,7938.0,1.0
5550.0,5551.0,1.0
5550.0,5734.0,1.0
5550.0,6935.0,1.0
5550.0,6862.0,1.0
5551.0,16720.0,1.0
5551.0,14535.0,1.0
5552.0,5553.0,1.0
5553.0,5640.0,1.0
5554.0,5555.0,1.0
5554.0,7043.0,1.0
5554.0,19039.0,1.0
5555.0,18023.0,1.0
5555.0,8658.0,1.0
5556.0,11739.0,1.0
5556.0,14849.0,1.0
5556.0,13764.0,1.0
5558.0,5559.0,1.0
5558.0,10487.0,1.0
5560.0,5561.0,1.0
5560.0,6478.0,1.0
5560.0,10402.0,1.0
5560.0,18157.0,1.0
5561.0,10675.0,1.0
5561.0,9272.0,1.0
5572.0,5573.0,1.0
5572.0,6826.0,1.0
5573.0,10668.0,1.0
5573.0,10438.0,1.0
5578.0,13806.0,1.0
5579.0,5580.0,1.0
5579.0,9046.0,1.0
5579.0,8970.0,1.0
5579.0,11154.0,1.0
5580.0,8386.0,1.0
5580.0,11759.0,1.0
5580.0,8971.0,1.0
5582.0,5583.0,1.0
5582.0,12029.0,1.0
5582.0,17852.0,1.0
5583.0,7118.0,1.0
5586.0,5587.0,1.0
5586.0,6886.0,1.0
5586.0,7074.0,1.0
5587.0,8291.0,1.0
5587.0,16798.0,1.0
5588.0,5999.0,1.0
5588.0,9449.0,1.0
5588.0,9574.0,1.0
5589.0,5590.0,1.0
5589.0,16857.0,1.0
5589.0,17007.0,1.0
5590.0,10553.0,1.0
5594.0,6597.0,1.0
5594.0,12148.0,1.0
5595.0,15044.0,1.0
5596.0,5863.0,1.0
5596.0,7768.0,1.0
5596.0,9101.0,1.0
5597.0,15054.0,1.0
5597.0,19443.0,1.0
5600.0,7752.0,1.0
5600.0,13187.0,1.0
5601.0,5602.0,1.0
5601.0,12151.0,1.0
5601.0,13733.0,1.0
5602.0,12703.0,1.0
5602.0,12813.0,1.0
5602.0,7772.0,1.0
5603.0,5604.0,1.0
5603.0,6258.0,1.0
5603.0,6644.0,1.0
5604.0,9768.0,1.0
5604.0,10596.0,1.0
5606.0,5607.0,1.0
5606.0,9983.0,1.0
5606.0,15496.0,1.0
5606.0,18308.0,1.0
5607.0,18039.0,1.0
5607.0,15491.0,1.0
5607.0,18059.0,1.0
5609.0,5610.0,1.0
5609.0,9421.0,1.0
5610.0,6054.0,1.0
5610.0,12211.0,1.0
5611.0,5612.0,1.0
5611.0,9328.0,1.0
5611.0,16313.0,1.0
5612.0,16313.0,1.0
5612.0,16969.0,1.0
5612.0,9329.0,1.0
5612.0,9290.0,1.0
5613.0,5614.0,1.0
5613.0,7941.0,1.0
5614.0,7942.0,1.0
5614.0,11257.0,1.0
5615.0,5616.0,1.0
5615.0,12837.0,1.0
5615.0,13017.0,1.0
5618.0,5680.0,1.0
5619.0,7027.0,1.0
5619.0,8518.0,1.0
5620.0,5621.0,1.0
5620.0,8599.0,1.0
5620.0,9864.0,1.0
5620.0,9428.0,1.0
5621.0,7322.0,1.0
5621.0,11862.0,1.0
5622.0,6171.0,1.0
5622.0,8333.0,1.0
5623.0,6583.0,1.0
5623.0,7831.0,1.0
5624.0,14564.0,1.0
5624.0,12681.0,1.0
5625.0,5626.0,1.0
5625.0,12894.0,1.0
5626.0,12606.0,1.0
5627.0,5628.0,1.0
5627.0,9958.0,1.0
5628.0,8554.0,1.0
5628.0,6648.0,1.0
5634.0,5820.0,1.0
5634.0,9410.0,1.0
5635.0,9745.0,1.0
5635.0,11833.0,1.0
5637.0,14289.0,1.0
5637.0,14873.0,1.0
5642.0,5643.0,1.0
5642.0,10996.0,1.0
5642.0,7165.0,1.0
5643.0,12075.0,1.0
5643.0,5787.0,1.0
5643.0,21010.0,1.0
5645.0,10781.0,1.0
5645.0,7380.0,1.0
5646.0,5647.0,1.0
5647.0,8348.0,1.0
5647.0,10595.0,1.0
5648.0,13380.0,1.0
5648.0,16569.0,1.0
5648.0,14898.0,1.0
5649.0,5650.0,1.0
5649.0,11108.0,1.0
5649.0,11055.0,1.0
5650.0,12551.0,1.0
5651.0,14861.0,1.0
5653.0,5654.0,1.0
5653.0,9695.0,1.0
5653.0,12334.0,1.0
5653.0,16428.0,1.0
5654.0,12612.0,1.0
5654.0,10480.0,1.0
5657.0,8217.0,1.0
5657.0,9804.0,1.0
5657.0,6849.0,1.0
5658.0,13828.0,1.0
5658.0,7910.0,1.0
5658.0,7630.0,1.0
5659.0,9190.0,1.0
5661.0,5662.0,1.0
5662.0,7135.0,1.0
5662.0,14702.0,1.0
5662.0,14755.0,1.0
5663.0,5807.0,1.0
5663.0,14306.0,1.0
5663.0,18169.0,1.0
5669.0,5670.0,1.0
5669.0,8816.0,1.0
5670.0,8816.0,1.0
5670.0,16458.0,1.0
5671.0,14290.0,1.0
5672.0,6251.0,1.0
5672.0,10511.0,1.0
5675.0,5676.0,1.0
5675.0,12336.0,1.0
5675.0,6130.0,1.0
5676.0,16527.0,1.0
5678.0,8548.0,1.0
5678.0,16524.0,1.0
5678.0,16450.0,1.0
5683.0,7324.0,1.0
5683.0,12511.0,1.0
5684.0,8292.0,1.0
5684.0,6071.0,1.0
5685.0,5686.0,1.0
5685.0,7854.0,1.0
5686.0,8474.0,1.0
5686.0,6833.0,1.0
5688.0,13832.0,1.0
5689.0,9539.0,1.0
5689.0,12701.0,1.0
5691.0,5692.0,1.0
5692.0,9412.0,1.0
5692.0,12710.0,1.0
5694.0,8995.0,1.0
5694.0,10048.0,1.0
5694.0,14284.0,1.0
5695.0,7604.0,1.0
5695.0,7702.0,1.0
5696.0,5697.0,1.0
5696.0,6367.0,1.0
5696.0,10209.0,1.0
5697.0,16984.0,1.0
5698.0,7495.0,1.0
5698.0,8356.0,1.0
5698.0,6678.0,1.0
5698.0,12028.0,1.0
5700.0,5701.0,1.0
5700.0,6877.0,1.0
5700.0,8841.0,1.0
5700.0,12442.0,1.0
5701.0,10035.0,1.0
5701.0,14911.0,1.0
5702.0,8319.0,1.0
5702.0,8765.0,1.0
5702.0,6219.0,1.0
5704.0,10832.0,1.0
5704.0,5994.0,1.0
5707.0,12743.0,1.0
5707.0,12545.0,1.0
5707.0,9496.0,1.0
5713.0,11529.0,1.0
5713.0,7060.0,1.0
5714.0,10307.0,1.0
5715.0,9361.0,1.0
5715.0,11632.0,1.0
5715.0,14645.0,1.0
5717.0,9765.0,1.0
5720.0,7998.0,1.0
5720.0,6711.0,1.0
5723.0,5933.0,1.0
5723.0,14204.0,1.0
5729.0,5730.0,1.0
5729.0,12759.0,1.0
5730.0,6600.0,1.0
5734.0,5735.0,1.0
5734.0,6934.0,1.0
5735.0,6862.0,1.0
5735.0,14012.0,1.0
5735.0,12875.0,1.0
5739.0,5740.0,1.0
5739.0,15791.0,1.0
5739.0,11670.0,1.0
5740.0,6633.0,1.0
5746.0,5747.0,1.0
5746.0,6618.0,1.0
5747.0,20612.0,1.0
5748.0,5749.0,1.0
5748.0,9187.0,1.0
5748.0,8343.0,1.0
5748.0,8473.0,1.0
5749.0,13760.0,1.0
5751.0,7882.0,1.0
5751.0,13161.0,1.0
5752.0,5753.0,1.0
5752.0,8916.0,1.0
5752.0,12720.0,1.0
5753.0,8917.0,1.0
5757.0,10597.0,1.0
5757.0,13987.0,1.0
5757.0,5796.0,1.0
5758.0,14799.0,1.0
5758.0,12529.0,1.0
5759.0,9960.0,1.0
5759.0,13962.0,1.0
5759.0,10694.0,1.0
5764.0,13226.0,1.0
5764.0,16691.0,1.0
5769.0,9212.0,1.0
5770.0,10114.0,1.0
5771.0,5772.0,1.0
5771.0,7174.0,1.0
5772.0,13308.0,1.0
5773.0,9163.0,1.0
5773.0,13286.0,1.0
5773.0,9721.0,1.0
5774.0,7288.0,1.0
5774.0,8472.0,1.0
5775.0,5776.0,1.0
5775.0,8685.0,1.0
5775.0,14076.0,1.0
5776.0,8165.0,1.0
5776.0,9758.0,1.0
5777.0,5778.0,1.0
5778.0,13180.0,1.0
5779.0,8010.0,1.0
5779.0,9146.0,1.0
5779.0,15160.0,1.0
5780.0,5781.0,1.0
5780.0,8340.0,1.0
5780.0,9212.0,1.0
5781.0,6511.0,1.0
5781.0,11061.0,1.0
5781.0,13242.0,1.0
5782.0,5783.0,1.0
5782.0,10606.0,1.0
5782.0,9332.0,1.0
5782.0,12750.0,1.0
5783.0,11376.0,1.0
5784.0,12153.0,1.0
5784.0,13924.0,1.0
5784.0,13992.0,1.0
5785.0,5786.0,1.0
5785.0,8115.0,1.0
5785.0,14263.0,1.0
5786.0,10446.0,1.0
5786.0,8116.0,1.0
5786.0,15073.0,1.0
5788.0,10683.0,1.0
5788.0,17967.0,1.0
5790.0,5791.0,1.0
5790.0,9986.0,1.0
5790.0,17874.0,1.0
5791.0,7282.0,1.0
5791.0,16644.0,1.0
5796.0,17032.0,1.0
5797.0,6408.0,1.0
5797.0,9773.0,1.0
5798.0,10736.0,1.0
5800.0,8645.0,1.0
5800.0,7304.0,1.0
5800.0,11888.0,1.0
5801.0,5802.0,1.0
5802.0,11655.0,1.0
5802.0,8564.0,1.0
5803.0,11893.0,1.0
5803.0,8455.0,1.0
5807.0,5879.0,1.0
5807.0,12966.0,1.0
5810.0,5811.0,1.0
5810.0,8625.0,1.0
5811.0,14781.0,1.0
5811.0,21104.0,1.0
5815.0,7627.0,1.0
5817.0,9264.0,1.0
5817.0,11503.0,1.0
5818.0,5819.0,1.0
5819.0,16407.0,1.0
5819.0,16643.0,1.0
5819.0,17118.0,1.0
5820.0,6423.0,1.0
5820.0,7195.0,1.0
5820.0,6051.0,1.0
5821.0,11798.0,1.0
5821.0,11833.0,1.0
5822.0,11528.0,1.0
5822.0,8242.0,1.0
5824.0,5825.0,1.0
5824.0,6189.0,1.0
5824.0,6275.0,1.0
5825.0,8667.0,1.0
5825.0,11409.0,1.0
5825.0,11277.0,1.0
5826.0,6102.0,1.0
5826.0,10022.0,1.0
5826.0,9590.0,1.0
5828.0,11868.0,1.0
5833.0,5834.0,1.0
5833.0,10939.0,1.0
5833.0,12293.0,1.0
5834.0,12058.0,1.0
5836.0,5837.0,1.0
5836.0,10269.0,1.0
5836.0,16371.0,1.0
5838.0,12575.0,1.0
5841.0,5842.0,1.0
5841.0,7538.0,1.0
5841.0,14761.0,1.0
5841.0,20586.0,1.0
5842.0,15718.0,1.0
5842.0,18520.0,1.0
5847.0,5848.0,1.0
5847.0,9517.0,1.0
5847.0,11112.0,1.0
5848.0,17645.0,1.0
5849.0,5850.0,1.0
5849.0,7523.0,1.0
5849.0,13734.0,1.0
5850.0,12076.0,1.0
5850.0,12777.0,1.0
5852.0,5853.0,1.0
5852.0,16123.0,1.0
5852.0,17263.0,1.0
5854.0,13984.0,1.0
5854.0,16315.0,1.0
5854.0,10162.0,1.0
5855.0,5856.0,1.0
5855.0,7709.0,1.0
5856.0,6306.0,1.0
5856.0,11062.0,1.0
5856.0,7127.0,1.0
5857.0,5858.0,1.0
5857.0,17068.0,1.0
5858.0,11417.0,1.0
5858.0,17068.0,1.0
5858.0,17944.0,1.0
5859.0,5860.0,1.0
5859.0,19463.0,1.0
5859.0,10131.0,1.0
5861.0,5862.0,1.0
5861.0,11256.0,1.0
5862.0,11096.0,1.0
5863.0,13435.0,1.0
5865.0,11852.0,1.0
5865.0,15959.0,1.0
5866.0,5867.0,1.0
5866.0,12455.0,1.0
5867.0,10094.0,1.0
5867.0,10728.0,1.0
5869.0,14777.0,1.0
5869.0,13821.0,1.0
5873.0,5874.0,1.0
5874.0,14577.0,1.0
5874.0,16085.0,1.0
5875.0,5876.0,1.0
5876.0,7362.0,1.0
5877.0,9090.0,1.0
5877.0,11356.0,1.0
5878.0,5879.0,1.0
5878.0,11514.0,1.0
5878.0,17642.0,1.0
5879.0,8020.0,1.0
5887.0,5888.0,1.0
5887.0,13826.0,1.0
5889.0,5890.0,1.0
5889.0,6004.0,1.0
5893.0,9960.0,1.0
5895.0,5896.0,1.0
5896.0,8717.0,1.0
5896.0,6247.0,1.0
5896.0,14784.0,1.0
5901.0,5902.0,1.0
5901.0,8299.0,1.0
5901.0,8887.0,1.0
5902.0,5926.0,1.0
5906.0,5907.0,1.0
5906.0,12481.0,1.0
5906.0,10783.0,1.0
5906.0,19583.0,1.0
5907.0,10067.0,1.0
5907.0,17010.0,1.0
5907.0,11825.0,1.0
5908.0,5909.0,1.0
5908.0,19981.0,1.0
5909.0,19984.0,1.0
5912.0,5913.0,1.0
5913.0,12424.0,1.0
5913.0,12659.0,1.0
5914.0,5915.0,1.0
5914.0,11007.0,1.0
5915.0,10479.0,1.0
5915.0,16697.0,1.0
5919.0,15960.0,1.0
5920.0,6998.0,1.0
5921.0,11220.0,1.0
5921.0,12646.0,1.0
5922.0,8467.0,1.0
5922.0,17676.0,1.0
5922.0,9786.0,1.0
5923.0,5924.0,1.0
5923.0,14148.0,1.0
5924.0,12770.0,1.0
5924.0,13187.0,1.0
5926.0,9649.0,1.0
5930.0,5931.0,1.0
5930.0,9367.0,1.0
5930.0,7047.0,1.0
5932.0,5933.0,1.0
5932.0,6965.0,1.0
5933.0,6965.0,1.0
5935.0,7663.0,1.0
5935.0,16610.0,1.0
5935.0,7972.0,1.0
5940.0,5941.0,1.0
5940.0,13109.0,1.0
5940.0,9807.0,1.0
5940.0,14238.0,1.0
5941.0,10301.0,1.0
5942.0,5943.0,1.0
5942.0,10179.0,1.0
5942.0,8517.0,1.0
5944.0,11056.0,1.0
5944.0,14617.0,1.0
5946.0,5947.0,1.0
5946.0,11141.0,1.0
5946.0,7702.0,1.0
5947.0,9227.0,1.0
5948.0,5949.0,1.0
5948.0,10420.0,1.0
5948.0,6715.0,1.0
5949.0,6844.0,1.0
5949.0,9626.0,1.0
5951.0,16964.0,1.0
5951.0,11198.0,1.0
5952.0,5953.0,1.0
5952.0,12404.0,1.0
5952.0,11715.0,1.0
5953.0,8171.0,1.0
5968.0,5969.0,1.0
5968.0,8945.0,1.0
5968.0,8025.0,1.0
5968.0,21125.0,1.0
5978.0,8979.0,1.0
5978.0,12965.0,1.0
5981.0,7329.0,1.0
5981.0,14491.0,1.0
5983.0,5984.0,1.0
5983.0,7936.0,1.0
5984.0,7777.0,1.0
5984.0,10481.0,1.0
5989.0,7603.0,1.0
5989.0,6279.0,1.0
5992.0,13351.0,1.0
5992.0,6498.0,1.0
5992.0,16427.0,1.0
5993.0,12762.0,1.0
5994.0,5995.0,1.0
5995.0,11826.0,1.0
5996.0,5997.0,1.0
5996.0,7325.0,1.0
5996.0,7679.0,1.0
5996.0,6592.0,1.0
5997.0,10520.0,1.0
5997.0,8240.0,1.0
5999.0,9671.0,1.0
5999.0,10504.0,1.0
6000.0,6455.0,1.0
6004.0,8852.0,1.0
6005.0,18524.0,1.0
6005.0,17215.0,1.0
6006.0,6007.0,1.0
6006.0,13426.0,1.0
6006.0,14365.0,1.0
6007.0,13364.0,1.0
6007.0,14766.0,1.0
6008.0,10305.0,1.0
6009.0,13977.0,1.0
6016.0,6017.0,1.0
6017.0,17057.0,1.0
6020.0,6021.0,1.0
6021.0,14004.0,1.0
6022.0,6023.0,1.0
6022.0,18276.0,1.0
6023.0,7202.0,1.0
6025.0,16454.0,1.0
6025.0,9745.0,1.0
6026.0,6027.0,1.0
6027.0,9325.0,1.0
6027.0,8157.0,1.0
6036.0,17696.0,1.0
6040.0,6420.0,1.0
6040.0,13967.0,1.0
6040.0,10216.0,1.0
6043.0,7312.0,1.0
6043.0,17921.0,1.0
6044.0,14793.0,1.0
6044.0,13363.0,1.0
6044.0,19426.0,1.0
6046.0,6047.0,1.0
6046.0,19577.0,1.0
6046.0,16995.0,1.0
6047.0,16699.0,1.0
6047.0,16975.0,1.0
6048.0,6049.0,1.0
6048.0,11126.0,1.0
6048.0,12731.0,1.0
6049.0,6093.0,1.0
6049.0,17513.0,1.0
6050.0,8766.0,1.0
6050.0,19455.0,1.0
6050.0,11920.0,1.0
6051.0,12336.0,1.0
6052.0,6053.0,1.0
6052.0,15421.0,1.0
6052.0,9838.0,1.0
6053.0,10723.0,1.0
6053.0,15421.0,1.0
6054.0,6055.0,1.0
6054.0,10024.0,1.0
6054.0,10426.0,1.0
6055.0,16377.0,1.0
6056.0,14161.0,1.0
6060.0,10022.0,1.0
6061.0,6062.0,1.0
6061.0,10586.0,1.0
6061.0,6776.0,1.0
6062.0,16630.0,1.0
6062.0,16356.0,1.0
6065.0,15525.0,1.0
6065.0,11069.0,1.0
6066.0,6067.0,1.0
6066.0,14327.0,1.0
6066.0,7678.0,1.0
6067.0,16767.0,1.0
6067.0,19619.0,1.0
6067.0,9175.0,1.0
6070.0,6071.0,1.0
6070.0,8292.0,1.0
6070.0,7968.0,1.0
6072.0,6073.0,1.0
6073.0,9555.0,1.0
6073.0,16131.0,1.0
6074.0,6075.0,1.0
6074.0,16069.0,1.0
6075.0,7135.0,1.0
6075.0,14813.0,1.0
6079.0,6080.0,1.0
6079.0,6247.0,1.0
6079.0,6158.0,1.0
6079.0,19437.0,1.0
6083.0,11749.0,1.0
6085.0,6086.0,1.0
6085.0,11836.0,1.0
6086.0,10792.0,1.0
6089.0,6090.0,1.0
6089.0,9031.0,1.0
6089.0,10057.0,1.0
6089.0,12444.0,1.0
6090.0,7487.0,1.0
6093.0,14748.0,1.0
6097.0,6098.0,1.0
6097.0,8281.0,1.0
6097.0,11515.0,1.0
6098.0,6628.0,1.0
6098.0,20763.0,1.0
6099.0,6301.0,1.0
6099.0,10972.0,1.0
6102.0,13049.0,1.0
6104.0,6105.0,1.0
6105.0,9089.0,1.0
6108.0,11990.0,1.0
6108.0,7973.0,1.0
6108.0,10330.0,1.0
6109.0,13027.0,1.0
6109.0,15342.0,1.0
6110.0,6111.0,1.0
6110.0,6645.0,1.0
6110.0,8348.0,1.0
6111.0,10595.0,1.0
6111.0,11500.0,1.0
6119.0,6120.0,1.0
6119.0,11972.0,1.0
6119.0,9866.0,1.0
6121.0,15432.0,1.0
6121.0,16824.0,1.0
6121.0,15433.0,1.0
6122.0,6123.0,1.0
6122.0,12590.0,1.0
6122.0,16592.0,1.0
6123.0,6522.0,1.0
6123.0,11542.0,1.0
6126.0,10693.0,1.0
6127.0,6128.0,1.0
6127.0,13883.0,1.0
6128.0,10110.0,1.0
6129.0,6130.0,1.0
6129.0,10016.0,1.0
6129.0,12336.0,1.0
6129.0,8706.0,1.0
6130.0,9584.0,1.0
6130.0,16527.0,1.0
6135.0,16595.0,1.0
6135.0,8348.0,1.0
6135.0,20569.0,1.0
6141.0,7317.0,1.0
6147.0,6148.0,1.0
6147.0,13328.0,1.0
6147.0,13625.0,1.0
6148.0,13513.0,1.0
6150.0,14719.0,1.0
6150.0,17692.0,1.0
6151.0,6152.0,1.0
6151.0,9089.0,1.0
6151.0,11328.0,1.0
6151.0,7003.0,1.0
6152.0,16081.0,1.0
6152.0,14244.0,1.0
6153.0,6154.0,1.0
6153.0,13138.0,1.0
6153.0,11432.0,1.0
6154.0,13138.0,1.0
6154.0,14277.0,1.0
6155.0,14875.0,1.0
6157.0,6158.0,1.0
6157.0,12613.0,1.0
6157.0,12616.0,1.0
6157.0,7985.0,1.0
6158.0,9270.0,1.0
6158.0,7986.0,1.0
6159.0,9263.0,1.0
6160.0,12749.0,1.0
6162.0,14863.0,1.0
6162.0,14380.0,1.0
6163.0,16106.0,1.0
6164.0,13861.0,1.0
6164.0,6598.0,1.0
6166.0,6528.0,1.0
6166.0,8411.0,1.0
6172.0,6173.0,1.0
6172.0,10649.0,1.0
6172.0,12163.0,1.0
6173.0,10100.0,1.0
6173.0,10605.0,1.0
6174.0,6175.0,1.0
6174.0,7881.0,1.0
6174.0,12535.0,1.0
6174.0,9893.0,1.0
6180.0,6181.0,1.0
6181.0,9025.0,1.0
6182.0,7844.0,1.0
6182.0,13114.0,1.0
6183.0,6184.0,1.0
6183.0,9562.0,1.0
6183.0,12272.0,1.0
6183.0,14901.0,1.0
6184.0,16694.0,1.0
6184.0,16704.0,1.0
6187.0,6188.0,1.0
6187.0,7886.0,1.0
6187.0,17167.0,1.0
6188.0,7666.0,1.0
6188.0,8984.0,1.0
6188.0,7792.0,1.0
6189.0,11409.0,1.0
6193.0,6194.0,1.0
6193.0,6595.0,1.0
6193.0,12946.0,1.0
6193.0,16402.0,1.0
6194.0,10708.0,1.0
6194.0,14792.0,1.0
6195.0,11712.0,1.0
6196.0,6197.0,1.0
6196.0,7249.0,1.0
6196.0,12268.0,1.0
6197.0,6366.0,1.0
6197.0,13592.0,1.0
6197.0,11716.0,1.0
6198.0,6199.0,1.0
6198.0,6222.0,1.0
6198.0,10960.0,1.0
6198.0,7368.0,1.0
6199.0,9409.0,1.0
6201.0,6202.0,1.0
6201.0,8595.0,1.0
6201.0,9485.0,1.0
6202.0,17629.0,1.0
6205.0,11301.0,1.0
6206.0,11918.0,1.0
6207.0,16575.0,1.0
6213.0,14341.0,1.0
6213.0,14489.0,1.0
6218.0,6219.0,1.0
6218.0,8956.0,1.0
6218.0,13590.0,1.0
6219.0,10018.0,1.0
6220.0,8941.0,1.0
6220.0,13617.0,1.0
6222.0,9510.0,1.0
6231.0,7646.0,1.0
6232.0,6233.0,1.0
6232.0,10446.0,1.0
6232.0,8116.0,1.0
6233.0,8659.0,1.0
6233.0,12122.0,1.0
6233.0,8888.0,1.0
6234.0,12221.0,1.0
6236.0,14132.0,1.0
6236.0,16901.0,1.0
6237.0,6799.0,1.0
6240.0,6241.0,1.0
6240.0,10373.0,1.0
6240.0,9309.0,1.0
6241.0,7235.0,1.0
6241.0,10831.0,1.0
6241.0,12337.0,1.0
6241.0,14149.0,1.0
6247.0,13710.0,1.0
6248.0,10263.0,1.0
6248.0,13154.0,1.0
6251.0,10964.0,1.0
6257.0,6258.0,1.0
6257.0,12104.0,1.0
6257.0,12551.0,1.0
6257.0,14524.0,1.0
6258.0,9768.0,1.0
6258.0,10099.0,1.0
6261.0,6262.0,1.0
6261.0,16491.0,1.0
6261.0,20926.0,1.0
6263.0,16892.0,1.0
6266.0,12037.0,1.0
6266.0,6628.0,1.0
6266.0,20764.0,1.0
6269.0,12559.0,1.0
6269.0,14560.0,1.0
6269.0,19221.0,1.0
6272.0,12089.0,1.0
6272.0,12368.0,1.0
6272.0,8622.0,1.0
6274.0,6607.0,1.0
6276.0,7259.0,1.0
6279.0,6280.0,1.0
6279.0,7255.0,1.0
6279.0,14006.0,1.0
6280.0,10577.0,1.0
6280.0,10853.0,1.0
6282.0,6283.0,1.0
6282.0,14268.0,1.0
6282.0,12573.0,1.0
6283.0,6338.0,1.0
6283.0,8727.0,1.0
6283.0,12451.0,1.0
6284.0,6285.0,1.0
6284.0,15248.0,1.0
6284.0,15293.0,1.0
6287.0,6288.0,1.0
6287.0,12805.0,1.0
6287.0,14067.0,1.0
6288.0,14199.0,1.0
6288.0,16913.0,1.0
6289.0,12740.0,1.0
6289.0,12637.0,1.0
6289.0,18124.0,1.0
6290.0,7213.0,1.0
6290.0,10628.0,1.0
6297.0,10798.0,1.0
6297.0,12917.0,1.0
6299.0,7809.0,1.0
6299.0,10881.0,1.0
6300.0,14652.0,1.0
6301.0,6390.0,1.0
6301.0,7136.0,1.0
6304.0,6305.0,1.0
6305.0,11769.0,1.0
6305.0,12022.0,1.0
6306.0,6307.0,1.0
6306.0,18579.0,1.0
6307.0,12799.0,1.0
6307.0,11062.0,1.0
6310.0,20920.0,1.0
6316.0,6317.0,1.0
6316.0,7557.0,1.0
6316.0,13215.0,1.0
6316.0,12538.0,1.0
6317.0,12635.0,1.0
6317.0,10991.0,1.0
6319.0,8994.0,1.0
6319.0,12726.0,1.0
6319.0,6787.0,1.0
6322.0,6323.0,1.0
6322.0,6688.0,1.0
6322.0,15255.0,1.0
6323.0,14900.0,1.0
6323.0,16476.0,1.0
6324.0,9912.0,1.0
6324.0,14844.0,1.0
6324.0,19024.0,1.0
6327.0,10419.0,1.0
6328.0,9264.0,1.0
6329.0,8758.0,1.0
6329.0,8906.0,1.0
6330.0,6331.0,1.0
6330.0,9028.0,1.0
6330.0,10925.0,1.0
6332.0,6333.0,1.0
6332.0,9018.0,1.0
6332.0,10794.0,1.0
6333.0,14867.0,1.0
6333.0,11883.0,1.0
6335.0,6336.0,1.0
6335.0,10135.0,1.0
6335.0,12375.0,1.0
6336.0,20437.0,1.0
6338.0,6537.0,1.0
6338.0,10554.0,1.0
6338.0,7193.0,1.0
6341.0,15820.0,1.0
6341.0,16393.0,1.0
6341.0,16733.0,1.0
6341.0,16251.0,1.0
6344.0,9012.0,1.0
6344.0,11312.0,1.0
6344.0,6732.0,1.0
6345.0,6346.0,1.0
6345.0,11893.0,1.0
6346.0,10117.0,1.0
6347.0,11790.0,1.0
6347.0,14188.0,1.0
6347.0,15721.0,1.0
6347.0,15557.0,1.0
6348.0,6349.0,1.0
6348.0,8997.0,1.0
6348.0,11107.0,1.0
6349.0,13132.0,1.0
6350.0,15191.0,1.0
6351.0,6352.0,1.0
6352.0,8028.0,1.0
6352.0,8089.0,1.0
6355.0,11520.0,1.0
6355.0,14751.0,1.0
6364.0,6365.0,1.0
6364.0,16795.0,1.0
6364.0,13786.0,1.0
6365.0,13633.0,1.0
6365.0,19088.0,1.0
6366.0,8856.0,1.0
6366.0,12268.0,1.0
6367.0,7931.0,1.0
6368.0,6369.0,1.0
6368.0,13901.0,1.0
6369.0,9795.0,1.0
6372.0,7930.0,1.0
6372.0,8110.0,1.0
6373.0,12345.0,1.0
6375.0,6376.0,1.0
6375.0,12652.0,1.0
6375.0,16510.0,1.0
6376.0,7761.0,1.0
6379.0,11340.0,1.0
6380.0,6381.0,1.0
6380.0,9140.0,1.0
6380.0,9523.0,1.0
6381.0,8855.0,1.0
6381.0,9329.0,1.0
6381.0,13300.0,1.0
6382.0,6383.0,1.0
6382.0,9516.0,1.0
6383.0,12948.0,1.0
6384.0,20960.0,1.0
6385.0,6386.0,1.0
6386.0,7614.0,1.0
6387.0,9206.0,1.0
6387.0,15552.0,1.0
6388.0,11034.0,1.0
6389.0,6390.0,1.0
6389.0,8449.0,1.0
6389.0,15116.0,1.0
6390.0,7136.0,1.0
6391.0,6392.0,1.0
6392.0,7087.0,1.0
6392.0,12299.0,1.0
6393.0,20693.0,1.0
6394.0,6395.0,1.0
6394.0,9887.0,1.0
6395.0,9956.0,1.0
6397.0,6398.0,1.0
6397.0,12151.0,1.0
6397.0,20779.0,1.0
6397.0,16556.0,1.0
6397.0,19318.0,1.0
6398.0,8271.0,1.0
6398.0,7555.0,1.0
6399.0,6400.0,1.0
6399.0,7386.0,1.0
6400.0,6899.0,1.0
6400.0,10901.0,1.0
6405.0,17864.0,1.0
6405.0,16546.0,1.0
6405.0,7045.0,1.0
6408.0,9847.0,1.0
6411.0,10735.0,1.0
6411.0,10193.0,1.0
6415.0,14105.0,1.0
6416.0,7435.0,1.0
6416.0,11315.0,1.0
6419.0,6420.0,1.0
6419.0,10216.0,1.0
6420.0,9618.0,1.0
6423.0,11924.0,1.0
6423.0,8602.0,1.0
6424.0,6425.0,1.0
6424.0,16994.0,1.0
6425.0,13170.0,1.0
6425.0,15397.0,1.0
6429.0,6430.0,1.0
6429.0,9792.0,1.0
6429.0,13154.0,1.0
6429.0,8542.0,1.0
6430.0,14035.0,1.0
6430.0,8542.0,1.0
6433.0,6434.0,1.0
6433.0,19441.0,1.0
6434.0,9375.0,1.0
6434.0,19441.0,1.0
6441.0,6442.0,1.0
6441.0,7809.0,1.0
6441.0,20613.0,1.0
6442.0,20609.0,1.0
6447.0,13921.0,1.0
6448.0,11627.0,1.0
6449.0,13080.0,1.0
6449.0,8432.0,1.0
6452.0,6453.0,1.0
6452.0,11809.0,1.0
6453.0,9247.0,1.0
6453.0,12023.0,1.0
6454.0,9450.0,1.0
6454.0,11978.0,1.0
6456.0,14898.0,1.0
6456.0,12840.0,1.0
6466.0,7851.0,1.0
6466.0,9610.0,1.0
6466.0,7246.0,1.0
6467.0,8245.0,1.0
6467.0,7948.0,1.0
6472.0,6473.0,1.0
6472.0,9797.0,1.0
6473.0,9798.0,1.0
6474.0,6475.0,1.0
6474.0,7899.0,1.0
6474.0,11926.0,1.0
6474.0,9606.0,1.0
6475.0,10512.0,1.0
6476.0,6477.0,1.0
6476.0,7218.0,1.0
6476.0,14132.0,1.0
6478.0,8489.0,1.0
6478.0,10675.0,1.0
6480.0,6481.0,1.0
6480.0,10497.0,1.0
6480.0,6652.0,1.0
6480.0,9100.0,1.0
6481.0,9172.0,1.0
6481.0,9101.0,1.0
6481.0,14160.0,1.0
6487.0,6488.0,1.0
6487.0,16558.0,1.0
6487.0,8767.0,1.0
6488.0,10262.0,1.0
6488.0,13053.0,1.0
6490.0,8573.0,1.0
6490.0,14752.0,1.0
6492.0,9861.0,1.0
6492.0,12512.0,1.0
6493.0,11976.0,1.0
6493.0,11139.0,1.0
6493.0,21201.0,1.0
6497.0,11979.0,1.0
6498.0,16672.0,1.0
6500.0,13551.0,1.0
6504.0,6505.0,1.0
6504.0,10682.0,1.0
6505.0,7827.0,1.0
6505.0,12209.0,1.0
6506.0,6507.0,1.0
6506.0,12673.0,1.0
6506.0,13502.0,1.0
6507.0,7765.0,1.0
6507.0,13502.0,1.0
6508.0,16986.0,1.0
6508.0,20783.0,1.0
6508.0,10779.0,1.0
6509.0,6510.0,1.0
6509.0,10784.0,1.0
6509.0,12928.0,1.0
6510.0,9340.0,1.0
6510.0,9822.0,1.0
6510.0,14723.0,1.0
6511.0,11630.0,1.0
6515.0,6516.0,1.0
6515.0,8747.0,1.0
6515.0,13106.0,1.0
6516.0,9674.0,1.0
6516.0,14734.0,1.0
6522.0,8384.0,1.0
6525.0,13011.0,1.0
6525.0,11542.0,1.0
6526.0,16874.0,1.0
6526.0,17081.0,1.0
6526.0,16566.0,1.0
6527.0,7620.0,1.0
6527.0,13514.0,1.0
6532.0,6533.0,1.0
6532.0,9183.0,1.0
6532.0,9592.0,1.0
6532.0,7242.0,1.0
6533.0,6936.0,1.0
6533.0,8526.0,1.0
6533.0,10060.0,1.0
6535.0,6536.0,1.0
6535.0,8297.0,1.0
6535.0,10306.0,1.0
6535.0,10622.0,1.0
6536.0,11468.0,1.0
6537.0,6538.0,1.0
6537.0,7482.0,1.0
6537.0,8727.0,1.0
6538.0,7483.0,1.0
6538.0,7193.0,1.0
6539.0,9667.0,1.0
6540.0,6541.0,1.0
6540.0,6813.0,1.0
6540.0,10070.0,1.0
6540.0,8657.0,1.0
6540.0,8656.0,1.0
6541.0,9267.0,1.0
6544.0,6545.0,1.0
6544.0,9258.0,1.0
6544.0,13953.0,1.0
6545.0,9716.0,1.0
6546.0,10272.0,1.0
6546.0,6672.0,1.0
6550.0,6563.0,1.0
6550.0,8919.0,1.0
6550.0,9267.0,1.0
6554.0,7635.0,1.0
6556.0,8172.0,1.0
6556.0,16664.0,1.0
6558.0,6559.0,1.0
6558.0,11583.0,1.0
6558.0,16384.0,1.0
6558.0,16773.0,1.0
6559.0,8424.0,1.0
6559.0,20870.0,1.0
6560.0,6561.0,1.0
6560.0,11944.0,1.0
6560.0,12497.0,1.0
6560.0,8468.0,1.0
6561.0,9479.0,1.0
6561.0,17777.0,1.0
6563.0,6564.0,1.0
6563.0,7040.0,1.0
6563.0,14525.0,1.0
6564.0,11490.0,1.0
6564.0,7714.0,1.0
6565.0,6566.0,1.0
6565.0,17084.0,1.0
6565.0,15562.0,1.0
6570.0,6571.0,1.0
6570.0,10881.0,1.0
6571.0,9453.0,1.0
6571.0,10364.0,1.0
6572.0,6573.0,1.0
6572.0,12116.0,1.0
6572.0,9176.0,1.0
6572.0,10783.0,1.0
6573.0,7275.0,1.0
6573.0,8745.0,1.0
6573.0,19314.0,1.0
6574.0,15991.0,1.0
6574.0,11625.0,1.0
6577.0,12759.0,1.0
6577.0,13993.0,1.0
6579.0,6580.0,1.0
6580.0,9742.0,1.0
6580.0,12423.0,1.0
6581.0,6582.0,1.0
6581.0,7190.0,1.0
6581.0,10791.0,1.0
6581.0,11393.0,1.0
6583.0,8069.0,1.0
6584.0,9648.0,1.0
6585.0,6586.0,1.0
6585.0,12574.0,1.0
6585.0,9508.0,1.0
6586.0,16752.0,1.0
6587.0,6588.0,1.0
6587.0,8033.0,1.0
6588.0,9870.0,1.0
6588.0,13226.0,1.0
6590.0,6890.0,1.0
6590.0,11978.0,1.0
6591.0,6592.0,1.0
6591.0,7679.0,1.0
6591.0,6754.0,1.0
6593.0,6594.0,1.0
6593.0,8282.0,1.0
6593.0,13724.0,1.0
6596.0,6597.0,1.0
6596.0,13584.0,1.0
6597.0,12148.0,1.0
6598.0,13148.0,1.0
6598.0,19398.0,1.0
6600.0,6601.0,1.0
6601.0,8949.0,1.0
6601.0,7621.0,1.0
6604.0,8871.0,1.0
6604.0,8537.0,1.0
6613.0,14627.0,1.0
6613.0,12907.0,1.0
6614.0,16306.0,1.0
6615.0,6616.0,1.0
6616.0,8362.0,1.0
6616.0,8560.0,1.0
6617.0,6618.0,1.0
6617.0,7777.0,1.0
6618.0,10481.0,1.0
6619.0,6620.0,1.0
6619.0,8907.0,1.0
6619.0,9226.0,1.0
6620.0,7479.0,1.0
6620.0,16595.0,1.0
6620.0,16713.0,1.0
6622.0,13887.0,1.0
6622.0,13708.0,1.0
6623.0,8109.0,1.0
6624.0,12066.0,1.0
6624.0,14084.0,1.0
6626.0,13353.0,1.0
6626.0,14005.0,1.0
6633.0,11670.0,1.0
6633.0,12257.0,1.0
6633.0,13383.0,1.0
6634.0,6635.0,1.0
6634.0,7674.0,1.0
6634.0,13067.0,1.0
6635.0,14489.0,1.0
6635.0,9660.0,1.0
6638.0,11076.0,1.0
6638.0,13065.0,1.0
6641.0,15048.0,1.0
6644.0,10596.0,1.0
6644.0,11639.0,1.0
6646.0,11069.0,1.0
6648.0,8011.0,1.0
6650.0,6709.0,1.0
6652.0,14565.0,1.0
6654.0,6655.0,1.0
6654.0,11749.0,1.0
6654.0,13553.0,1.0
6655.0,9960.0,1.0
6655.0,16542.0,1.0
6656.0,9134.0,1.0
6656.0,20756.0,1.0
6657.0,6658.0,1.0
6657.0,11901.0,1.0
6659.0,6660.0,1.0
6659.0,19285.0,1.0
6659.0,19316.0,1.0
6660.0,19596.0,1.0
6660.0,20982.0,1.0
6662.0,6663.0,1.0
6662.0,20186.0,1.0
6663.0,10105.0,1.0
6663.0,11958.0,1.0
6670.0,6671.0,1.0
6670.0,16484.0,1.0
6670.0,13305.0,1.0
6671.0,7248.0,1.0
6671.0,10034.0,1.0
6672.0,10272.0,1.0
6673.0,6674.0,1.0
6673.0,9433.0,1.0
6673.0,11776.0,1.0
6674.0,10541.0,1.0
6674.0,6751.0,1.0
6676.0,6677.0,1.0
6676.0,9814.0,1.0
6676.0,8038.0,1.0
6676.0,8587.0,1.0
6677.0,7944.0,1.0
6677.0,10968.0,1.0
6678.0,11906.0,1.0
6678.0,8058.0,1.0
6680.0,12883.0,1.0
6681.0,6682.0,1.0
6681.0,12166.0,1.0
6682.0,7179.0,1.0
6686.0,6687.0,1.0
6686.0,17727.0,1.0
6687.0,13121.0,1.0
6687.0,21174.0,1.0
6688.0,17495.0,1.0
6688.0,16724.0,1.0
6689.0,6690.0,1.0
6689.0,11369.0,1.0
6689.0,14158.0,1.0
6693.0,14230.0,1.0
6693.0,19463.0,1.0
6694.0,6828.0,1.0
6697.0,6698.0,1.0
6697.0,9508.0,1.0
6697.0,13019.0,1.0
6698.0,16752.0,1.0
6698.0,13019.0,1.0
6699.0,6700.0,1.0
6699.0,10225.0,1.0
6699.0,12919.0,1.0
6701.0,6702.0,1.0
6701.0,7373.0,1.0
6701.0,14202.0,1.0
6702.0,8811.0,1.0
6703.0,6704.0,1.0
6703.0,16422.0,1.0
6704.0,10795.0,1.0
6706.0,6707.0,1.0
6706.0,10004.0,1.0
6706.0,20743.0,1.0
6707.0,8686.0,1.0
6707.0,12571.0,1.0
6707.0,12627.0,1.0
6708.0,17081.0,1.0
6708.0,16850.0,1.0
6710.0,6711.0,1.0
6710.0,8900.0,1.0
6710.0,7998.0,1.0
6710.0,8614.0,1.0
6715.0,7290.0,1.0
6716.0,6717.0,1.0
6716.0,15562.0,1.0
6716.0,7966.0,1.0
6717.0,10744.0,1.0
6717.0,12772.0,1.0
6717.0,14780.0,1.0
6718.0,6719.0,1.0
6718.0,8911.0,1.0
6718.0,15368.0,1.0
6719.0,10547.0,1.0
6719.0,13040.0,1.0
6720.0,8976.0,1.0
6720.0,8410.0,1.0
6720.0,12996.0,1.0
6721.0,8077.0,1.0
6721.0,12892.0,1.0
6724.0,6725.0,1.0
6724.0,13468.0,1.0
6726.0,6727.0,1.0
6726.0,9537.0,1.0
6727.0,7339.0,1.0
6731.0,6732.0,1.0
6731.0,9221.0,1.0
6731.0,9064.0,1.0
6732.0,11020.0,1.0
6732.0,11312.0,1.0
6733.0,16665.0,1.0
6734.0,7786.0,1.0
6734.0,16016.0,1.0
6735.0,7208.0,1.0
6735.0,13128.0,1.0
6735.0,7874.0,1.0
6736.0,6991.0,1.0
6736.0,13316.0,1.0
6736.0,17605.0,1.0
6737.0,11927.0,1.0
6737.0,13241.0,1.0
6746.0,13068.0,1.0
6746.0,7254.0,1.0
6747.0,6748.0,1.0
6747.0,14363.0,1.0
6747.0,12729.0,1.0
6747.0,14818.0,1.0
6748.0,6781.0,1.0
6748.0,9629.0,1.0
6748.0,11446.0,1.0
6751.0,6752.0,1.0
6752.0,7588.0,1.0
6753.0,6754.0,1.0
6753.0,9027.0,1.0
6753.0,9295.0,1.0
6754.0,9699.0,1.0
6754.0,9296.0,1.0
6755.0,9934.0,1.0
6755.0,16585.0,1.0
6757.0,14918.0,1.0
6757.0,11935.0,1.0
6758.0,16077.0,1.0
6758.0,12583.0,1.0
6760.0,6761.0,1.0
6760.0,8239.0,1.0
6760.0,15158.0,1.0
6760.0,8179.0,1.0
6761.0,9456.0,1.0
6761.0,8180.0,1.0
6762.0,6763.0,1.0
6762.0,9123.0,1.0
6763.0,9158.0,1.0
6764.0,13811.0,1.0
6764.0,18569.0,1.0
6764.0,15781.0,1.0
6765.0,6766.0,1.0
6765.0,12269.0,1.0
6765.0,14815.0,1.0
6766.0,12891.0,1.0
6766.0,10144.0,1.0
6769.0,8086.0,1.0
6769.0,12367.0,1.0
6769.0,13970.0,1.0
6770.0,6878.0,1.0
6770.0,8756.0,1.0
6774.0,12994.0,1.0
6776.0,12592.0,1.0
6776.0,16356.0,1.0
6777.0,10913.0,1.0
6779.0,6780.0,1.0
6779.0,13197.0,1.0
6779.0,16125.0,1.0
6781.0,6782.0,1.0
6781.0,12729.0,1.0
6782.0,9629.0,1.0
6786.0,14510.0,1.0
6787.0,6788.0,1.0
6787.0,8056.0,1.0
6788.0,7891.0,1.0
6792.0,9145.0,1.0
6794.0,6795.0,1.0
6794.0,11270.0,1.0
6794.0,8955.0,1.0
6794.0,7092.0,1.0
6795.0,18007.0,1.0
6795.0,7605.0,1.0
6796.0,6797.0,1.0
6796.0,9550.0,1.0
6796.0,10161.0,1.0
6796.0,17066.0,1.0
6797.0,9977.0,1.0
6797.0,11621.0,1.0
6799.0,6868.0,1.0
6804.0,6805.0,1.0
6804.0,16468.0,1.0
6805.0,7012.0,1.0
6805.0,12732.0,1.0
6810.0,6811.0,1.0
6810.0,8501.0,1.0
6810.0,17635.0,1.0
6811.0,8496.0,1.0
6811.0,9016.0,1.0
6811.0,11347.0,1.0
6812.0,12910.0,1.0
6812.0,6920.0,1.0
6812.0,6919.0,1.0
6813.0,7830.0,1.0
6815.0,10247.0,1.0
6815.0,15019.0,1.0
6817.0,6818.0,1.0
6817.0,7846.0,1.0
6817.0,11866.0,1.0
6817.0,11505.0,1.0
6818.0,9376.0,1.0
6818.0,8726.0,1.0
6818.0,13761.0,1.0
6819.0,6820.0,1.0
6819.0,8527.0,1.0
6826.0,10438.0,1.0
6828.0,12419.0,1.0
6828.0,10913.0,1.0
6828.0,7662.0,1.0
6831.0,6832.0,1.0
6831.0,8240.0,1.0
6832.0,10021.0,1.0
6833.0,6834.0,1.0
6833.0,7391.0,1.0
6834.0,10698.0,1.0
6835.0,6836.0,1.0
6835.0,9143.0,1.0
6835.0,20725.0,1.0
6836.0,10373.0,1.0
6836.0,9309.0,1.0
6836.0,20656.0,1.0
6837.0,6838.0,1.0
6837.0,10684.0,1.0
6837.0,6977.0,1.0
6838.0,8180.0,1.0
6838.0,8902.0,1.0
6839.0,6840.0,1.0
6839.0,7213.0,1.0
6839.0,6952.0,1.0
6839.0,14697.0,1.0
6840.0,13615.0,1.0
6840.0,7898.0,1.0
6845.0,7621.0,1.0
6845.0,8949.0,1.0
6845.0,8490.0,1.0
6848.0,6849.0,1.0
6851.0,10664.0,1.0
6852.0,6853.0,1.0
6852.0,17387.0,1.0
6854.0,6855.0,1.0
6854.0,12014.0,1.0
6855.0,14073.0,1.0
6855.0,16117.0,1.0
6858.0,12581.0,1.0
6859.0,13528.0,1.0
6859.0,8949.0,1.0
6862.0,9085.0,1.0
6862.0,14535.0,1.0
6863.0,6864.0,1.0
6863.0,10228.0,1.0
6863.0,12310.0,1.0
6864.0,9399.0,1.0
6868.0,7250.0,1.0
6870.0,8656.0,1.0
6870.0,14947.0,1.0
6872.0,17665.0,1.0
6877.0,9069.0,1.0
6877.0,9068.0,1.0
6877.0,17845.0,1.0
6878.0,10582.0,1.0
6878.0,20802.0,1.0
6885.0,13347.0,1.0
6887.0,6888.0,1.0
6887.0,13458.0,1.0
6887.0,14539.0,1.0
6888.0,8410.0,1.0
6889.0,6890.0,1.0
6889.0,11710.0,1.0
6890.0,12972.0,1.0
6896.0,16534.0,1.0
6896.0,20627.0,1.0
6898.0,20044.0,1.0
6899.0,7756.0,1.0
6899.0,8816.0,1.0
6899.0,19401.0,1.0
6901.0,8498.0,1.0
6901.0,13324.0,1.0
6902.0,6903.0,1.0
6902.0,7302.0,1.0
6903.0,9122.0,1.0
6905.0,12266.0,1.0
6905.0,7545.0,1.0
6905.0,14203.0,1.0
6906.0,6907.0,1.0
6906.0,10175.0,1.0
6906.0,13331.0,1.0
6907.0,9738.0,1.0
6907.0,13421.0,1.0
6908.0,6909.0,1.0
6908.0,16073.0,1.0
6908.0,19935.0,1.0
6908.0,20771.0,1.0
6909.0,9729.0,1.0
6909.0,8280.0,1.0
6910.0,6911.0,1.0
6911.0,14454.0,1.0
6912.0,9629.0,1.0
6912.0,10200.0,1.0
6912.0,10288.0,1.0
6917.0,6918.0,1.0
6917.0,17227.0,1.0
6917.0,21187.0,1.0
6918.0,7623.0,1.0
6919.0,6920.0,1.0
6919.0,8484.0,1.0
6919.0,8790.0,1.0
6922.0,8682.0,1.0
6922.0,12762.0,1.0
6922.0,12247.0,1.0
6925.0,6926.0,1.0
6925.0,9714.0,1.0
6925.0,8102.0,1.0
6926.0,9715.0,1.0
6928.0,6929.0,1.0
6928.0,7935.0,1.0
6928.0,10835.0,1.0
6929.0,13285.0,1.0
6930.0,6931.0,1.0
6930.0,8459.0,1.0
6930.0,16972.0,1.0
6931.0,9385.0,1.0
6932.0,7386.0,1.0
6932.0,10347.0,1.0
6932.0,10599.0,1.0
6933.0,10122.0,1.0
6933.0,7835.0,1.0
6934.0,6935.0,1.0
6934.0,11935.0,1.0
6934.0,8463.0,1.0
6935.0,16720.0,1.0
6935.0,8463.0,1.0
6936.0,7493.0,1.0
6936.0,10728.0,1.0
6936.0,9592.0,1.0
6937.0,11966.0,1.0
6937.0,13791.0,1.0
6941.0,14412.0,1.0
6942.0,6943.0,1.0
6942.0,15828.0,1.0
6946.0,6947.0,1.0
6946.0,12902.0,1.0
6946.0,12957.0,1.0
6946.0,7182.0,1.0
6947.0,7224.0,1.0
6947.0,9028.0,1.0
6949.0,6950.0,1.0
6949.0,7865.0,1.0
6950.0,8273.0,1.0
6950.0,12701.0,1.0
6951.0,6952.0,1.0
6951.0,7213.0,1.0
6951.0,7316.0,1.0
6952.0,7898.0,1.0
6952.0,13500.0,1.0
6955.0,8021.0,1.0
6955.0,15352.0,1.0
6957.0,6958.0,1.0
6957.0,12664.0,1.0
6958.0,10279.0,1.0
6965.0,12223.0,1.0
6965.0,13921.0,1.0
6966.0,11268.0,1.0
6966.0,12315.0,1.0
6966.0,10238.0,1.0
6968.0,6969.0,1.0
6968.0,21187.0,1.0
6969.0,14104.0,1.0
6970.0,11114.0,1.0
6970.0,15276.0,1.0
6974.0,16562.0,1.0
6977.0,8902.0,1.0
6982.0,6983.0,1.0
6982.0,7788.0,1.0
6982.0,14462.0,1.0
6983.0,11251.0,1.0
6983.0,11691.0,1.0
6984.0,6985.0,1.0
6984.0,8406.0,1.0
6985.0,9846.0,1.0
6989.0,7252.0,1.0
6990.0,7828.0,1.0
6990.0,12731.0,1.0
6991.0,14304.0,1.0
6995.0,9284.0,1.0
6995.0,9499.0,1.0
6997.0,8674.0,1.0
6997.0,17686.0,1.0
6997.0,11405.0,1.0
6998.0,6999.0,1.0
6998.0,15744.0,1.0
6998.0,13556.0,1.0
6999.0,12322.0,1.0
6999.0,13556.0,1.0
7000.0,9263.0,1.0
7002.0,11086.0,1.0
7002.0,12323.0,1.0
7003.0,7216.0,1.0
7003.0,14244.0,1.0
7005.0,15602.0,1.0
7008.0,8048.0,1.0
7009.0,7010.0,1.0
7009.0,8245.0,1.0
7009.0,12118.0,1.0
7010.0,10269.0,1.0
7010.0,10055.0,1.0
7011.0,7357.0,1.0
7011.0,11023.0,1.0
7012.0,16751.0,1.0
7012.0,16468.0,1.0
7013.0,7014.0,1.0
7014.0,8685.0,1.0
7014.0,14076.0,1.0
7014.0,12775.0,1.0
7015.0,7016.0,1.0
7015.0,17123.0,1.0
7016.0,14380.0,1.0
7016.0,13058.0,1.0
7022.0,7023.0,1.0
7022.0,10047.0,1.0
7022.0,11606.0,1.0
7023.0,10089.0,1.0
7023.0,14026.0,1.0
7023.0,14507.0,1.0
7024.0,13560.0,1.0
7024.0,8676.0,1.0
7025.0,7026.0,1.0
7025.0,9189.0,1.0
7025.0,9940.0,1.0
7025.0,7264.0,1.0
7026.0,16608.0,1.0
7026.0,17052.0,1.0
7027.0,7328.0,1.0
7027.0,11773.0,1.0
7027.0,12340.0,1.0
7031.0,10657.0,1.0
7031.0,17644.0,1.0
7032.0,7033.0,1.0
7033.0,14648.0,1.0
7033.0,8565.0,1.0
7033.0,18541.0,1.0
7036.0,7037.0,1.0
7036.0,20259.0,1.0
7040.0,7714.0,1.0
7040.0,8919.0,1.0
7043.0,13133.0,1.0
7044.0,7045.0,1.0
7044.0,10143.0,1.0
7044.0,10592.0,1.0
7045.0,11000.0,1.0
7046.0,7047.0,1.0
7046.0,7140.0,1.0
7047.0,14731.0,1.0
7048.0,7049.0,1.0
7048.0,20925.0,1.0
7049.0,10453.0,1.0
7049.0,16513.0,1.0
7052.0,8478.0,1.0
7052.0,7932.0,1.0
7056.0,7057.0,1.0
7058.0,7059.0,1.0
7058.0,9989.0,1.0
7058.0,12479.0,1.0
7059.0,12501.0,1.0
7059.0,17860.0,1.0
7060.0,8012.0,1.0
7060.0,14168.0,1.0
7065.0,8499.0,1.0
7065.0,12838.0,1.0
7065.0,12286.0,1.0
7067.0,12909.0,1.0
7068.0,7069.0,1.0
7068.0,7727.0,1.0
7068.0,8664.0,1.0
7068.0,11273.0,1.0
7069.0,8665.0,1.0
7069.0,8507.0,1.0
7069.0,11274.0,1.0
7074.0,16798.0,1.0
7076.0,7077.0,1.0
7076.0,9010.0,1.0
7076.0,9317.0,1.0
7077.0,7610.0,1.0
7077.0,11830.0,1.0
7077.0,17020.0,1.0
7077.0,17196.0,1.0
7078.0,7079.0,1.0
7078.0,13196.0,1.0
7078.0,18451.0,1.0
7079.0,18447.0,1.0
7080.0,7081.0,1.0
7080.0,10504.0,1.0
7080.0,9671.0,1.0
7081.0,10273.0,1.0
7081.0,11911.0,1.0
7085.0,10655.0,1.0
7085.0,14262.0,1.0
7087.0,7088.0,1.0
7087.0,11122.0,1.0
7088.0,10556.0,1.0
7089.0,12432.0,1.0
7090.0,9926.0,1.0
7090.0,9976.0,1.0
7091.0,7092.0,1.0
7092.0,13644.0,1.0
7092.0,17443.0,1.0
7094.0,13452.0,1.0
7094.0,12217.0,1.0
7094.0,12611.0,1.0
7097.0,7098.0,1.0
7098.0,13690.0,1.0
7098.0,11546.0,1.0
7107.0,7108.0,1.0
7107.0,11543.0,1.0
7108.0,10483.0,1.0
7108.0,11544.0,1.0
7110.0,11185.0,1.0
7110.0,7691.0,1.0
7110.0,10646.0,1.0
7111.0,7112.0,1.0
7111.0,9869.0,1.0
7111.0,17987.0,1.0
7112.0,20456.0,1.0
7114.0,7115.0,1.0
7114.0,7257.0,1.0
7114.0,8726.0,1.0
7114.0,13781.0,1.0
7115.0,16008.0,1.0
7115.0,14736.0,1.0
7117.0,16781.0,1.0
7117.0,16202.0,1.0
7118.0,7366.0,1.0
7118.0,16766.0,1.0
7119.0,10707.0,1.0
7119.0,14352.0,1.0
7120.0,13886.0,1.0
7121.0,10036.0,1.0
7121.0,12146.0,1.0
7121.0,20380.0,1.0
7122.0,8052.0,1.0
7126.0,7127.0,1.0
7126.0,7709.0,1.0
7126.0,11991.0,1.0
7127.0,12934.0,1.0
7135.0,13614.0,1.0
7140.0,8340.0,1.0
7140.0,7866.0,1.0
7143.0,7144.0,1.0
7144.0,16875.0,1.0
7144.0,12266.0,1.0
7145.0,7146.0,1.0
7145.0,9616.0,1.0
7145.0,12532.0,1.0
7146.0,12738.0,1.0
7151.0,7152.0,1.0
7151.0,10173.0,1.0
7152.0,10895.0,1.0
7155.0,10669.0,1.0
7155.0,13171.0,1.0
7156.0,7157.0,1.0
7156.0,8906.0,1.0
7157.0,10335.0,1.0
7157.0,10015.0,1.0
7159.0,7160.0,1.0
7160.0,11730.0,1.0
7160.0,17633.0,1.0
7162.0,7715.0,1.0
7162.0,12495.0,1.0
7163.0,13095.0,1.0
7163.0,7593.0,1.0
7164.0,7165.0,1.0
7164.0,10247.0,1.0
7165.0,18233.0,1.0
7171.0,12981.0,1.0
7171.0,9804.0,1.0
7171.0,8345.0,1.0
7175.0,7176.0,1.0
7175.0,18141.0,1.0
7175.0,20110.0,1.0
7176.0,7602.0,1.0
7178.0,16516.0,1.0
7179.0,11090.0,1.0
7179.0,14390.0,1.0
7180.0,7181.0,1.0
7180.0,12346.0,1.0
7181.0,8644.0,1.0
7182.0,9658.0,1.0
7186.0,7187.0,1.0
7186.0,8293.0,1.0
7186.0,10081.0,1.0
7187.0,12345.0,1.0
7187.0,14907.0,1.0
7190.0,8104.0,1.0
7190.0,8552.0,1.0
7192.0,7193.0,1.0
7192.0,10554.0,1.0
7192.0,8876.0,1.0
7192.0,14460.0,1.0
7193.0,12084.0,1.0
7195.0,8602.0,1.0
7195.0,9034.0,1.0
7198.0,7199.0,1.0
7198.0,10428.0,1.0
7198.0,13204.0,1.0
7199.0,16690.0,1.0
7199.0,13204.0,1.0
7202.0,12637.0,1.0
7202.0,11665.0,1.0
7205.0,7945.0,1.0
7205.0,12182.0,1.0
7207.0,7833.0,1.0
7208.0,7835.0,1.0
7208.0,7589.0,1.0
7209.0,9390.0,1.0
7209.0,13618.0,1.0
7210.0,13620.0,1.0
7210.0,17619.0,1.0
7210.0,8804.0,1.0
7211.0,8576.0,1.0
7211.0,12763.0,1.0
7212.0,16441.0,1.0
7212.0,13114.0,1.0
7213.0,9033.0,1.0
7214.0,7215.0,1.0
7214.0,14895.0,1.0
7215.0,8778.0,1.0
7215.0,11941.0,1.0
7217.0,10162.0,1.0
7222.0,7692.0,1.0
7222.0,13523.0,1.0
7223.0,12604.0,1.0
7223.0,11306.0,1.0
7224.0,10181.0,1.0
7224.0,12957.0,1.0
7225.0,17499.0,1.0
7225.0,9848.0,1.0
7226.0,7665.0,1.0
7226.0,11754.0,1.0
7229.0,8081.0,1.0
7229.0,7504.0,1.0
7233.0,7234.0,1.0
7233.0,11739.0,1.0
7234.0,7438.0,1.0
7234.0,11740.0,1.0
7235.0,14149.0,1.0
7237.0,10025.0,1.0
7237.0,9186.0,1.0
7238.0,7239.0,1.0
7238.0,11611.0,1.0
7238.0,18975.0,1.0
7239.0,8184.0,1.0
7239.0,10271.0,1.0
7239.0,11612.0,1.0
7240.0,16710.0,1.0
7241.0,7242.0,1.0
7241.0,8507.0,1.0
7241.0,9774.0,1.0
7241.0,8665.0,1.0
7242.0,9591.0,1.0
7242.0,13726.0,1.0
7244.0,8262.0,1.0
7246.0,7247.0,1.0
7246.0,14284.0,1.0
7247.0,7851.0,1.0
7247.0,14565.0,1.0
7249.0,7250.0,1.0
7249.0,11716.0,1.0
7249.0,7854.0,1.0
7253.0,7254.0,1.0
7253.0,10194.0,1.0
7254.0,10988.0,1.0
7254.0,13175.0,1.0
7255.0,9585.0,1.0
7256.0,12612.0,1.0
7256.0,16667.0,1.0
7257.0,10118.0,1.0
7257.0,14736.0,1.0
7259.0,11495.0,1.0
7259.0,7610.0,1.0
7260.0,9307.0,1.0
7261.0,12935.0,1.0
7261.0,20128.0,1.0
7263.0,7264.0,1.0
7264.0,15323.0,1.0
7265.0,8127.0,1.0
7265.0,12634.0,1.0
7265.0,17138.0,1.0
7266.0,7267.0,1.0
7266.0,10643.0,1.0
7266.0,9166.0,1.0
7267.0,10692.0,1.0
7271.0,11236.0,1.0
7272.0,7273.0,1.0
7272.0,13129.0,1.0
7273.0,10175.0,1.0
7273.0,14735.0,1.0
7273.0,19429.0,1.0
7274.0,7760.0,1.0
7274.0,9700.0,1.0
7275.0,7276.0,1.0
7275.0,12116.0,1.0
7276.0,13881.0,1.0
7276.0,20836.0,1.0
7281.0,7282.0,1.0
7281.0,16483.0,1.0
7281.0,16644.0,1.0
7281.0,20355.0,1.0
7282.0,9719.0,1.0
7283.0,12579.0,1.0
7283.0,12433.0,1.0
7287.0,7288.0,1.0
7287.0,13195.0,1.0
7288.0,8471.0,1.0
7289.0,11540.0,1.0
7289.0,13053.0,1.0
7290.0,7291.0,1.0
7290.0,10420.0,1.0
7292.0,7293.0,1.0
7293.0,13486.0,1.0
7293.0,8495.0,1.0
7298.0,7299.0,1.0
7298.0,13895.0,1.0
7298.0,13999.0,1.0
7299.0,9259.0,1.0
7299.0,18289.0,1.0
7302.0,9122.0,1.0
7302.0,10025.0,1.0
7303.0,7304.0,1.0
7303.0,14134.0,1.0
7303.0,11507.0,1.0
7304.0,10111.0,1.0
7305.0,7306.0,1.0
7305.0,7735.0,1.0
7306.0,7735.0,1.0
7306.0,12569.0,1.0
7307.0,7308.0,1.0
7307.0,11598.0,1.0
7308.0,14255.0,1.0
7312.0,7313.0,1.0
7312.0,7627.0,1.0
7313.0,17921.0,1.0
7316.0,13500.0,1.0
7316.0,12905.0,1.0
7317.0,9498.0,1.0
7318.0,7319.0,1.0
7318.0,9687.0,1.0
7318.0,16492.0,1.0
7318.0,16567.0,1.0
7319.0,11555.0,1.0
7319.0,10945.0,1.0
7319.0,16850.0,1.0
7320.0,7321.0,1.0
7320.0,9272.0,1.0
7320.0,10495.0,1.0
7320.0,10555.0,1.0
7321.0,18245.0,1.0
7321.0,10496.0,1.0
7322.0,9428.0,1.0
7324.0,16500.0,1.0
7325.0,10520.0,1.0
7326.0,11340.0,1.0
7327.0,7328.0,1.0
7327.0,11721.0,1.0
7327.0,17001.0,1.0
7327.0,14596.0,1.0
7328.0,10571.0,1.0
7328.0,9722.0,1.0
7329.0,10655.0,1.0
7329.0,12174.0,1.0
7330.0,7331.0,1.0
7331.0,10404.0,1.0
7332.0,7333.0,1.0
7332.0,13195.0,1.0
7332.0,8395.0,1.0
7333.0,8644.0,1.0
7333.0,14009.0,1.0
7335.0,8988.0,1.0
7335.0,8111.0,1.0
7338.0,7339.0,1.0
7338.0,11052.0,1.0
7339.0,9537.0,1.0
7339.0,17419.0,1.0
7342.0,13414.0,1.0
7344.0,14612.0,1.0
7344.0,7728.0,1.0
7345.0,10191.0,1.0
7345.0,10698.0,1.0
7346.0,7347.0,1.0
7346.0,9092.0,1.0
7347.0,7745.0,1.0
7347.0,11756.0,1.0
7348.0,16665.0,1.0
7353.0,7354.0,1.0
7353.0,7762.0,1.0
7353.0,15563.0,1.0
7354.0,11729.0,1.0
7354.0,17468.0,1.0
7354.0,17523.0,1.0
7354.0,9490.0,1.0
7355.0,9665.0,1.0
7355.0,11409.0,1.0
7355.0,7847.0,1.0
7356.0,16419.0,1.0
7356.0,13347.0,1.0
7357.0,7358.0,1.0
7357.0,12095.0,1.0
7357.0,7895.0,1.0
7358.0,9610.0,1.0
7359.0,7360.0,1.0
7359.0,10206.0,1.0
7359.0,14039.0,1.0
7362.0,7363.0,1.0
7362.0,14623.0,1.0
7364.0,13110.0,1.0
7366.0,11991.0,1.0
7367.0,7368.0,1.0
7367.0,9350.0,1.0
7367.0,8228.0,1.0
7367.0,11264.0,1.0
7368.0,9510.0,1.0
7368.0,10959.0,1.0
7371.0,11463.0,1.0
7371.0,12699.0,1.0
7372.0,7373.0,1.0
7372.0,10525.0,1.0
7373.0,12865.0,1.0
7377.0,10173.0,1.0
7377.0,8516.0,1.0
7379.0,7380.0,1.0
7379.0,11227.0,1.0
7379.0,11448.0,1.0
7380.0,9631.0,1.0
7383.0,15321.0,1.0
7384.0,7385.0,1.0
7384.0,8576.0,1.0
7385.0,8595.0,1.0
7385.0,16067.0,1.0
7386.0,10901.0,1.0
7386.0,14031.0,1.0
7388.0,7939.0,1.0
7388.0,13567.0,1.0
7391.0,16796.0,1.0
7393.0,7394.0,1.0
7393.0,9276.0,1.0
7393.0,9526.0,1.0
7394.0,8698.0,1.0
7395.0,9266.0,1.0
7395.0,11446.0,1.0
7397.0,8681.0,1.0
7397.0,11643.0,1.0
7404.0,7405.0,1.0
7404.0,12621.0,1.0
7405.0,11760.0,1.0
7406.0,8764.0,1.0
7406.0,14671.0,1.0
7407.0,7408.0,1.0
7408.0,16732.0,1.0
7408.0,17926.0,1.0
7408.0,17047.0,1.0
7409.0,10022.0,1.0
7409.0,11470.0,1.0
7410.0,7411.0,1.0
7410.0,13659.0,1.0
7415.0,12150.0,1.0
7421.0,11746.0,1.0
7424.0,10392.0,1.0
7425.0,7426.0,1.0
7428.0,17292.0,1.0
7429.0,8364.0,1.0
7429.0,8102.0,1.0
7430.0,7431.0,1.0
7432.0,16665.0,1.0
7432.0,9304.0,1.0
7435.0,11316.0,1.0
7436.0,7437.0,1.0
7436.0,11404.0,1.0
7436.0,16029.0,1.0
7437.0,11756.0,1.0
7438.0,7439.0,1.0
7441.0,13890.0,1.0
7441.0,12820.0,1.0
7444.0,19363.0,1.0
7444.0,8761.0,1.0
7449.0,7450.0,1.0
7452.0,8070.0,1.0
7452.0,16609.0,1.0
7457.0,7458.0,1.0
7457.0,8818.0,1.0
7457.0,11831.0,1.0
7457.0,7784.0,1.0
7458.0,10408.0,1.0
7458.0,14237.0,1.0
7459.0,13221.0,1.0
7460.0,11110.0,1.0
7460.0,10136.0,1.0
7465.0,7466.0,1.0
7466.0,18359.0,1.0
7466.0,11473.0,1.0
7468.0,7469.0,1.0
7468.0,12688.0,1.0
7473.0,7474.0,1.0
7473.0,9216.0,1.0
7474.0,8191.0,1.0
7474.0,11766.0,1.0
7474.0,12903.0,1.0
7476.0,7477.0,1.0
7477.0,11868.0,1.0
7477.0,21189.0,1.0
7478.0,8472.0,1.0
7478.0,9682.0,1.0
7479.0,10142.0,1.0
7480.0,10412.0,1.0
7480.0,13455.0,1.0
7480.0,10337.0,1.0
7481.0,9037.0,1.0
7482.0,7483.0,1.0
7482.0,8770.0,1.0
7483.0,11081.0,1.0
7483.0,11536.0,1.0
7487.0,14499.0,1.0
7487.0,12148.0,1.0
7488.0,7564.0,1.0
7488.0,10835.0,1.0
7489.0,7490.0,1.0
7489.0,8539.0,1.0
7489.0,11299.0,1.0
7490.0,12910.0,1.0
7491.0,7492.0,1.0
7491.0,13703.0,1.0
7492.0,15092.0,1.0
7492.0,17941.0,1.0
7493.0,7494.0,1.0
7493.0,11145.0,1.0
7493.0,8526.0,1.0
7495.0,13219.0,1.0
7495.0,14235.0,1.0
7498.0,9873.0,1.0
7499.0,7500.0,1.0
7499.0,14809.0,1.0
7500.0,9853.0,1.0
7501.0,7502.0,1.0
7501.0,14896.0,1.0
7501.0,8166.0,1.0
7502.0,7668.0,1.0
7504.0,10980.0,1.0
7509.0,14273.0,1.0
7509.0,7834.0,1.0
7513.0,7514.0,1.0
7513.0,11797.0,1.0
7516.0,13668.0,1.0
7516.0,13167.0,1.0
7516.0,16611.0,1.0
7519.0,11851.0,1.0
7519.0,17921.0,1.0
7522.0,7523.0,1.0
7522.0,11874.0,1.0
7522.0,12825.0,1.0
7523.0,8062.0,1.0
7527.0,7528.0,1.0
7527.0,8226.0,1.0
7527.0,8452.0,1.0
7528.0,17043.0,1.0
7529.0,9516.0,1.0
7529.0,13976.0,1.0
7530.0,13133.0,1.0
7531.0,12727.0,1.0
7531.0,13097.0,1.0
7532.0,7533.0,1.0
7532.0,12229.0,1.0
7532.0,15967.0,1.0
7534.0,7535.0,1.0
7534.0,9246.0,1.0
7534.0,9518.0,1.0
7534.0,16982.0,1.0
7535.0,14311.0,1.0
7535.0,16982.0,1.0
7537.0,7538.0,1.0
7538.0,15718.0,1.0
7543.0,20356.0,1.0
7543.0,7791.0,1.0
7544.0,7545.0,1.0
7544.0,13324.0,1.0
7545.0,9207.0,1.0
7546.0,7547.0,1.0
7546.0,12434.0,1.0
7547.0,11293.0,1.0
7547.0,9111.0,1.0
7549.0,7550.0,1.0
7549.0,9770.0,1.0
7549.0,13202.0,1.0
7550.0,11983.0,1.0
7554.0,7555.0,1.0
7555.0,13832.0,1.0
7556.0,15072.0,1.0
7556.0,17207.0,1.0
7557.0,7558.0,1.0
7557.0,10537.0,1.0
7558.0,12937.0,1.0
7558.0,10537.0,1.0
7560.0,7561.0,1.0
7561.0,9070.0,1.0
7564.0,10834.0,1.0
7565.0,7566.0,1.0
7565.0,9214.0,1.0
7566.0,9236.0,1.0
7566.0,10330.0,1.0
7567.0,9410.0,1.0
7567.0,9409.0,1.0
7569.0,7570.0,1.0
7569.0,7802.0,1.0
7569.0,13130.0,1.0
7569.0,12030.0,1.0
7570.0,9060.0,1.0
7570.0,7959.0,1.0
7570.0,10101.0,1.0
7580.0,15557.0,1.0
7580.0,15721.0,1.0
7583.0,7972.0,1.0
7583.0,7663.0,1.0
7585.0,8696.0,1.0
7585.0,9142.0,1.0
7585.0,10466.0,1.0
7588.0,12268.0,1.0
7588.0,8856.0,1.0
7589.0,7590.0,1.0
7589.0,13255.0,1.0
7589.0,7874.0,1.0
7590.0,16472.0,1.0
7590.0,16773.0,1.0
7595.0,7596.0,1.0
7595.0,15271.0,1.0
7596.0,7821.0,1.0
7596.0,15252.0,1.0
7599.0,7600.0,1.0
7599.0,11583.0,1.0
7600.0,13311.0,1.0
7601.0,12270.0,1.0
7601.0,15551.0,1.0
7602.0,19733.0,1.0
7602.0,19734.0,1.0
7602.0,20581.0,1.0
7603.0,14006.0,1.0
7605.0,7606.0,1.0
7605.0,19436.0,1.0
7609.0,12193.0,1.0
7609.0,8260.0,1.0
7610.0,7611.0,1.0
7611.0,11495.0,1.0
7611.0,17199.0,1.0
7612.0,13484.0,1.0
7613.0,12121.0,1.0
7613.0,13953.0,1.0
7614.0,11498.0,1.0
7617.0,8299.0,1.0
7617.0,12004.0,1.0
7617.0,8886.0,1.0
7620.0,10095.0,1.0
7620.0,16857.0,1.0
7623.0,14826.0,1.0
7623.0,17230.0,1.0
7625.0,7626.0,1.0
7625.0,9619.0,1.0
7625.0,13297.0,1.0
7626.0,17354.0,1.0
7626.0,17404.0,1.0
7630.0,13828.0,1.0
7633.0,7634.0,1.0
7633.0,8193.0,1.0
7633.0,8575.0,1.0
7633.0,10713.0,1.0
7634.0,10889.0,1.0
7634.0,11974.0,1.0
7634.0,11504.0,1.0
7635.0,9389.0,1.0
7635.0,10332.0,1.0
7636.0,7637.0,1.0
7636.0,11224.0,1.0
7636.0,16515.0,1.0
7636.0,16445.0,1.0
7637.0,11452.0,1.0
7637.0,14258.0,1.0
7637.0,9603.0,1.0
7638.0,11257.0,1.0
7642.0,7643.0,1.0
7642.0,14876.0,1.0
7642.0,12816.0,1.0
7645.0,11710.0,1.0
7645.0,13253.0,1.0
7646.0,17058.0,1.0
7648.0,7649.0,1.0
7648.0,9139.0,1.0
7648.0,10348.0,1.0
7649.0,13888.0,1.0
7660.0,7661.0,1.0
7660.0,13504.0,1.0
7660.0,8744.0,1.0
7660.0,16445.0,1.0
7661.0,8745.0,1.0
7661.0,14258.0,1.0
7661.0,19314.0,1.0
7662.0,16769.0,1.0
7663.0,11262.0,1.0
7665.0,16830.0,1.0
7665.0,15993.0,1.0
7665.0,10812.0,1.0
7668.0,12700.0,1.0
7670.0,8401.0,1.0
7670.0,14839.0,1.0
7670.0,12504.0,1.0
7671.0,8688.0,1.0
7674.0,8608.0,1.0
7676.0,14614.0,1.0
7676.0,14062.0,1.0
7677.0,7678.0,1.0
7677.0,13930.0,1.0
7677.0,14326.0,1.0
7678.0,18011.0,1.0
7679.0,9296.0,1.0
7684.0,7685.0,1.0
7684.0,13351.0,1.0
7684.0,16427.0,1.0
7684.0,14208.0,1.0
7685.0,8855.0,1.0
7685.0,14209.0,1.0
7686.0,19986.0,1.0
7687.0,9209.0,1.0
7687.0,9208.0,1.0
7688.0,7689.0,1.0
7688.0,8033.0,1.0
7688.0,10182.0,1.0
7688.0,9870.0,1.0
7689.0,11572.0,1.0
7689.0,12543.0,1.0
7690.0,7691.0,1.0
7690.0,11185.0,1.0
7690.0,10711.0,1.0
7691.0,9287.0,1.0
7691.0,10645.0,1.0
7692.0,13526.0,1.0
7692.0,10117.0,1.0
7694.0,9145.0,1.0
7694.0,10656.0,1.0
7695.0,7696.0,1.0
7696.0,11428.0,1.0
7701.0,10664.0,1.0
7702.0,9996.0,1.0
7703.0,7704.0,1.0
7703.0,10567.0,1.0
7704.0,10503.0,1.0
7707.0,9265.0,1.0
7707.0,11694.0,1.0
7709.0,14004.0,1.0
7714.0,8620.0,1.0
7715.0,11625.0,1.0
7715.0,14105.0,1.0
7725.0,7726.0,1.0
7726.0,16083.0,1.0
7726.0,16113.0,1.0
7727.0,8081.0,1.0
7727.0,16715.0,1.0
7728.0,7729.0,1.0
7729.0,8349.0,1.0
7729.0,13140.0,1.0
7730.0,10357.0,1.0
7732.0,7733.0,1.0
7733.0,13853.0,1.0
7733.0,8232.0,1.0
7734.0,12729.0,1.0
7734.0,21011.0,1.0
7740.0,9633.0,1.0
7740.0,15280.0,1.0
7745.0,12088.0,1.0
7746.0,7747.0,1.0
7746.0,7889.0,1.0
7746.0,10909.0,1.0
7747.0,17881.0,1.0
7752.0,11258.0,1.0
7752.0,14148.0,1.0
7755.0,9609.0,1.0
7755.0,13489.0,1.0
7756.0,19401.0,1.0
7760.0,15184.0,1.0
7761.0,10047.0,1.0
7761.0,9744.0,1.0
7762.0,17532.0,1.0
7762.0,17529.0,1.0
7763.0,13530.0,1.0
7763.0,18238.0,1.0
7765.0,13309.0,1.0
7765.0,16412.0,1.0
7765.0,13437.0,1.0
7766.0,7767.0,1.0
7766.0,8113.0,1.0
7766.0,16465.0,1.0
7767.0,10422.0,1.0
7767.0,10192.0,1.0
7768.0,9100.0,1.0
7768.0,10363.0,1.0
7772.0,8872.0,1.0
7773.0,8244.0,1.0
7773.0,12730.0,1.0
7775.0,7776.0,1.0
7775.0,8508.0,1.0
7775.0,8068.0,1.0
7775.0,9376.0,1.0
7776.0,8069.0,1.0
7776.0,13781.0,1.0
7779.0,7780.0,1.0
7780.0,10323.0,1.0
7780.0,13598.0,1.0
7781.0,7782.0,1.0
7781.0,10643.0,1.0
7782.0,8676.0,1.0
7783.0,7784.0,1.0
7784.0,16712.0,1.0
7784.0,11796.0,1.0
7786.0,12998.0,1.0
7788.0,8030.0,1.0
7788.0,12822.0,1.0
7791.0,8144.0,1.0
7792.0,10370.0,1.0
7792.0,17595.0,1.0
7794.0,9360.0,1.0
7794.0,10501.0,1.0
7794.0,13799.0,1.0
7795.0,7796.0,1.0
7795.0,9046.0,1.0
7795.0,8970.0,1.0
7796.0,8303.0,1.0
7796.0,14231.0,1.0
7798.0,12274.0,1.0
7799.0,7800.0,1.0
7799.0,9222.0,1.0
7799.0,11200.0,1.0
7800.0,14730.0,1.0
7801.0,7802.0,1.0
7801.0,10400.0,1.0
7801.0,12030.0,1.0
7801.0,12334.0,1.0
7802.0,7959.0,1.0
7802.0,10480.0,1.0
7803.0,8373.0,1.0
7803.0,9501.0,1.0
7807.0,9585.0,1.0
7807.0,12563.0,1.0
7808.0,11116.0,1.0
7808.0,14450.0,1.0
7811.0,7812.0,1.0
7811.0,19567.0,1.0
7812.0,18083.0,1.0
7813.0,15964.0,1.0
7813.0,16804.0,1.0
7813.0,20351.0,1.0
7814.0,7815.0,1.0
7814.0,16483.0,1.0
7814.0,20351.0,1.0
7815.0,9719.0,1.0
7815.0,14753.0,1.0
7816.0,7857.0,1.0
7816.0,13263.0,1.0
7821.0,7822.0,1.0
7821.0,16603.0,1.0
7821.0,12952.0,1.0
7822.0,10893.0,1.0
7822.0,15261.0,1.0
7822.0,16164.0,1.0
7823.0,7824.0,1.0
7823.0,13484.0,1.0
7824.0,13800.0,1.0
7825.0,7826.0,1.0
7825.0,16648.0,1.0
7825.0,13054.0,1.0
7825.0,11286.0,1.0
7825.0,16518.0,1.0
7826.0,11506.0,1.0
7826.0,14460.0,1.0
7826.0,18284.0,1.0
7827.0,7828.0,1.0
7827.0,12055.0,1.0
7828.0,9868.0,1.0
7830.0,8657.0,1.0
7830.0,14161.0,1.0
7831.0,14806.0,1.0
7832.0,7833.0,1.0
7832.0,11438.0,1.0
7833.0,15007.0,1.0
7834.0,11117.0,1.0
7835.0,13255.0,1.0
7836.0,7837.0,1.0
7837.0,19438.0,1.0
7837.0,19442.0,1.0
7840.0,11837.0,1.0
7841.0,7842.0,1.0
7841.0,10062.0,1.0
7841.0,14289.0,1.0
7842.0,14373.0,1.0
7842.0,10567.0,1.0
7843.0,7844.0,1.0
7843.0,13451.0,1.0
7843.0,16653.0,1.0
7843.0,13114.0,1.0
7844.0,13668.0,1.0
7845.0,8873.0,1.0
7845.0,16403.0,1.0
7846.0,7847.0,1.0
7846.0,8092.0,1.0
7847.0,11505.0,1.0
7848.0,7849.0,1.0
7848.0,11201.0,1.0
7849.0,14089.0,1.0
7849.0,16532.0,1.0
7852.0,7853.0,1.0
7852.0,10542.0,1.0
7853.0,20931.0,1.0
7853.0,16155.0,1.0
7855.0,8207.0,1.0
7858.0,8074.0,1.0
7858.0,8870.0,1.0
7858.0,14559.0,1.0
7860.0,9364.0,1.0
7863.0,9064.0,1.0
7864.0,8728.0,1.0
7864.0,10576.0,1.0
7866.0,14731.0,1.0
7866.0,11061.0,1.0
7868.0,7869.0,1.0
7868.0,13658.0,1.0
7868.0,16652.0,1.0
7869.0,8173.0,1.0
7874.0,16472.0,1.0
7876.0,9071.0,1.0
7877.0,7878.0,1.0
7877.0,10590.0,1.0
7877.0,9108.0,1.0
7877.0,12507.0,1.0
7877.0,12545.0,1.0
7877.0,10395.0,1.0
7878.0,9109.0,1.0
7878.0,12546.0,1.0
7878.0,20687.0,1.0
7881.0,14831.0,1.0
7882.0,14095.0,1.0
7882.0,8834.0,1.0
7884.0,7885.0,1.0
7884.0,12100.0,1.0
7884.0,8471.0,1.0
7884.0,14009.0,1.0
7885.0,9682.0,1.0
7885.0,12101.0,1.0
7885.0,8472.0,1.0
7886.0,7887.0,1.0
7886.0,15918.0,1.0
7886.0,13546.0,1.0
7888.0,10131.0,1.0
7888.0,9288.0,1.0
7888.0,11680.0,1.0
7889.0,15130.0,1.0
7889.0,17881.0,1.0
7890.0,7891.0,1.0
7897.0,8029.0,1.0
7897.0,10747.0,1.0
7898.0,12459.0,1.0
7899.0,8461.0,1.0
7900.0,11136.0,1.0
7900.0,13398.0,1.0
7904.0,9027.0,1.0
7906.0,7907.0,1.0
7906.0,9460.0,1.0
7906.0,16921.0,1.0
7906.0,16660.0,1.0
7908.0,10988.0,1.0
7910.0,11251.0,1.0
7911.0,7923.0,1.0
7914.0,12329.0,1.0
7914.0,14286.0,1.0
7916.0,7917.0,1.0
7916.0,20452.0,1.0
7916.0,19238.0,1.0
7916.0,13258.0,1.0
7920.0,8682.0,1.0
7920.0,10664.0,1.0
7922.0,13262.0,1.0
7922.0,11055.0,1.0
7923.0,13115.0,1.0
7924.0,7925.0,1.0
7924.0,9768.0,1.0
7924.0,14524.0,1.0
7925.0,13567.0,1.0
7925.0,10124.0,1.0
7925.0,18266.0,1.0
7930.0,11853.0,1.0
7930.0,12651.0,1.0
7930.0,13565.0,1.0
7931.0,12272.0,1.0
7931.0,18975.0,1.0
7931.0,16694.0,1.0
7932.0,12754.0,1.0
7935.0,10845.0,1.0
7936.0,13404.0,1.0
7937.0,10079.0,1.0
7937.0,13371.0,1.0
7938.0,7939.0,1.0
7938.0,8036.0,1.0
7939.0,10123.0,1.0
7941.0,7942.0,1.0
7941.0,9366.0,1.0
7942.0,11257.0,1.0
7942.0,11934.0,1.0
7942.0,14369.0,1.0
7942.0,12382.0,1.0
7944.0,8365.0,1.0
7946.0,7947.0,1.0
7948.0,10450.0,1.0
7954.0,11670.0,1.0
7954.0,19550.0,1.0
7956.0,12874.0,1.0
7962.0,7963.0,1.0
7962.0,11850.0,1.0
7966.0,14780.0,1.0
7966.0,8204.0,1.0
7968.0,8969.0,1.0
7968.0,8291.0,1.0
7972.0,9882.0,1.0
7973.0,7974.0,1.0
7973.0,17879.0,1.0
7980.0,9483.0,1.0
7980.0,8154.0,1.0
7980.0,12603.0,1.0
7985.0,7986.0,1.0
7986.0,15455.0,1.0
7998.0,11161.0,1.0
7998.0,12058.0,1.0
8004.0,8005.0,1.0
8005.0,9776.0,1.0
8005.0,17141.0,1.0
8008.0,8009.0,1.0
8008.0,9178.0,1.0
8008.0,9289.0,1.0
8008.0,8011.0,1.0
8009.0,12977.0,1.0
8009.0,14845.0,1.0
8009.0,20610.0,1.0
8011.0,16813.0,1.0
8011.0,14350.0,1.0
8012.0,8013.0,1.0
8012.0,11419.0,1.0
8012.0,8293.0,1.0
8013.0,10080.0,1.0
8013.0,13917.0,1.0
8016.0,8017.0,1.0
8016.0,13757.0,1.0
8020.0,8021.0,1.0
8020.0,11133.0,1.0
8021.0,15352.0,1.0
8025.0,14851.0,1.0
8028.0,10109.0,1.0
8028.0,17447.0,1.0
8029.0,10957.0,1.0
8029.0,11470.0,1.0
8031.0,16912.0,1.0
8033.0,11572.0,1.0
8034.0,16635.0,1.0
8034.0,15515.0,1.0
8036.0,9612.0,1.0
8037.0,13701.0,1.0
8038.0,9125.0,1.0
8038.0,10968.0,1.0
8042.0,8043.0,1.0
8042.0,17041.0,1.0
8042.0,15158.0,1.0
8043.0,9422.0,1.0
8043.0,9456.0,1.0
8047.0,17845.0,1.0
8048.0,8049.0,1.0
8048.0,8835.0,1.0
8049.0,14186.0,1.0
8049.0,17563.0,1.0
8050.0,8051.0,1.0
8050.0,8979.0,1.0
8050.0,19420.0,1.0
8051.0,16786.0,1.0
8052.0,9285.0,1.0
8052.0,20991.0,1.0
8054.0,13115.0,1.0
8054.0,13428.0,1.0
8055.0,8056.0,1.0
8055.0,11136.0,1.0
8055.0,16684.0,1.0
8055.0,8436.0,1.0
8056.0,8993.0,1.0
8057.0,8058.0,1.0
8057.0,8355.0,1.0
8057.0,14848.0,1.0
8058.0,8356.0,1.0
8058.0,16367.0,1.0
8062.0,12825.0,1.0
8066.0,8067.0,1.0
8066.0,9388.0,1.0
8066.0,8705.0,1.0
8066.0,14806.0,1.0
8067.0,8706.0,1.0
8068.0,8069.0,1.0
8068.0,8700.0,1.0
8070.0,8071.0,1.0
8070.0,9387.0,1.0
8071.0,11956.0,1.0
8071.0,16501.0,1.0
8071.0,16780.0,1.0
8072.0,19130.0,1.0
8074.0,16014.0,1.0
8074.0,14155.0,1.0
8077.0,8078.0,1.0
8077.0,9194.0,1.0
8077.0,11314.0,1.0
8078.0,13266.0,1.0
8078.0,11314.0,1.0
8078.0,12422.0,1.0
8079.0,8080.0,1.0
8079.0,11629.0,1.0
8079.0,10307.0,1.0
8081.0,10980.0,1.0
8081.0,8664.0,1.0
8086.0,10793.0,1.0
8086.0,16015.0,1.0
8087.0,11351.0,1.0
8087.0,12800.0,1.0
8089.0,8090.0,1.0
8089.0,8383.0,1.0
8089.0,10109.0,1.0
8090.0,11357.0,1.0
8090.0,16545.0,1.0
8090.0,8296.0,1.0
8092.0,10755.0,1.0
8096.0,8097.0,1.0
8096.0,9925.0,1.0
8097.0,9893.0,1.0
8097.0,14506.0,1.0
8100.0,8101.0,1.0
8100.0,17709.0,1.0
8102.0,10371.0,1.0
8103.0,17992.0,1.0
8104.0,17118.0,1.0
8104.0,10791.0,1.0
8104.0,12728.0,1.0
8106.0,8107.0,1.0
8106.0,13107.0,1.0
8106.0,13335.0,1.0
8106.0,9106.0,1.0
8107.0,9107.0,1.0
8107.0,14165.0,1.0
8108.0,8109.0,1.0
8108.0,12969.0,1.0
8110.0,11853.0,1.0
8111.0,10538.0,1.0
8113.0,10422.0,1.0
8113.0,9595.0,1.0
8115.0,8116.0,1.0
8115.0,10802.0,1.0
8116.0,8659.0,1.0
8124.0,12193.0,1.0
8124.0,9411.0,1.0
8125.0,8774.0,1.0
8125.0,13190.0,1.0
8129.0,8130.0,1.0
8130.0,14354.0,1.0
8130.0,15463.0,1.0
8135.0,10766.0,1.0
8136.0,8137.0,1.0
8136.0,9236.0,1.0
8136.0,20812.0,1.0
8137.0,13396.0,1.0
8139.0,9820.0,1.0
8139.0,9986.0,1.0
8140.0,12228.0,1.0
8140.0,8236.0,1.0
8140.0,11612.0,1.0
8143.0,16080.0,1.0
8144.0,9713.0,1.0
8144.0,13034.0,1.0
8147.0,8148.0,1.0
8147.0,10132.0,1.0
8148.0,9352.0,1.0
8148.0,10132.0,1.0
8149.0,9401.0,1.0
8152.0,8947.0,1.0
8152.0,13669.0,1.0
8153.0,8154.0,1.0
8153.0,10960.0,1.0
8153.0,9483.0,1.0
8154.0,9034.0,1.0
8155.0,13251.0,1.0
8157.0,11239.0,1.0
8158.0,9664.0,1.0
8158.0,14668.0,1.0
8165.0,10958.0,1.0
8167.0,14299.0,1.0
8167.0,13352.0,1.0
8167.0,17069.0,1.0
8168.0,12171.0,1.0
8171.0,12404.0,1.0
8171.0,11238.0,1.0
8171.0,13629.0,1.0
8173.0,11113.0,1.0
8173.0,16652.0,1.0
8175.0,8176.0,1.0
8175.0,12383.0,1.0
8176.0,10202.0,1.0
8179.0,8180.0,1.0
8179.0,8902.0,1.0
8181.0,10558.0,1.0
8181.0,16860.0,1.0
8184.0,11534.0,1.0
8184.0,10272.0,1.0
8192.0,18141.0,1.0
8192.0,19347.0,1.0
8193.0,9999.0,1.0
8193.0,11799.0,1.0
8193.0,12072.0,1.0
8197.0,8198.0,1.0
8197.0,9070.0,1.0
8197.0,10489.0,1.0
8198.0,11427.0,1.0
8199.0,8200.0,1.0
8199.0,14933.0,1.0
8199.0,13239.0,1.0
8200.0,14933.0,1.0
8200.0,16478.0,1.0
8201.0,8202.0,1.0
8201.0,10905.0,1.0
8203.0,8204.0,1.0
8203.0,13394.0,1.0
8204.0,9149.0,1.0
8205.0,8206.0,1.0
8205.0,9579.0,1.0
8206.0,9144.0,1.0
8206.0,13744.0,1.0
8207.0,8208.0,1.0
8207.0,9549.0,1.0
8208.0,17745.0,1.0
8208.0,17617.0,1.0
8210.0,8211.0,1.0
8211.0,8778.0,1.0
8211.0,14797.0,1.0
8212.0,8250.0,1.0
8212.0,14426.0,1.0
8214.0,11604.0,1.0
8214.0,20873.0,1.0
8215.0,8216.0,1.0
8215.0,10597.0,1.0
8216.0,8255.0,1.0
8217.0,9803.0,1.0
8217.0,9142.0,1.0
8224.0,8225.0,1.0
8224.0,9982.0,1.0
8224.0,13506.0,1.0
8225.0,16404.0,1.0
8225.0,16410.0,1.0
8225.0,9205.0,1.0
8226.0,16676.0,1.0
8226.0,17043.0,1.0
8226.0,11010.0,1.0
8227.0,8228.0,1.0
8227.0,9350.0,1.0
8227.0,10698.0,1.0
8228.0,9510.0,1.0
8228.0,16392.0,1.0
8230.0,11907.0,1.0
8230.0,20842.0,1.0
8232.0,11884.0,1.0
8233.0,16919.0,1.0
8233.0,16985.0,1.0
8234.0,9252.0,1.0
8234.0,11408.0,1.0
8236.0,10085.0,1.0
8236.0,10792.0,1.0
8237.0,9263.0,1.0
8237.0,12837.0,1.0
8238.0,8260.0,1.0
8240.0,9467.0,1.0
8241.0,10770.0,1.0
8242.0,8243.0,1.0
8242.0,9908.0,1.0
8242.0,16985.0,1.0
8243.0,10217.0,1.0
8243.0,11528.0,1.0
8243.0,16919.0,1.0
8245.0,10055.0,1.0
8246.0,8247.0,1.0
8246.0,13346.0,1.0
8246.0,14777.0,1.0
8247.0,8794.0,1.0
8250.0,8251.0,1.0
8251.0,10473.0,1.0
8251.0,13798.0,1.0
8252.0,8253.0,1.0
8253.0,20415.0,1.0
8253.0,11912.0,1.0
8254.0,8255.0,1.0
8254.0,10942.0,1.0
8255.0,9401.0,1.0
8256.0,8257.0,1.0
8256.0,9421.0,1.0
8256.0,11532.0,1.0
8256.0,12366.0,1.0
8257.0,9654.0,1.0
8257.0,11843.0,1.0
8259.0,8260.0,1.0
8259.0,12193.0,1.0
8259.0,9367.0,1.0
8262.0,8263.0,1.0
8263.0,11944.0,1.0
8264.0,10048.0,1.0
8264.0,12409.0,1.0
8268.0,8269.0,1.0
8268.0,14110.0,1.0
8268.0,12972.0,1.0
8273.0,11307.0,1.0
8273.0,18000.0,1.0
8274.0,8275.0,1.0
8274.0,16581.0,1.0
8275.0,9467.0,1.0
8280.0,8281.0,1.0
8280.0,11765.0,1.0
8280.0,19935.0,1.0
8281.0,8584.0,1.0
8281.0,9169.0,1.0
8282.0,13428.0,1.0
8282.0,14344.0,1.0
8289.0,8290.0,1.0
8289.0,11697.0,1.0
8289.0,12243.0,1.0
8290.0,13234.0,1.0
8290.0,10558.0,1.0
8291.0,8292.0,1.0
8291.0,12595.0,1.0
8293.0,13411.0,1.0
8294.0,17120.0,1.0
8297.0,10306.0,1.0
8297.0,11106.0,1.0
8299.0,9633.0,1.0
8299.0,15275.0,1.0
8300.0,16128.0,1.0
8300.0,18128.0,1.0
8303.0,8809.0,1.0
8307.0,8308.0,1.0
8307.0,12063.0,1.0
8307.0,20582.0,1.0
8308.0,13360.0,1.0
8308.0,10382.0,1.0
8308.0,12024.0,1.0
8310.0,8313.0,1.0
8310.0,15938.0,1.0
8311.0,8312.0,1.0
8312.0,9524.0,1.0
8312.0,11939.0,1.0
8313.0,12471.0,1.0
8313.0,15970.0,1.0
8314.0,8315.0,1.0
8314.0,17640.0,1.0
8319.0,8765.0,1.0
8319.0,15715.0,1.0
8321.0,8322.0,1.0
8321.0,10348.0,1.0
8322.0,13563.0,1.0
8322.0,9139.0,1.0
8340.0,11061.0,1.0
8341.0,8342.0,1.0
8342.0,16343.0,1.0
8342.0,20958.0,1.0
8343.0,9187.0,1.0
8345.0,16743.0,1.0
8346.0,8347.0,1.0
8346.0,8579.0,1.0
8346.0,17850.0,1.0
8347.0,11415.0,1.0
8349.0,14184.0,1.0
8352.0,8863.0,1.0
8352.0,11165.0,1.0
8353.0,9692.0,1.0
8354.0,10155.0,1.0
8355.0,8356.0,1.0
8355.0,14203.0,1.0
8356.0,12028.0,1.0
8358.0,13179.0,1.0
8359.0,8360.0,1.0
8359.0,16497.0,1.0
8359.0,8796.0,1.0
8363.0,14872.0,1.0
8363.0,13806.0,1.0
8364.0,14304.0,1.0
8364.0,13718.0,1.0
8365.0,9315.0,1.0
8366.0,13548.0,1.0
8366.0,12992.0,1.0
8368.0,8369.0,1.0
8369.0,17917.0,1.0
8369.0,17621.0,1.0
8375.0,9449.0,1.0
8375.0,13832.0,1.0
8381.0,9130.0,1.0
8381.0,19540.0,1.0
8381.0,20347.0,1.0
8383.0,16545.0,1.0
8384.0,11542.0,1.0
8385.0,8386.0,1.0
8385.0,11457.0,1.0
8385.0,12407.0,1.0
8386.0,10371.0,1.0
8387.0,16581.0,1.0
8387.0,10521.0,1.0
8390.0,8391.0,1.0
8390.0,13080.0,1.0
8394.0,11523.0,1.0
8394.0,12726.0,1.0
8400.0,12747.0,1.0
8401.0,17268.0,1.0
8401.0,15338.0,1.0
8402.0,10699.0,1.0
8402.0,12439.0,1.0
8402.0,9110.0,1.0
8403.0,8404.0,1.0
8404.0,13736.0,1.0
8405.0,9037.0,1.0
8406.0,8407.0,1.0
8406.0,9846.0,1.0
8407.0,9972.0,1.0
8407.0,9845.0,1.0
8408.0,9407.0,1.0
8409.0,8410.0,1.0
8409.0,8809.0,1.0
8409.0,11520.0,1.0
8411.0,10665.0,1.0
8412.0,8413.0,1.0
8412.0,8817.0,1.0
8412.0,8748.0,1.0
8413.0,11659.0,1.0
8413.0,13630.0,1.0
8414.0,8415.0,1.0
8414.0,8974.0,1.0
8414.0,10773.0,1.0
8415.0,11117.0,1.0
8419.0,13938.0,1.0
8420.0,19238.0,1.0
8420.0,20826.0,1.0
8423.0,8881.0,1.0
8424.0,8425.0,1.0
8424.0,9739.0,1.0
8425.0,9740.0,1.0
8425.0,8603.0,1.0
8425.0,11925.0,1.0
8427.0,19983.0,1.0
8428.0,8429.0,1.0
8431.0,8432.0,1.0
8431.0,8814.0,1.0
8431.0,13081.0,1.0
8432.0,12388.0,1.0
8436.0,13398.0,1.0
8437.0,12819.0,1.0
8437.0,11631.0,1.0
8437.0,17294.0,1.0
8440.0,8870.0,1.0
8449.0,13556.0,1.0
8449.0,12322.0,1.0
8452.0,9888.0,1.0
8452.0,16676.0,1.0
8454.0,8455.0,1.0
8454.0,11570.0,1.0
8458.0,9408.0,1.0
8459.0,10353.0,1.0
8460.0,8461.0,1.0
8460.0,10604.0,1.0
8460.0,14087.0,1.0
8463.0,8464.0,1.0
8463.0,14918.0,1.0
8464.0,12426.0,1.0
8464.0,20408.0,1.0
8465.0,9173.0,1.0
8465.0,12674.0,1.0
8467.0,15110.0,1.0
8467.0,16121.0,1.0
8468.0,17777.0,1.0
8468.0,11944.0,1.0
8469.0,8470.0,1.0
8470.0,9228.0,1.0
8470.0,11769.0,1.0
8471.0,8472.0,1.0
8471.0,13195.0,1.0
8473.0,11243.0,1.0
8477.0,10830.0,1.0
8477.0,9697.0,1.0
8478.0,11227.0,1.0
8478.0,10781.0,1.0
8484.0,10989.0,1.0
8484.0,11459.0,1.0
8484.0,12291.0,1.0
8487.0,16416.0,1.0
8489.0,12235.0,1.0
8489.0,17973.0,1.0
8490.0,8491.0,1.0
8490.0,9029.0,1.0
8491.0,15092.0,1.0
8491.0,9030.0,1.0
8494.0,8495.0,1.0
8496.0,8932.0,1.0
8498.0,8566.0,1.0
8498.0,9586.0,1.0
8498.0,11622.0,1.0
8499.0,11897.0,1.0
8500.0,8501.0,1.0
8501.0,9016.0,1.0
8501.0,11032.0,1.0
8503.0,10662.0,1.0
8503.0,12480.0,1.0
8504.0,12111.0,1.0
8504.0,10801.0,1.0
8505.0,16441.0,1.0
8505.0,9663.0,1.0
8507.0,12455.0,1.0
8507.0,11027.0,1.0
8508.0,8726.0,1.0
8508.0,13781.0,1.0
8509.0,10542.0,1.0
8509.0,20592.0,1.0
8510.0,16416.0,1.0
8510.0,20825.0,1.0
8511.0,8512.0,1.0
8512.0,12449.0,1.0
8513.0,8514.0,1.0
8514.0,12978.0,1.0
8515.0,8516.0,1.0
8516.0,10226.0,1.0
8517.0,15230.0,1.0
8518.0,8519.0,1.0
8518.0,12340.0,1.0
8519.0,20602.0,1.0
8519.0,8803.0,1.0
8525.0,11377.0,1.0
8526.0,14721.0,1.0
8527.0,11570.0,1.0
8529.0,8530.0,1.0
8529.0,8597.0,1.0
8529.0,9821.0,1.0
8530.0,9550.0,1.0
8530.0,17066.0,1.0
8534.0,8535.0,1.0
8534.0,12064.0,1.0
8534.0,9551.0,1.0
8535.0,12065.0,1.0
8535.0,17628.0,1.0
8536.0,8537.0,1.0
8537.0,15193.0,1.0
8539.0,12910.0,1.0
8539.0,8599.0,1.0
8546.0,8547.0,1.0
8546.0,9325.0,1.0
8546.0,10995.0,1.0
8547.0,12061.0,1.0
8547.0,16659.0,1.0
8548.0,8549.0,1.0
8548.0,11656.0,1.0
8549.0,11640.0,1.0
8549.0,16395.0,1.0
8549.0,10807.0,1.0
8550.0,14760.0,1.0
8552.0,9444.0,1.0
8552.0,14080.0,1.0
8552.0,9223.0,1.0
8553.0,10122.0,1.0
8553.0,11179.0,1.0
8554.0,17227.0,1.0
8560.0,8561.0,1.0
8560.0,16656.0,1.0
8561.0,10680.0,1.0
8562.0,8563.0,1.0
8562.0,9304.0,1.0
8562.0,14668.0,1.0
8563.0,10000.0,1.0
8563.0,12383.0,1.0
8564.0,8565.0,1.0
8564.0,11655.0,1.0
8565.0,18542.0,1.0
8565.0,18356.0,1.0
8566.0,10338.0,1.0
8566.0,9582.0,1.0
8566.0,21177.0,1.0
8569.0,12415.0,1.0
8569.0,9384.0,1.0
8573.0,10799.0,1.0
8573.0,14752.0,1.0
8574.0,8575.0,1.0
8574.0,10555.0,1.0
8574.0,12072.0,1.0
8574.0,9272.0,1.0
8575.0,11974.0,1.0
8576.0,9579.0,1.0
8579.0,12044.0,1.0
8580.0,8581.0,1.0
8580.0,10294.0,1.0
8580.0,16582.0,1.0
8581.0,13119.0,1.0
8581.0,13263.0,1.0
8584.0,16109.0,1.0
8587.0,8588.0,1.0
8587.0,9125.0,1.0
8587.0,14735.0,1.0
8594.0,9691.0,1.0
8594.0,11665.0,1.0
8595.0,12245.0,1.0
8597.0,18071.0,1.0
8599.0,11299.0,1.0
8602.0,8603.0,1.0
8603.0,11924.0,1.0
8604.0,8888.0,1.0
8604.0,11202.0,1.0
8605.0,17652.0,1.0
8605.0,9098.0,1.0
8608.0,13673.0,1.0
8608.0,9660.0,1.0
8609.0,10701.0,1.0
8609.0,12176.0,1.0
8612.0,8613.0,1.0
8612.0,9896.0,1.0
8612.0,8959.0,1.0
8614.0,8615.0,1.0
8614.0,8901.0,1.0
8614.0,16467.0,1.0
8615.0,10141.0,1.0
8617.0,8618.0,1.0
8617.0,10671.0,1.0
8620.0,10926.0,1.0
8620.0,11490.0,1.0
8621.0,8622.0,1.0
8621.0,16503.0,1.0
8621.0,16765.0,1.0
8622.0,12368.0,1.0
8625.0,8626.0,1.0
8625.0,20626.0,1.0
8625.0,9500.0,1.0
8626.0,14724.0,1.0
8628.0,8629.0,1.0
8628.0,12577.0,1.0
8629.0,12578.0,1.0
8638.0,11631.0,1.0
8638.0,13939.0,1.0
8638.0,13462.0,1.0
8639.0,8640.0,1.0
8639.0,13140.0,1.0
8639.0,9710.0,1.0
8640.0,9710.0,1.0
8640.0,9368.0,1.0
8644.0,14811.0,1.0
8645.0,10236.0,1.0
8645.0,9791.0,1.0
8646.0,8647.0,1.0
8646.0,12439.0,1.0
8646.0,16602.0,1.0
8647.0,9302.0,1.0
8647.0,13874.0,1.0
8649.0,8887.0,1.0
8654.0,8655.0,1.0
8654.0,11721.0,1.0
8654.0,17001.0,1.0
8656.0,8657.0,1.0
8656.0,10153.0,1.0
8656.0,10070.0,1.0
8659.0,10802.0,1.0
8659.0,13043.0,1.0
8660.0,8661.0,1.0
8660.0,13620.0,1.0
8660.0,16436.0,1.0
8662.0,8663.0,1.0
8663.0,11582.0,1.0
8663.0,11910.0,1.0
8664.0,8665.0,1.0
8664.0,17110.0,1.0
8665.0,10804.0,1.0
8666.0,16779.0,1.0
8666.0,11697.0,1.0
8668.0,18310.0,1.0
8668.0,16930.0,1.0
8668.0,9994.0,1.0
8676.0,13976.0,1.0
8679.0,8680.0,1.0
8679.0,10015.0,1.0
8679.0,11410.0,1.0
8680.0,11573.0,1.0
8680.0,17943.0,1.0
8681.0,11919.0,1.0
8681.0,12052.0,1.0
8682.0,9167.0,1.0
8682.0,10936.0,1.0
8685.0,9758.0,1.0
8685.0,12775.0,1.0
8686.0,13895.0,1.0
8686.0,13999.0,1.0
8686.0,10004.0,1.0
8693.0,16426.0,1.0
8694.0,8695.0,1.0
8694.0,10433.0,1.0
8694.0,12384.0,1.0
8695.0,12128.0,1.0
8695.0,18152.0,1.0
8696.0,12711.0,1.0
8697.0,8698.0,1.0
8698.0,10565.0,1.0
8698.0,16947.0,1.0
8699.0,8700.0,1.0
8700.0,10755.0,1.0
8701.0,8702.0,1.0
8702.0,16166.0,1.0
8702.0,20713.0,1.0
8703.0,12469.0,1.0
8703.0,13526.0,1.0
8705.0,8706.0,1.0
8705.0,10016.0,1.0
8705.0,12000.0,1.0
8706.0,9584.0,1.0
8708.0,12263.0,1.0
8708.0,9844.0,1.0
8708.0,11959.0,1.0
8714.0,8715.0,1.0
8714.0,11237.0,1.0
8714.0,14629.0,1.0
8715.0,10418.0,1.0
8715.0,9452.0,1.0
8720.0,8721.0,1.0
8720.0,9129.0,1.0
8721.0,13211.0,1.0
8722.0,8723.0,1.0
8722.0,12786.0,1.0
8722.0,11855.0,1.0
8722.0,20912.0,1.0
8723.0,18018.0,1.0
8723.0,16842.0,1.0
8725.0,11624.0,1.0
8726.0,10118.0,1.0
8727.0,12573.0,1.0
8728.0,9665.0,1.0
8728.0,10442.0,1.0
8729.0,11092.0,1.0
8729.0,11082.0,1.0
8744.0,8745.0,1.0
8744.0,18011.0,1.0
8744.0,16767.0,1.0
8745.0,9176.0,1.0
8746.0,9063.0,1.0
8746.0,13523.0,1.0
8747.0,9208.0,1.0
8747.0,13106.0,1.0
8747.0,9331.0,1.0
8748.0,14088.0,1.0
8750.0,9939.0,1.0
8750.0,16403.0,1.0
8751.0,10017.0,1.0
8757.0,10453.0,1.0
8758.0,8759.0,1.0
8758.0,18123.0,1.0
8763.0,9086.0,1.0
8763.0,11586.0,1.0
8763.0,9830.0,1.0
8765.0,9927.0,1.0
8766.0,8767.0,1.0
8766.0,11920.0,1.0
8767.0,10262.0,1.0
8768.0,8769.0,1.0
8768.0,9012.0,1.0
8768.0,14782.0,1.0
8769.0,14372.0,1.0
8770.0,11536.0,1.0
8774.0,15539.0,1.0
8774.0,13191.0,1.0
8774.0,9587.0,1.0
8775.0,14463.0,1.0
8775.0,12115.0,1.0
8778.0,13443.0,1.0
8789.0,14548.0,1.0
8791.0,12600.0,1.0
8791.0,16371.0,1.0
8791.0,11023.0,1.0
8793.0,8794.0,1.0
8793.0,13821.0,1.0
8794.0,10640.0,1.0
8795.0,12435.0,1.0
8795.0,9516.0,1.0
8798.0,12290.0,1.0
8799.0,8969.0,1.0
8799.0,12073.0,1.0
8799.0,9836.0,1.0
8803.0,9549.0,1.0
8804.0,8805.0,1.0
8804.0,12486.0,1.0
8805.0,10730.0,1.0
8805.0,15717.0,1.0
8809.0,12996.0,1.0
8810.0,8811.0,1.0
8811.0,10967.0,1.0
8811.0,14208.0,1.0
8814.0,12388.0,1.0
8815.0,16870.0,1.0
8815.0,8987.0,1.0
8817.0,10200.0,1.0
8817.0,10288.0,1.0
8817.0,11659.0,1.0
8818.0,11796.0,1.0
8818.0,14237.0,1.0
8819.0,8820.0,1.0
8819.0,16346.0,1.0
8819.0,16471.0,1.0
8820.0,11143.0,1.0
8830.0,13394.0,1.0
8830.0,19198.0,1.0
8831.0,17692.0,1.0
8834.0,14863.0,1.0
8835.0,10938.0,1.0
8836.0,13760.0,1.0
8837.0,13681.0,1.0
8837.0,17658.0,1.0
8841.0,17845.0,1.0
8842.0,11628.0,1.0
8843.0,8844.0,1.0
8843.0,12081.0,1.0
8843.0,20958.0,1.0
8851.0,8852.0,1.0
8851.0,10238.0,1.0
8852.0,10425.0,1.0
8855.0,9328.0,1.0
8859.0,8860.0,1.0
8860.0,12407.0,1.0
8860.0,16344.0,1.0
8860.0,11456.0,1.0
8861.0,13941.0,1.0
8861.0,10137.0,1.0
8862.0,8863.0,1.0
8862.0,13541.0,1.0
8862.0,11302.0,1.0
8863.0,9998.0,1.0
8871.0,9133.0,1.0
8871.0,15125.0,1.0
8872.0,12813.0,1.0
8873.0,13554.0,1.0
8874.0,13348.0,1.0
8874.0,16657.0,1.0
8875.0,8876.0,1.0
8875.0,16648.0,1.0
8875.0,11238.0,1.0
8876.0,16518.0,1.0
8876.0,9936.0,1.0
8877.0,10587.0,1.0
8877.0,8889.0,1.0
8881.0,12356.0,1.0
8881.0,13961.0,1.0
8884.0,10092.0,1.0
8884.0,11092.0,1.0
8885.0,14168.0,1.0
8885.0,10535.0,1.0
8886.0,8887.0,1.0
8889.0,8890.0,1.0
8889.0,15270.0,1.0
8889.0,15290.0,1.0
8890.0,13272.0,1.0
8890.0,15266.0,1.0
8893.0,8894.0,1.0
8893.0,10579.0,1.0
8893.0,10688.0,1.0
8894.0,19994.0,1.0
8894.0,20207.0,1.0
8896.0,11325.0,1.0
8897.0,9618.0,1.0
8897.0,10544.0,1.0
8900.0,8901.0,1.0
8900.0,11161.0,1.0
8901.0,13885.0,1.0
8905.0,17058.0,1.0
8905.0,9605.0,1.0
8906.0,10678.0,1.0
8907.0,16595.0,1.0
8910.0,9187.0,1.0
8910.0,10262.0,1.0
8911.0,10044.0,1.0
8911.0,10547.0,1.0
8916.0,8917.0,1.0
8916.0,9798.0,1.0
8916.0,12170.0,1.0
8917.0,9883.0,1.0
8920.0,8921.0,1.0
8920.0,10810.0,1.0
8921.0,19490.0,1.0
8924.0,14467.0,1.0
8924.0,14494.0,1.0
8929.0,8930.0,1.0
8931.0,8932.0,1.0
8931.0,12655.0,1.0
8932.0,11347.0,1.0
8932.0,14282.0,1.0
8933.0,10808.0,1.0
8941.0,8942.0,1.0
8941.0,12231.0,1.0
8941.0,9572.0,1.0
8942.0,16063.0,1.0
8942.0,18285.0,1.0
8945.0,13477.0,1.0
8945.0,10044.0,1.0
8946.0,8947.0,1.0
8946.0,11210.0,1.0
8947.0,9623.0,1.0
8947.0,17082.0,1.0
8954.0,8955.0,1.0
8954.0,10589.0,1.0
8954.0,18317.0,1.0
8955.0,14709.0,1.0
8956.0,8957.0,1.0
8960.0,8961.0,1.0
8960.0,13097.0,1.0
8960.0,20776.0,1.0
8965.0,8966.0,1.0
8966.0,12763.0,1.0
8969.0,12595.0,1.0
8970.0,8971.0,1.0
8971.0,10371.0,1.0
8974.0,16434.0,1.0
8974.0,14516.0,1.0
8976.0,13439.0,1.0
8976.0,13718.0,1.0
8977.0,8978.0,1.0
8977.0,21127.0,1.0
8978.0,21128.0,1.0
8979.0,10241.0,1.0
8979.0,11673.0,1.0
8980.0,12111.0,1.0
8980.0,14515.0,1.0
8980.0,11214.0,1.0
8982.0,9070.0,1.0
8982.0,10489.0,1.0
8985.0,9595.0,1.0
8987.0,14505.0,1.0
8990.0,8991.0,1.0
8990.0,18317.0,1.0
8991.0,12549.0,1.0
8991.0,17670.0,1.0
8993.0,8994.0,1.0
8993.0,16684.0,1.0
8994.0,10615.0,1.0
8994.0,15556.0,1.0
8995.0,10363.0,1.0
8995.0,10497.0,1.0
8998.0,11155.0,1.0
9000.0,13921.0,1.0
9000.0,13008.0,1.0
9009.0,14776.0,1.0
9009.0,17673.0,1.0
9010.0,17020.0,1.0
9012.0,11313.0,1.0
9016.0,9017.0,1.0
9016.0,10669.0,1.0
9017.0,9531.0,1.0
9017.0,10523.0,1.0
9017.0,17072.0,1.0
9018.0,9019.0,1.0
9020.0,9825.0,1.0
9020.0,9243.0,1.0
9020.0,16453.0,1.0
9024.0,13420.0,1.0
9024.0,12165.0,1.0
9029.0,9030.0,1.0
9030.0,13703.0,1.0
9031.0,13905.0,1.0
9031.0,12443.0,1.0
9031.0,10982.0,1.0
9032.0,13672.0,1.0
9032.0,14505.0,1.0
9033.0,16929.0,1.0
9033.0,10628.0,1.0
9035.0,9036.0,1.0
9035.0,12969.0,1.0
9035.0,17109.0,1.0
9037.0,9038.0,1.0
9046.0,11734.0,1.0
9046.0,9174.0,1.0
9052.0,9053.0,1.0
9052.0,10735.0,1.0
9053.0,13434.0,1.0
9053.0,17652.0,1.0
9059.0,9060.0,1.0
9059.0,11079.0,1.0
9059.0,10101.0,1.0
9059.0,19982.0,1.0
9061.0,9062.0,1.0
9061.0,13149.0,1.0
9062.0,17733.0,1.0
9062.0,13078.0,1.0
9063.0,13462.0,1.0
9068.0,9069.0,1.0
9069.0,12442.0,1.0
9071.0,9072.0,1.0
9071.0,20303.0,1.0
9072.0,12618.0,1.0
9072.0,13238.0,1.0
9073.0,9074.0,1.0
9073.0,11388.0,1.0
9074.0,11774.0,1.0
9074.0,12049.0,1.0
9074.0,11797.0,1.0
9075.0,13107.0,1.0
9075.0,12664.0,1.0
9076.0,9077.0,1.0
9076.0,10479.0,1.0
9078.0,9079.0,1.0
9078.0,13473.0,1.0
9079.0,10714.0,1.0
9079.0,11800.0,1.0
9086.0,13570.0,1.0
9086.0,14393.0,1.0
9086.0,20775.0,1.0
9090.0,12770.0,1.0
9090.0,14683.0,1.0
9093.0,13298.0,1.0
9093.0,9608.0,1.0
9094.0,9095.0,1.0
9094.0,10854.0,1.0
9094.0,11458.0,1.0
9095.0,19996.0,1.0
9097.0,11939.0,1.0
9097.0,13362.0,1.0
9098.0,18527.0,1.0
9099.0,9183.0,1.0
9099.0,9673.0,1.0
9100.0,9101.0,1.0
9101.0,13435.0,1.0
9102.0,9103.0,1.0
9102.0,16501.0,1.0
9102.0,11956.0,1.0
9102.0,20783.0,1.0
9103.0,18151.0,1.0
9103.0,16531.0,1.0
9104.0,11005.0,1.0
9104.0,13620.0,1.0
9105.0,14224.0,1.0
9105.0,13811.0,1.0
9106.0,9107.0,1.0
9106.0,12664.0,1.0
9106.0,10279.0,1.0
9107.0,10923.0,1.0
9108.0,9109.0,1.0
9108.0,12507.0,1.0
9108.0,16400.0,1.0
9109.0,12013.0,1.0
9109.0,13166.0,1.0
9110.0,9111.0,1.0
9110.0,12434.0,1.0
9111.0,10699.0,1.0
9113.0,9114.0,1.0
9114.0,15828.0,1.0
9122.0,9123.0,1.0
9122.0,11873.0,1.0
9123.0,9157.0,1.0
9125.0,13564.0,1.0
9127.0,9128.0,1.0
9127.0,16640.0,1.0
9127.0,16602.0,1.0
9128.0,16417.0,1.0
9128.0,17970.0,1.0
9129.0,9130.0,1.0
9129.0,9696.0,1.0
9131.0,14069.0,1.0
9131.0,17405.0,1.0
9133.0,9134.0,1.0
9133.0,13052.0,1.0
9133.0,15189.0,1.0
9134.0,13252.0,1.0
9137.0,19987.0,1.0
9140.0,9603.0,1.0
9140.0,11452.0,1.0
9140.0,16675.0,1.0
9142.0,10274.0,1.0
9143.0,9309.0,1.0
9143.0,15445.0,1.0
9145.0,12873.0,1.0
9146.0,15160.0,1.0
9149.0,13182.0,1.0
9151.0,12818.0,1.0
9151.0,11220.0,1.0
9153.0,11429.0,1.0
9153.0,14016.0,1.0
9154.0,18001.0,1.0
9155.0,9156.0,1.0
9155.0,10676.0,1.0
9155.0,10623.0,1.0
9155.0,9607.0,1.0
9156.0,9179.0,1.0
9156.0,13269.0,1.0
9157.0,9158.0,1.0
9158.0,15714.0,1.0
9161.0,9378.0,1.0
9161.0,10197.0,1.0
9161.0,17974.0,1.0
9163.0,10514.0,1.0
9163.0,13350.0,1.0
9165.0,9166.0,1.0
9165.0,10207.0,1.0
9167.0,12247.0,1.0
9167.0,11305.0,1.0
9169.0,16073.0,1.0
9169.0,16109.0,1.0
9172.0,11502.0,1.0
9172.0,16340.0,1.0
9173.0,9323.0,1.0
9174.0,11154.0,1.0
9174.0,16553.0,1.0
9175.0,9176.0,1.0
9175.0,16767.0,1.0
9175.0,20811.0,1.0
9176.0,10782.0,1.0
9178.0,11177.0,1.0
9179.0,13948.0,1.0
9180.0,10158.0,1.0
9180.0,10652.0,1.0
9180.0,11447.0,1.0
9183.0,10060.0,1.0
9183.0,13726.0,1.0
9185.0,9186.0,1.0
9185.0,10426.0,1.0
9186.0,10024.0,1.0
9189.0,12467.0,1.0
9189.0,9940.0,1.0
9189.0,11738.0,1.0
9190.0,12563.0,1.0
9194.0,12948.0,1.0
9195.0,9196.0,1.0
9195.0,16105.0,1.0
9195.0,19926.0,1.0
9196.0,12581.0,1.0
9196.0,10342.0,1.0
9197.0,12729.0,1.0
9198.0,9199.0,1.0
9198.0,14377.0,1.0
9198.0,12766.0,1.0
9202.0,19011.0,1.0
9205.0,9206.0,1.0
9205.0,9780.0,1.0
9205.0,12438.0,1.0
9206.0,9780.0,1.0
9206.0,16568.0,1.0
9207.0,11572.0,1.0
9208.0,12547.0,1.0
9209.0,9210.0,1.0
9210.0,11940.0,1.0
9210.0,12614.0,1.0
9212.0,13242.0,1.0
9213.0,9214.0,1.0
9213.0,12861.0,1.0
9213.0,14914.0,1.0
9214.0,9236.0,1.0
9216.0,9217.0,1.0
9216.0,11779.0,1.0
9216.0,11766.0,1.0
9217.0,11766.0,1.0
9221.0,15048.0,1.0
9222.0,14730.0,1.0
9222.0,14903.0,1.0
9222.0,11494.0,1.0
9223.0,13301.0,1.0
9223.0,9444.0,1.0
9223.0,15228.0,1.0
9224.0,9916.0,1.0
9224.0,16791.0,1.0
9224.0,19422.0,1.0
9228.0,10385.0,1.0
9231.0,13785.0,1.0
9231.0,15717.0,1.0
9231.0,10590.0,1.0
9233.0,11828.0,1.0
9233.0,12007.0,1.0
9236.0,13396.0,1.0
9237.0,15123.0,1.0
9237.0,9700.0,1.0
9238.0,9267.0,1.0
9240.0,11682.0,1.0
9241.0,10026.0,1.0
9241.0,10014.0,1.0
9241.0,10892.0,1.0
9247.0,13981.0,1.0
9249.0,13851.0,1.0
9252.0,10368.0,1.0
9252.0,16514.0,1.0
9258.0,9385.0,1.0
9258.0,12333.0,1.0
9258.0,9716.0,1.0
9259.0,13603.0,1.0
9259.0,10108.0,1.0
9262.0,13619.0,1.0
9264.0,13046.0,1.0
9265.0,9486.0,1.0
9265.0,13981.0,1.0
9266.0,9418.0,1.0
9284.0,14676.0,1.0
9285.0,12741.0,1.0
9287.0,10711.0,1.0
9287.0,13447.0,1.0
9288.0,11425.0,1.0
9288.0,10131.0,1.0
9289.0,11620.0,1.0
9290.0,9291.0,1.0
9290.0,16934.0,1.0
9290.0,16627.0,1.0
9291.0,11614.0,1.0
9292.0,9293.0,1.0
9292.0,17733.0,1.0
9292.0,9509.0,1.0
9293.0,9509.0,1.0
9293.0,13077.0,1.0
9294.0,9323.0,1.0
9295.0,9296.0,1.0
9296.0,11706.0,1.0
9299.0,13127.0,1.0
9299.0,15230.0,1.0
9302.0,12439.0,1.0
9302.0,10700.0,1.0
9306.0,9307.0,1.0
9306.0,10199.0,1.0
9309.0,12337.0,1.0
9315.0,9738.0,1.0
9316.0,9317.0,1.0
9316.0,10256.0,1.0
9317.0,9438.0,1.0
9321.0,9322.0,1.0
9323.0,13601.0,1.0
9325.0,12983.0,1.0
9327.0,12010.0,1.0
9327.0,9927.0,1.0
9328.0,9329.0,1.0
9328.0,14209.0,1.0
9329.0,11818.0,1.0
9330.0,16420.0,1.0
9330.0,15964.0,1.0
9331.0,9332.0,1.0
9331.0,12750.0,1.0
9332.0,11376.0,1.0
9333.0,13160.0,1.0
9333.0,13122.0,1.0
9337.0,11605.0,1.0
9337.0,11395.0,1.0
9338.0,10249.0,1.0
9340.0,9341.0,1.0
9340.0,9383.0,1.0
9340.0,14776.0,1.0
9341.0,11519.0,1.0
9341.0,11907.0,1.0
9343.0,13437.0,1.0
9343.0,12593.0,1.0
9350.0,10191.0,1.0
9351.0,9352.0,1.0
9351.0,16517.0,1.0
9352.0,11915.0,1.0
9355.0,18170.0,1.0
9355.0,17952.0,1.0
9355.0,19151.0,1.0
9360.0,12267.0,1.0
9361.0,13526.0,1.0
9362.0,17075.0,1.0
9364.0,13987.0,1.0
9364.0,16765.0,1.0
9365.0,11795.0,1.0
9366.0,11934.0,1.0
9366.0,14257.0,1.0
9368.0,17971.0,1.0
9370.0,16370.0,1.0
9370.0,17017.0,1.0
9375.0,11168.0,1.0
9375.0,12787.0,1.0
9376.0,11866.0,1.0
9378.0,9379.0,1.0
9378.0,11298.0,1.0
9380.0,9381.0,1.0
9380.0,13067.0,1.0
9380.0,17893.0,1.0
9383.0,9384.0,1.0
9383.0,14723.0,1.0
9383.0,11519.0,1.0
9384.0,10169.0,1.0
9384.0,11840.0,1.0
9385.0,16972.0,1.0
9386.0,16096.0,1.0
9386.0,10131.0,1.0
9387.0,19288.0,1.0
9388.0,12000.0,1.0
9388.0,13304.0,1.0
9389.0,10597.0,1.0
9389.0,13987.0,1.0
9390.0,10537.0,1.0
9390.0,10536.0,1.0
9396.0,17405.0,1.0
9396.0,18485.0,1.0
9399.0,14577.0,1.0
9400.0,13550.0,1.0
9400.0,13156.0,1.0
9400.0,16148.0,1.0
9400.0,9844.0,1.0
9402.0,11276.0,1.0
9402.0,13736.0,1.0
9406.0,14919.0,1.0
9406.0,10247.0,1.0
9407.0,10383.0,1.0
9408.0,11115.0,1.0
9409.0,10960.0,1.0
9411.0,9412.0,1.0
9411.0,16632.0,1.0
9412.0,11024.0,1.0
9416.0,9417.0,1.0
9416.0,14740.0,1.0
9418.0,9629.0,1.0
9418.0,10288.0,1.0
9418.0,11446.0,1.0
9419.0,9420.0,1.0
9419.0,11314.0,1.0
9419.0,13030.0,1.0
9420.0,12420.0,1.0
9420.0,17273.0,1.0
9420.0,12422.0,1.0
9422.0,9423.0,1.0
9423.0,10656.0,1.0
9423.0,12873.0,1.0
9424.0,9759.0,1.0
9424.0,17388.0,1.0
9425.0,9426.0,1.0
9425.0,9499.0,1.0
9426.0,14826.0,1.0
9426.0,14676.0,1.0
9428.0,12910.0,1.0
9432.0,9433.0,1.0
9432.0,14906.0,1.0
9432.0,10944.0,1.0
9433.0,10540.0,1.0
9434.0,9435.0,1.0
9434.0,10552.0,1.0
9435.0,13450.0,1.0
9436.0,11941.0,1.0
9437.0,17008.0,1.0
9438.0,14564.0,1.0
9440.0,16613.0,1.0
9440.0,17054.0,1.0
9444.0,13882.0,1.0
9445.0,9446.0,1.0
9445.0,10566.0,1.0
9445.0,15415.0,1.0
9445.0,9756.0,1.0
9448.0,9449.0,1.0
9448.0,13832.0,1.0
9450.0,9498.0,1.0
9451.0,9452.0,1.0
9452.0,18462.0,1.0
9453.0,12509.0,1.0
9456.0,15158.0,1.0
9456.0,10656.0,1.0
9458.0,9459.0,1.0
9458.0,11295.0,1.0
9459.0,11295.0,1.0
9459.0,16662.0,1.0
9460.0,16414.0,1.0
9460.0,16935.0,1.0
9463.0,9464.0,1.0
9463.0,11857.0,1.0
9463.0,11881.0,1.0
9465.0,9466.0,1.0
9465.0,16924.0,1.0
9466.0,13961.0,1.0
9466.0,12356.0,1.0
9467.0,10521.0,1.0
9468.0,9961.0,1.0
9468.0,17016.0,1.0
9472.0,11415.0,1.0
9474.0,15353.0,1.0
9474.0,11668.0,1.0
9477.0,10255.0,1.0
9477.0,10973.0,1.0
9478.0,10987.0,1.0
9478.0,13436.0,1.0
9478.0,14160.0,1.0
9479.0,10803.0,1.0
9479.0,13075.0,1.0
9479.0,13076.0,1.0
9481.0,16586.0,1.0
9483.0,10959.0,1.0
9485.0,9486.0,1.0
9485.0,16067.0,1.0
9485.0,21201.0,1.0
9486.0,11976.0,1.0
9489.0,14646.0,1.0
9489.0,16609.0,1.0
9489.0,16780.0,1.0
9490.0,17523.0,1.0
9496.0,16346.0,1.0
9499.0,13686.0,1.0
9499.0,14676.0,1.0
9500.0,9501.0,1.0
9500.0,9805.0,1.0
9500.0,11258.0,1.0
9504.0,9505.0,1.0
9504.0,12582.0,1.0
9504.0,21063.0,1.0
9505.0,12280.0,1.0
9505.0,14069.0,1.0
9506.0,9507.0,1.0
9506.0,16390.0,1.0
9506.0,10256.0,1.0
9507.0,10256.0,1.0
9507.0,14564.0,1.0
9508.0,9922.0,1.0
9508.0,10811.0,1.0
9510.0,12857.0,1.0
9511.0,14156.0,1.0
9511.0,9709.0,1.0
9511.0,15216.0,1.0
9511.0,11416.0,1.0
9514.0,10808.0,1.0
9514.0,12176.0,1.0
9515.0,13586.0,1.0
9515.0,12916.0,1.0
9518.0,16898.0,1.0
9518.0,14036.0,1.0
9518.0,15100.0,1.0
9520.0,13625.0,1.0
9520.0,12903.0,1.0
9521.0,16430.0,1.0
9521.0,10335.0,1.0
9522.0,12916.0,1.0
9522.0,12401.0,1.0
9523.0,11555.0,1.0
9523.0,13300.0,1.0
9523.0,16675.0,1.0
9526.0,12810.0,1.0
9529.0,16717.0,1.0
9530.0,9531.0,1.0
9538.0,19616.0,1.0
9539.0,9540.0,1.0
9539.0,11307.0,1.0
9539.0,13711.0,1.0
9540.0,11777.0,1.0
9540.0,12429.0,1.0
9549.0,19432.0,1.0
9550.0,9977.0,1.0
9550.0,13020.0,1.0
9551.0,9552.0,1.0
9561.0,9562.0,1.0
9561.0,15107.0,1.0
9561.0,17003.0,1.0
9562.0,16704.0,1.0
9562.0,20803.0,1.0
9566.0,13826.0,1.0
9566.0,11662.0,1.0
9569.0,9570.0,1.0
9569.0,16667.0,1.0
9570.0,16484.0,1.0
9570.0,16674.0,1.0
9571.0,9572.0,1.0
9572.0,15257.0,1.0
9573.0,9574.0,1.0
9573.0,9621.0,1.0
9574.0,10504.0,1.0
9574.0,11605.0,1.0
9579.0,11698.0,1.0
9580.0,9581.0,1.0
9580.0,10008.0,1.0
9580.0,17073.0,1.0
9580.0,15682.0,1.0
9581.0,11215.0,1.0
9581.0,17073.0,1.0
9582.0,9715.0,1.0
9582.0,21176.0,1.0
9585.0,11850.0,1.0
9586.0,9587.0,1.0
9586.0,21177.0,1.0
9589.0,9590.0,1.0
9589.0,10957.0,1.0
9589.0,11718.0,1.0
9589.0,10273.0,1.0
9590.0,11470.0,1.0
9590.0,13049.0,1.0
9591.0,9592.0,1.0
9591.0,12455.0,1.0
9592.0,10094.0,1.0
9593.0,13117.0,1.0
9594.0,9595.0,1.0
9594.0,11826.0,1.0
9594.0,13644.0,1.0
9595.0,13632.0,1.0
9600.0,9601.0,1.0
9600.0,12160.0,1.0
9600.0,19449.0,1.0
9603.0,9604.0,1.0
9603.0,16787.0,1.0
9604.0,9686.0,1.0
9604.0,16788.0,1.0
9604.0,16675.0,1.0
9605.0,12606.0,1.0
9606.0,13012.0,1.0
9607.0,9608.0,1.0
9607.0,17621.0,1.0
9609.0,16475.0,1.0
9611.0,9612.0,1.0
9614.0,13630.0,1.0
9614.0,17722.0,1.0
9615.0,14711.0,1.0
9616.0,9799.0,1.0
9616.0,12532.0,1.0
9616.0,12738.0,1.0
9619.0,13125.0,1.0
9619.0,15179.0,1.0
9621.0,11605.0,1.0
9622.0,11970.0,1.0
9622.0,12304.0,1.0
9623.0,13669.0,1.0
9623.0,17486.0,1.0
9623.0,17497.0,1.0
9626.0,11861.0,1.0
9626.0,18218.0,1.0
9630.0,9631.0,1.0
9630.0,19794.0,1.0
9631.0,14260.0,1.0
9632.0,14319.0,1.0
9632.0,9694.0,1.0
9633.0,15272.0,1.0
9634.0,9635.0,1.0
9634.0,15200.0,1.0
9637.0,9638.0,1.0
9637.0,14280.0,1.0
9639.0,13099.0,1.0
9639.0,15131.0,1.0
9645.0,16581.0,1.0
9646.0,16514.0,1.0
9646.0,11010.0,1.0
9647.0,9648.0,1.0
9647.0,17103.0,1.0
9648.0,16718.0,1.0
9649.0,10362.0,1.0
9654.0,12907.0,1.0
9656.0,9657.0,1.0
9656.0,10658.0,1.0
9657.0,14572.0,1.0
9660.0,9661.0,1.0
9661.0,13673.0,1.0
9661.0,12277.0,1.0
9663.0,10000.0,1.0
9665.0,10159.0,1.0
9671.0,9914.0,1.0
9671.0,11911.0,1.0
9673.0,10060.0,1.0
9673.0,13910.0,1.0
9678.0,9679.0,1.0
9679.0,12147.0,1.0
9682.0,12409.0,1.0
9683.0,11068.0,1.0
9683.0,17967.0,1.0
9686.0,9687.0,1.0
9686.0,16841.0,1.0
9686.0,16492.0,1.0
9687.0,13932.0,1.0
9687.0,16566.0,1.0
9688.0,21102.0,1.0
9688.0,20989.0,1.0
9688.0,18066.0,1.0
9693.0,9694.0,1.0
9693.0,13930.0,1.0
9694.0,11678.0,1.0
9695.0,13780.0,1.0
9695.0,20605.0,1.0
9697.0,17765.0,1.0
9698.0,16716.0,1.0
9698.0,16779.0,1.0
9699.0,16358.0,1.0
9702.0,10397.0,1.0
9709.0,9710.0,1.0
9711.0,9712.0,1.0
9712.0,20166.0,1.0
9712.0,13811.0,1.0
9713.0,11952.0,1.0
9714.0,9715.0,1.0
9714.0,10371.0,1.0
9715.0,10338.0,1.0
9719.0,16483.0,1.0
9721.0,9722.0,1.0
9721.0,14596.0,1.0
9722.0,9987.0,1.0
9728.0,10326.0,1.0
9728.0,10179.0,1.0
9728.0,11383.0,1.0
9736.0,10442.0,1.0
9737.0,17187.0,1.0
9737.0,17140.0,1.0
9738.0,13331.0,1.0
9739.0,9740.0,1.0
9739.0,20870.0,1.0
9740.0,18136.0,1.0
9742.0,17273.0,1.0
9742.0,17285.0,1.0
9743.0,9744.0,1.0
9743.0,17046.0,1.0
9743.0,14212.0,1.0
9744.0,10089.0,1.0
9744.0,10098.0,1.0
9745.0,15044.0,1.0
9756.0,9757.0,1.0
9756.0,11881.0,1.0
9757.0,11882.0,1.0
9757.0,10566.0,1.0
9757.0,20912.0,1.0
9758.0,13224.0,1.0
9762.0,11037.0,1.0
9762.0,17417.0,1.0
9762.0,11093.0,1.0
9763.0,13734.0,1.0
9764.0,12652.0,1.0
9764.0,16660.0,1.0
9772.0,9773.0,1.0
9774.0,10804.0,1.0
9774.0,13726.0,1.0
9776.0,9777.0,1.0
9776.0,20677.0,1.0
9777.0,17745.0,1.0
9777.0,11733.0,1.0
9778.0,16812.0,1.0
9778.0,12449.0,1.0
9780.0,16351.0,1.0
9780.0,19724.0,1.0
9780.0,16569.0,1.0
9783.0,10749.0,1.0
9783.0,16163.0,1.0
9786.0,9787.0,1.0
9786.0,20231.0,1.0
9787.0,13366.0,1.0
9787.0,14157.0,1.0
9789.0,14084.0,1.0
9790.0,9791.0,1.0
9790.0,10760.0,1.0
9790.0,11081.0,1.0
9791.0,10761.0,1.0
9792.0,13154.0,1.0
9793.0,9794.0,1.0
9794.0,12421.0,1.0
9794.0,16736.0,1.0
9794.0,19365.0,1.0
9795.0,13901.0,1.0
9795.0,13629.0,1.0
9797.0,9798.0,1.0
9797.0,12719.0,1.0
9799.0,11427.0,1.0
9799.0,10270.0,1.0
9799.0,14603.0,1.0
9803.0,9804.0,1.0
9803.0,10274.0,1.0
9803.0,12981.0,1.0
9805.0,11732.0,1.0
9806.0,18433.0,1.0
9807.0,9808.0,1.0
9807.0,14554.0,1.0
9808.0,14339.0,1.0
9808.0,14425.0,1.0
9808.0,14238.0,1.0
9810.0,12014.0,1.0
9810.0,13534.0,1.0
9811.0,16107.0,1.0
9811.0,17414.0,1.0
9815.0,11491.0,1.0
9816.0,9817.0,1.0
9817.0,14610.0,1.0
9820.0,18430.0,1.0
9820.0,20594.0,1.0
9821.0,10715.0,1.0
9821.0,17066.0,1.0
9822.0,10784.0,1.0
9822.0,14776.0,1.0
9825.0,16452.0,1.0
9825.0,14461.0,1.0
9829.0,9830.0,1.0
9829.0,11482.0,1.0
9829.0,13570.0,1.0
9829.0,17460.0,1.0
9830.0,16109.0,1.0
9836.0,9837.0,1.0
9836.0,12595.0,1.0
9837.0,12073.0,1.0
9843.0,9844.0,1.0
9844.0,13156.0,1.0
9845.0,9846.0,1.0
9846.0,12998.0,1.0
9847.0,11628.0,1.0
9847.0,12145.0,1.0
9848.0,12589.0,1.0
9851.0,9852.0,1.0
9851.0,16902.0,1.0
9851.0,17080.0,1.0
9852.0,16354.0,1.0
9852.0,16879.0,1.0
9856.0,9857.0,1.0
9856.0,16435.0,1.0
9858.0,9859.0,1.0
9859.0,12231.0,1.0
9861.0,11849.0,1.0
9861.0,13246.0,1.0
9864.0,11862.0,1.0
9866.0,9867.0,1.0
9868.0,12055.0,1.0
9868.0,12731.0,1.0
9869.0,12017.0,1.0
9870.0,9871.0,1.0
9871.0,10182.0,1.0
9871.0,13226.0,1.0
9874.0,9875.0,1.0
9874.0,11665.0,1.0
9874.0,12637.0,1.0
9883.0,10981.0,1.0
9883.0,12170.0,1.0
9885.0,12732.0,1.0
9885.0,10739.0,1.0
9885.0,10525.0,1.0
9886.0,17638.0,1.0
9887.0,10540.0,1.0
9887.0,13254.0,1.0
9888.0,10745.0,1.0
9890.0,20352.0,1.0
9890.0,21180.0,1.0
9893.0,19504.0,1.0
9894.0,9895.0,1.0
9894.0,16680.0,1.0
9895.0,12806.0,1.0
9895.0,17014.0,1.0
9895.0,20762.0,1.0
9898.0,11494.0,1.0
9899.0,9900.0,1.0
9900.0,11733.0,1.0
9900.0,11898.0,1.0
9901.0,13304.0,1.0
9902.0,16769.0,1.0
9902.0,14541.0,1.0
9904.0,10286.0,1.0
9908.0,16499.0,1.0
9910.0,9911.0,1.0
9911.0,13348.0,1.0
9911.0,15914.0,1.0
9912.0,11343.0,1.0
9914.0,11391.0,1.0
9915.0,11107.0,1.0
9915.0,14431.0,1.0
9916.0,16945.0,1.0
9917.0,9918.0,1.0
9917.0,11792.0,1.0
9917.0,12480.0,1.0
9919.0,9920.0,1.0
9919.0,14890.0,1.0
9920.0,16633.0,1.0
9922.0,16423.0,1.0
9925.0,12564.0,1.0
9925.0,12256.0,1.0
9926.0,16560.0,1.0
9926.0,14614.0,1.0
9927.0,12054.0,1.0
9934.0,13352.0,1.0
9934.0,14546.0,1.0
9935.0,9936.0,1.0
9935.0,11238.0,1.0
9936.0,10554.0,1.0
9936.0,15538.0,1.0
9936.0,15542.0,1.0
9939.0,11817.0,1.0
9949.0,13849.0,1.0
9949.0,17883.0,1.0
9957.0,13060.0,1.0
9959.0,13887.0,1.0
9959.0,18579.0,1.0
9960.0,17049.0,1.0
9961.0,9962.0,1.0
9961.0,16746.0,1.0
9972.0,11468.0,1.0
9973.0,9974.0,1.0
9973.0,14233.0,1.0
9973.0,13158.0,1.0
9973.0,16414.0,1.0
9974.0,13159.0,1.0
9974.0,16921.0,1.0
9976.0,16560.0,1.0
9977.0,11037.0,1.0
9977.0,12997.0,1.0
9978.0,9979.0,1.0
9979.0,11688.0,1.0
9979.0,13404.0,1.0
9980.0,13083.0,1.0
9982.0,9983.0,1.0
9982.0,15716.0,1.0
9982.0,16404.0,1.0
9983.0,10513.0,1.0
9983.0,16286.0,1.0
9985.0,12953.0,1.0
9985.0,17095.0,1.0
9986.0,15916.0,1.0
9987.0,13286.0,1.0
9987.0,11773.0,1.0
9988.0,10873.0,1.0
9988.0,20358.0,1.0
9989.0,15733.0,1.0
9994.0,12044.0,1.0
9994.0,16449.0,1.0
9994.0,16930.0,1.0
9998.0,13346.0,1.0
9998.0,11165.0,1.0
9998.0,13541.0,1.0
9999.0,15711.0,1.0
9999.0,10713.0,1.0
10000.0,14668.0,1.0
10004.0,16937.0,1.0
10008.0,12785.0,1.0
10008.0,13812.0,1.0
10014.0,10080.0,1.0
10016.0,11319.0,1.0
10017.0,10018.0,1.0
10017.0,13590.0,1.0
10018.0,16552.0,1.0
10019.0,10353.0,1.0
10019.0,11185.0,1.0
10020.0,10021.0,1.0
10020.0,10826.0,1.0
10024.0,10025.0,1.0
10025.0,13261.0,1.0
10026.0,10891.0,1.0
10026.0,12614.0,1.0
10033.0,10034.0,1.0
10033.0,11647.0,1.0
10033.0,10208.0,1.0
10033.0,16484.0,1.0
10034.0,10924.0,1.0
10035.0,10036.0,1.0
10035.0,12442.0,1.0
10035.0,10331.0,1.0
10036.0,10900.0,1.0
10036.0,14911.0,1.0
10037.0,11912.0,1.0
10037.0,19078.0,1.0
10037.0,20192.0,1.0
10044.0,12385.0,1.0
10047.0,10089.0,1.0
10048.0,10363.0,1.0
10049.0,11491.0,1.0
10051.0,14317.0,1.0
10051.0,10079.0,1.0
10053.0,10054.0,1.0
10053.0,11044.0,1.0
10055.0,14021.0,1.0
10057.0,10058.0,1.0
10057.0,10982.0,1.0
10058.0,16159.0,1.0
10058.0,10982.0,1.0
10058.0,16770.0,1.0
10060.0,14721.0,1.0
10066.0,19409.0,1.0
10067.0,20819.0,1.0
10068.0,10069.0,1.0
10068.0,11293.0,1.0
10068.0,11113.0,1.0
10069.0,10514.0,1.0
10070.0,17624.0,1.0
10077.0,10078.0,1.0
10077.0,10487.0,1.0
10077.0,12375.0,1.0
10079.0,11671.0,1.0
10079.0,14153.0,1.0
10080.0,10081.0,1.0
10081.0,12345.0,1.0
10082.0,11606.0,1.0
10082.0,17598.0,1.0
10082.0,14775.0,1.0
10083.0,10084.0,1.0
10083.0,14614.0,1.0
10084.0,11277.0,1.0
10084.0,10576.0,1.0
10085.0,11836.0,1.0
10085.0,12228.0,1.0
10089.0,16363.0,1.0
10094.0,12455.0,1.0
10095.0,13514.0,1.0
10098.0,16363.0,1.0
10098.0,17046.0,1.0
10099.0,12551.0,1.0
10100.0,10101.0,1.0
10100.0,10649.0,1.0
10100.0,11079.0,1.0
10101.0,13130.0,1.0
10108.0,18289.0,1.0
10110.0,11501.0,1.0
10111.0,11888.0,1.0
10111.0,11506.0,1.0
10114.0,17125.0,1.0
10114.0,17749.0,1.0
10114.0,10423.0,1.0
10118.0,14192.0,1.0
10119.0,10120.0,1.0
10120.0,10663.0,1.0
10120.0,14121.0,1.0
10121.0,10257.0,1.0
10123.0,10124.0,1.0
10123.0,13567.0,1.0
10123.0,13918.0,1.0
10124.0,12087.0,1.0
10124.0,12981.0,1.0
10131.0,14491.0,1.0
10134.0,14118.0,1.0
10134.0,16282.0,1.0
10135.0,13860.0,1.0
10136.0,10137.0,1.0
10137.0,13194.0,1.0
10140.0,16427.0,1.0
10140.0,16672.0,1.0
10141.0,12285.0,1.0
10141.0,16467.0,1.0
10142.0,14195.0,1.0
10142.0,16595.0,1.0
10143.0,11000.0,1.0
10143.0,16670.0,1.0
10145.0,12920.0,1.0
10145.0,12127.0,1.0
10153.0,16959.0,1.0
10153.0,17624.0,1.0
10153.0,18158.0,1.0
10158.0,10651.0,1.0
10159.0,11409.0,1.0
10161.0,20720.0,1.0
10161.0,20717.0,1.0
10165.0,10166.0,1.0
10166.0,17024.0,1.0
10167.0,17293.0,1.0
10169.0,12415.0,1.0
10169.0,11519.0,1.0
10173.0,11592.0,1.0
10175.0,16443.0,1.0
10175.0,19442.0,1.0
10179.0,11383.0,1.0
10179.0,17146.0,1.0
10180.0,11723.0,1.0
10181.0,10925.0,1.0
10181.0,13498.0,1.0
10182.0,16587.0,1.0
10188.0,10189.0,1.0
10188.0,11474.0,1.0
10189.0,11475.0,1.0
10190.0,11464.0,1.0
10190.0,13413.0,1.0
10192.0,12182.0,1.0
10192.0,13731.0,1.0
10193.0,11663.0,1.0
10194.0,13175.0,1.0
10194.0,13711.0,1.0
10196.0,10197.0,1.0
10196.0,13689.0,1.0
10199.0,16555.0,1.0
10202.0,13759.0,1.0
10206.0,19166.0,1.0
10206.0,11237.0,1.0
10207.0,10208.0,1.0
10207.0,11647.0,1.0
10208.0,10924.0,1.0
10209.0,16995.0,1.0
10216.0,10217.0,1.0
10216.0,13967.0,1.0
10216.0,16942.0,1.0
10221.0,10222.0,1.0
10221.0,13046.0,1.0
10221.0,13482.0,1.0
10225.0,10226.0,1.0
10225.0,12919.0,1.0
10229.0,14828.0,1.0
10231.0,19464.0,1.0
10231.0,14280.0,1.0
10232.0,10233.0,1.0
10232.0,16623.0,1.0
10233.0,16623.0,1.0
10233.0,13368.0,1.0
10236.0,13584.0,1.0
10238.0,10425.0,1.0
10239.0,10240.0,1.0
10239.0,11972.0,1.0
10241.0,11673.0,1.0
10241.0,19419.0,1.0
10242.0,17341.0,1.0
10245.0,11343.0,1.0
10245.0,12481.0,1.0
10245.0,19262.0,1.0
10250.0,10251.0,1.0
10250.0,12119.0,1.0
10252.0,10253.0,1.0
10253.0,17910.0,1.0
10254.0,10255.0,1.0
10254.0,13094.0,1.0
10254.0,13728.0,1.0
10255.0,13728.0,1.0
10256.0,10918.0,1.0
10262.0,10263.0,1.0
10262.0,12655.0,1.0
10264.0,16402.0,1.0
10269.0,12118.0,1.0
10269.0,16619.0,1.0
10270.0,10489.0,1.0
10271.0,10272.0,1.0
10271.0,18975.0,1.0
10273.0,11269.0,1.0
10273.0,13049.0,1.0
10274.0,13918.0,1.0
10276.0,16688.0,1.0
10276.0,13196.0,1.0
10279.0,10923.0,1.0
10290.0,10291.0,1.0
10290.0,17225.0,1.0
10290.0,18288.0,1.0
10292.0,10585.0,1.0
10292.0,10651.0,1.0
10292.0,16314.0,1.0
10294.0,13119.0,1.0
10296.0,12932.0,1.0
10297.0,11473.0,1.0
10300.0,14466.0,1.0
10300.0,14528.0,1.0
10306.0,10621.0,1.0
10307.0,10308.0,1.0
10307.0,11558.0,1.0
10308.0,11629.0,1.0
10309.0,10310.0,1.0
10310.0,13887.0,1.0
10313.0,10482.0,1.0
10313.0,12877.0,1.0
10317.0,10318.0,1.0
10317.0,11630.0,1.0
10317.0,12624.0,1.0
10323.0,12755.0,1.0
10323.0,15639.0,1.0
10326.0,17142.0,1.0
10329.0,10572.0,1.0
10329.0,12833.0,1.0
10330.0,13396.0,1.0
10331.0,10900.0,1.0
10331.0,13817.0,1.0
10332.0,13802.0,1.0
10336.0,10337.0,1.0
10336.0,10412.0,1.0
10336.0,11502.0,1.0
10338.0,11622.0,1.0
10342.0,10343.0,1.0
10343.0,11735.0,1.0
10343.0,14838.0,1.0
10345.0,13673.0,1.0
10345.0,16160.0,1.0
10345.0,14131.0,1.0
10346.0,17034.0,1.0
10346.0,20056.0,1.0
10347.0,16526.0,1.0
10348.0,12047.0,1.0
10349.0,10350.0,1.0
10349.0,13148.0,1.0
10349.0,16947.0,1.0
10350.0,10909.0,1.0
10350.0,10565.0,1.0
10354.0,11734.0,1.0
10364.0,10365.0,1.0
10365.0,11315.0,1.0
10367.0,16937.0,1.0
10367.0,20307.0,1.0
10367.0,11912.0,1.0
10368.0,10908.0,1.0
10368.0,11011.0,1.0
10370.0,13546.0,1.0
10370.0,15065.0,1.0
10373.0,20656.0,1.0
10380.0,14428.0,1.0
10380.0,11639.0,1.0
10383.0,12792.0,1.0
10383.0,14257.0,1.0
10383.0,10450.0,1.0
10384.0,12800.0,1.0
10387.0,16434.0,1.0
10387.0,11117.0,1.0
10391.0,12183.0,1.0
10392.0,10393.0,1.0
10392.0,11068.0,1.0
10393.0,11342.0,1.0
10394.0,10395.0,1.0
10395.0,13785.0,1.0
10397.0,10398.0,1.0
10397.0,16500.0,1.0
10398.0,14285.0,1.0
10400.0,12031.0,1.0
10400.0,13780.0,1.0
10402.0,16946.0,1.0
10408.0,18261.0,1.0
10408.0,17632.0,1.0
10411.0,12886.0,1.0
10412.0,11178.0,1.0
10417.0,10418.0,1.0
10417.0,10621.0,1.0
10417.0,14629.0,1.0
10420.0,16698.0,1.0
10421.0,10422.0,1.0
10421.0,11951.0,1.0
10422.0,13731.0,1.0
10423.0,10424.0,1.0
10425.0,19498.0,1.0
10426.0,13082.0,1.0
10429.0,10430.0,1.0
10429.0,18995.0,1.0
10429.0,19012.0,1.0
10429.0,21120.0,1.0
10429.0,19011.0,1.0
10430.0,14183.0,1.0
10430.0,15493.0,1.0
10432.0,10433.0,1.0
10433.0,18148.0,1.0
10437.0,11130.0,1.0
10438.0,10439.0,1.0
10439.0,16387.0,1.0
10441.0,13656.0,1.0
10446.0,12482.0,1.0
10451.0,10452.0,1.0
10451.0,14997.0,1.0
10451.0,21126.0,1.0
10451.0,14184.0,1.0
10452.0,21126.0,1.0
10452.0,17982.0,1.0
10453.0,16513.0,1.0
10457.0,10458.0,1.0
10458.0,11586.0,1.0
10459.0,10460.0,1.0
10460.0,16030.0,1.0
10460.0,16083.0,1.0
10466.0,12711.0,1.0
10466.0,17799.0,1.0
10473.0,10474.0,1.0
10473.0,11835.0,1.0
10473.0,13276.0,1.0
10475.0,10476.0,1.0
10476.0,17308.0,1.0
10479.0,13873.0,1.0
10480.0,12334.0,1.0
10487.0,13227.0,1.0
10487.0,20435.0,1.0
10489.0,11427.0,1.0
10495.0,10496.0,1.0
10495.0,10675.0,1.0
10496.0,12235.0,1.0
10497.0,14565.0,1.0
10497.0,14284.0,1.0
10500.0,10501.0,1.0
10500.0,13799.0,1.0
10501.0,12267.0,1.0
10503.0,10567.0,1.0
10505.0,13844.0,1.0
10505.0,19441.0,1.0
10510.0,10976.0,1.0
10510.0,13180.0,1.0
10512.0,10592.0,1.0
10512.0,16504.0,1.0
10513.0,12438.0,1.0
10513.0,15496.0,1.0
10513.0,16928.0,1.0
10513.0,16404.0,1.0
10514.0,11373.0,1.0
10517.0,10518.0,1.0
10517.0,17078.0,1.0
10518.0,17078.0,1.0
10518.0,20584.0,1.0
10519.0,13140.0,1.0
10520.0,10521.0,1.0
10523.0,10669.0,1.0
10525.0,13393.0,1.0
10535.0,14168.0,1.0
10536.0,10537.0,1.0
10536.0,14908.0,1.0
10538.0,10539.0,1.0
10538.0,11544.0,1.0
10538.0,16239.0,1.0
10539.0,16240.0,1.0
10540.0,10541.0,1.0
10540.0,10944.0,1.0
10542.0,20592.0,1.0
10544.0,10545.0,1.0
10545.0,13110.0,1.0
10547.0,10548.0,1.0
10548.0,13040.0,1.0
10548.0,19296.0,1.0
10552.0,10553.0,1.0
10553.0,13180.0,1.0
10555.0,11974.0,1.0
10555.0,13248.0,1.0
10556.0,11122.0,1.0
10557.0,10558.0,1.0
10557.0,16860.0,1.0
10557.0,13234.0,1.0
10565.0,12939.0,1.0
10566.0,20725.0,1.0
10566.0,20912.0,1.0
10571.0,12340.0,1.0
10571.0,17001.0,1.0
10577.0,14006.0,1.0
10577.0,16764.0,1.0
10578.0,11172.0,1.0
10578.0,19195.0,1.0
10579.0,16102.0,1.0
10579.0,19872.0,1.0
10582.0,20802.0,1.0
10585.0,16314.0,1.0
10585.0,16429.0,1.0
10586.0,16630.0,1.0
10586.0,13413.0,1.0
10587.0,15290.0,1.0
10587.0,14409.0,1.0
10590.0,13451.0,1.0
10591.0,10592.0,1.0
10591.0,16504.0,1.0
10595.0,17543.0,1.0
10596.0,16743.0,1.0
10598.0,11276.0,1.0
10598.0,13821.0,1.0
10600.0,10601.0,1.0
10601.0,15978.0,1.0
10601.0,17292.0,1.0
10602.0,10603.0,1.0
10602.0,11293.0,1.0
10602.0,17588.0,1.0
10603.0,11113.0,1.0
10603.0,13735.0,1.0
10605.0,11079.0,1.0
10607.0,12326.0,1.0
10607.0,13197.0,1.0
10608.0,11768.0,1.0
10608.0,15960.0,1.0
10614.0,12145.0,1.0
10615.0,11886.0,1.0
10615.0,16684.0,1.0
10615.0,12641.0,1.0
10619.0,11242.0,1.0
10619.0,14409.0,1.0
10619.0,11654.0,1.0
10621.0,10622.0,1.0
10622.0,13122.0,1.0
10623.0,13228.0,1.0
10631.0,10632.0,1.0
10631.0,12853.0,1.0
10631.0,15810.0,1.0
10632.0,12853.0,1.0
10632.0,16862.0,1.0
10640.0,12982.0,1.0
10640.0,13090.0,1.0
10640.0,10965.0,1.0
10643.0,11026.0,1.0
10645.0,10646.0,1.0
10645.0,13447.0,1.0
10646.0,10994.0,1.0
10649.0,13130.0,1.0
10651.0,10652.0,1.0
10651.0,14772.0,1.0
10652.0,11614.0,1.0
10653.0,14187.0,1.0
10653.0,17503.0,1.0
10657.0,10658.0,1.0
10657.0,17990.0,1.0
10663.0,12836.0,1.0
10663.0,12753.0,1.0
10664.0,10936.0,1.0
10668.0,13220.0,1.0
10670.0,10671.0,1.0
10671.0,12063.0,1.0
10672.0,10673.0,1.0
10672.0,10967.0,1.0
10673.0,13018.0,1.0
10675.0,12235.0,1.0
10676.0,17433.0,1.0
10676.0,13710.0,1.0
10678.0,17440.0,1.0
10680.0,16656.0,1.0
10681.0,10682.0,1.0
10682.0,12209.0,1.0
10685.0,20166.0,1.0
10685.0,18250.0,1.0
10687.0,13418.0,1.0
10687.0,17439.0,1.0
10688.0,14831.0,1.0
10688.0,19994.0,1.0
10691.0,14390.0,1.0
10692.0,13560.0,1.0
10693.0,10694.0,1.0
10694.0,13709.0,1.0
10697.0,10881.0,1.0
10697.0,16412.0,1.0
10699.0,10700.0,1.0
10700.0,11373.0,1.0
10701.0,16892.0,1.0
10707.0,10708.0,1.0
10707.0,14792.0,1.0
10709.0,10710.0,1.0
10709.0,14841.0,1.0
10709.0,16597.0,1.0
10710.0,20314.0,1.0
10710.0,16597.0,1.0
10713.0,10889.0,1.0
10717.0,12672.0,1.0
10717.0,11794.0,1.0
10723.0,14320.0,1.0
10724.0,11776.0,1.0
10724.0,12913.0,1.0
10728.0,11145.0,1.0
10730.0,16471.0,1.0
10730.0,17619.0,1.0
10731.0,16802.0,1.0
10735.0,12737.0,1.0
10736.0,14211.0,1.0
10744.0,17514.0,1.0
10744.0,16355.0,1.0
10747.0,10748.0,1.0
10747.0,13347.0,1.0
10749.0,15295.0,1.0
10751.0,16083.0,1.0
10755.0,11866.0,1.0
10756.0,10757.0,1.0
10756.0,13615.0,1.0
10756.0,13008.0,1.0
10757.0,13677.0,1.0
10760.0,10761.0,1.0
10760.0,11536.0,1.0
10760.0,16827.0,1.0
10764.0,10765.0,1.0
10764.0,12773.0,1.0
10765.0,17699.0,1.0
10768.0,16463.0,1.0
10776.0,11356.0,1.0
10776.0,13406.0,1.0
10776.0,12780.0,1.0
10778.0,16107.0,1.0
10778.0,13406.0,1.0
10779.0,16289.0,1.0
10779.0,16622.0,1.0
10782.0,10783.0,1.0
10782.0,19583.0,1.0
10782.0,20811.0,1.0
10783.0,11825.0,1.0
10784.0,12937.0,1.0
10794.0,12656.0,1.0
10795.0,16422.0,1.0
10798.0,11896.0,1.0
10799.0,13239.0,1.0
10800.0,11313.0,1.0
10801.0,11635.0,1.0
10801.0,14769.0,1.0
10802.0,18980.0,1.0
10803.0,11758.0,1.0
10803.0,14329.0,1.0
10804.0,17110.0,1.0
10807.0,11640.0,1.0
10810.0,10973.0,1.0
10811.0,15124.0,1.0
10811.0,16423.0,1.0
10812.0,14143.0,1.0
10812.0,17178.0,1.0
10813.0,10814.0,1.0
10813.0,13574.0,1.0
10813.0,13553.0,1.0
10814.0,14782.0,1.0
10814.0,16543.0,1.0
10820.0,16396.0,1.0
10826.0,12748.0,1.0
10832.0,13244.0,1.0
10832.0,12986.0,1.0
10834.0,10835.0,1.0
10834.0,14866.0,1.0
10846.0,13682.0,1.0
10847.0,11546.0,1.0
10849.0,16796.0,1.0
10853.0,16764.0,1.0
10855.0,10856.0,1.0
10856.0,17698.0,1.0
10859.0,16520.0,1.0
10861.0,13759.0,1.0
10861.0,16562.0,1.0
10861.0,12994.0,1.0
10873.0,11106.0,1.0
10874.0,10875.0,1.0
10875.0,10994.0,1.0
10875.0,10997.0,1.0
10882.0,19223.0,1.0
10889.0,10890.0,1.0
10890.0,11504.0,1.0
10891.0,10892.0,1.0
10891.0,13376.0,1.0
10892.0,10897.0,1.0
10892.0,14864.0,1.0
10893.0,12952.0,1.0
10895.0,10896.0,1.0
10895.0,15197.0,1.0
10896.0,15197.0,1.0
10896.0,11351.0,1.0
10897.0,14362.0,1.0
10897.0,13376.0,1.0
10900.0,12146.0,1.0
10901.0,16526.0,1.0
10905.0,11630.0,1.0
10907.0,12873.0,1.0
10908.0,17043.0,1.0
10909.0,12939.0,1.0
10913.0,10914.0,1.0
10918.0,17063.0,1.0
10919.0,12055.0,1.0
10919.0,11126.0,1.0
10920.0,12360.0,1.0
10920.0,17227.0,1.0
10920.0,12713.0,1.0
10923.0,16497.0,1.0
10926.0,16951.0,1.0
10936.0,12762.0,1.0
10937.0,10938.0,1.0
10937.0,16455.0,1.0
10937.0,16394.0,1.0
10937.0,15899.0,1.0
10938.0,11272.0,1.0
10939.0,14999.0,1.0
10944.0,13254.0,1.0
10945.0,10946.0,1.0
10945.0,11742.0,1.0
10945.0,16851.0,1.0
10946.0,11819.0,1.0
10946.0,17790.0,1.0
10946.0,17080.0,1.0
10957.0,16828.0,1.0
10958.0,11687.0,1.0
10959.0,10960.0,1.0
10959.0,11264.0,1.0
10963.0,10964.0,1.0
10965.0,10966.0,1.0
10965.0,12650.0,1.0
10966.0,14292.0,1.0
10966.0,13090.0,1.0
10966.0,12186.0,1.0
10967.0,13018.0,1.0
10968.0,12660.0,1.0
10969.0,13770.0,1.0
10969.0,17400.0,1.0
10972.0,12322.0,1.0
10972.0,17731.0,1.0
10973.0,15428.0,1.0
10976.0,10977.0,1.0
10976.0,11660.0,1.0
10977.0,12533.0,1.0
10980.0,17110.0,1.0
10987.0,14597.0,1.0
10988.0,11635.0,1.0
10988.0,13068.0,1.0
10989.0,12163.0,1.0
10991.0,10992.0,1.0
10991.0,12538.0,1.0
10992.0,12635.0,1.0
10992.0,12243.0,1.0
10994.0,12171.0,1.0
10997.0,11318.0,1.0
10998.0,10999.0,1.0
10999.0,13486.0,1.0
11000.0,16546.0,1.0
11003.0,11004.0,1.0
11003.0,16626.0,1.0
11003.0,16777.0,1.0
11004.0,20992.0,1.0
11005.0,16615.0,1.0
11006.0,13169.0,1.0
11006.0,16786.0,1.0
11007.0,11425.0,1.0
11010.0,11011.0,1.0
11010.0,14141.0,1.0
11011.0,17043.0,1.0
11011.0,16514.0,1.0
11021.0,11022.0,1.0
11021.0,13712.0,1.0
11021.0,11417.0,1.0
11022.0,13712.0,1.0
11022.0,16982.0,1.0
11026.0,12150.0,1.0
11027.0,11028.0,1.0
11027.0,11274.0,1.0
11032.0,11033.0,1.0
11032.0,17072.0,1.0
11034.0,18250.0,1.0
11037.0,11621.0,1.0
11040.0,11041.0,1.0
11040.0,11209.0,1.0
11040.0,14882.0,1.0
11041.0,16597.0,1.0
11041.0,14882.0,1.0
11043.0,12826.0,1.0
11044.0,19445.0,1.0
11049.0,11050.0,1.0
11049.0,20971.0,1.0
11050.0,12917.0,1.0
11050.0,14651.0,1.0
11052.0,17419.0,1.0
11058.0,11188.0,1.0
11062.0,12672.0,1.0
11065.0,11066.0,1.0
11065.0,12061.0,1.0
11065.0,12067.0,1.0
11065.0,14896.0,1.0
11066.0,14916.0,1.0
11066.0,12067.0,1.0
11068.0,12344.0,1.0
11068.0,12124.0,1.0
11075.0,11076.0,1.0
11079.0,19987.0,1.0
11082.0,11083.0,1.0
11082.0,12118.0,1.0
11083.0,12784.0,1.0
11083.0,16481.0,1.0
11086.0,16087.0,1.0
11087.0,11088.0,1.0
11087.0,17357.0,1.0
11090.0,17058.0,1.0
11092.0,14051.0,1.0
11093.0,11621.0,1.0
11093.0,13637.0,1.0
11096.0,13450.0,1.0
11096.0,11256.0,1.0
11103.0,16893.0,1.0
11103.0,18013.0,1.0
11103.0,13755.0,1.0
11107.0,12884.0,1.0
11108.0,16396.0,1.0
11110.0,12017.0,1.0
11111.0,11112.0,1.0
11111.0,13084.0,1.0
11111.0,11266.0,1.0
11112.0,16534.0,1.0
11114.0,15887.0,1.0
11114.0,14801.0,1.0
11122.0,12299.0,1.0
11125.0,11863.0,1.0
11125.0,16433.0,1.0
11130.0,11131.0,1.0
11130.0,11966.0,1.0
11133.0,15782.0,1.0
11136.0,11886.0,1.0
11139.0,11140.0,1.0
11141.0,11142.0,1.0
11141.0,14998.0,1.0
11145.0,13011.0,1.0
11146.0,12779.0,1.0
11154.0,11759.0,1.0
11154.0,16344.0,1.0
11155.0,12346.0,1.0
11161.0,12293.0,1.0
11166.0,11167.0,1.0
11166.0,16494.0,1.0
11166.0,16315.0,1.0
11167.0,14259.0,1.0
11177.0,16640.0,1.0
11178.0,13455.0,1.0
11178.0,20401.0,1.0
11182.0,11183.0,1.0
11182.0,16968.0,1.0
11182.0,14413.0,1.0
11182.0,20928.0,1.0
11183.0,14413.0,1.0
11183.0,18532.0,1.0
11187.0,11188.0,1.0
11187.0,16413.0,1.0
11187.0,11601.0,1.0
11188.0,11602.0,1.0
11188.0,18970.0,1.0
11193.0,11194.0,1.0
11193.0,12611.0,1.0
11193.0,13452.0,1.0
11199.0,11200.0,1.0
11200.0,14903.0,1.0
11201.0,11202.0,1.0
11202.0,19635.0,1.0
11204.0,11368.0,1.0
11204.0,17687.0,1.0
11209.0,14882.0,1.0
11210.0,17082.0,1.0
11210.0,12367.0,1.0
11211.0,17711.0,1.0
11224.0,16672.0,1.0
11224.0,16444.0,1.0
11228.0,11229.0,1.0
11228.0,13344.0,1.0
11228.0,15175.0,1.0
11229.0,14920.0,1.0
11229.0,16044.0,1.0
11229.0,16890.0,1.0
11233.0,12588.0,1.0
11237.0,14629.0,1.0
11239.0,20799.0,1.0
11242.0,14117.0,1.0
11243.0,11496.0,1.0
11243.0,13760.0,1.0
11250.0,14255.0,1.0
11250.0,16919.0,1.0
11251.0,12513.0,1.0
11257.0,14120.0,1.0
11262.0,16610.0,1.0
11262.0,12946.0,1.0
11265.0,11266.0,1.0
11265.0,13942.0,1.0
11265.0,13084.0,1.0
11268.0,11832.0,1.0
11268.0,13003.0,1.0
11268.0,19498.0,1.0
11269.0,11342.0,1.0
11269.0,11718.0,1.0
11269.0,11911.0,1.0
11270.0,11618.0,1.0
11270.0,13202.0,1.0
11272.0,20943.0,1.0
11272.0,20944.0,1.0
11272.0,20945.0,1.0
11273.0,11274.0,1.0
11273.0,13984.0,1.0
11273.0,16353.0,1.0
11274.0,14259.0,1.0
11277.0,14062.0,1.0
11280.0,13239.0,1.0
11280.0,13658.0,1.0
11280.0,16478.0,1.0
11286.0,13054.0,1.0
11286.0,17204.0,1.0
11288.0,12875.0,1.0
11288.0,13834.0,1.0
11289.0,12218.0,1.0
11289.0,13452.0,1.0
11293.0,11373.0,1.0
11295.0,16289.0,1.0
11298.0,12851.0,1.0
11298.0,16951.0,1.0
11300.0,11301.0,1.0
11301.0,11539.0,1.0
11303.0,11304.0,1.0
11303.0,14285.0,1.0
11304.0,19306.0,1.0
11305.0,11306.0,1.0
11306.0,11581.0,1.0
11307.0,12867.0,1.0
11307.0,12701.0,1.0
11310.0,12536.0,1.0
11312.0,11313.0,1.0
11315.0,11316.0,1.0
11316.0,19433.0,1.0
11318.0,11319.0,1.0
11318.0,12171.0,1.0
11319.0,12000.0,1.0
11325.0,16160.0,1.0
11329.0,18981.0,1.0
11338.0,11748.0,1.0
11338.0,12277.0,1.0
11339.0,13308.0,1.0
11339.0,16688.0,1.0
11340.0,12952.0,1.0
11342.0,12124.0,1.0
11343.0,14874.0,1.0
11344.0,11345.0,1.0
11344.0,16736.0,1.0
11344.0,19366.0,1.0
11345.0,11645.0,1.0
11347.0,13171.0,1.0
11348.0,17447.0,1.0
11356.0,14683.0,1.0
11357.0,17042.0,1.0
11369.0,13303.0,1.0
11377.0,11820.0,1.0
11384.0,11385.0,1.0
11384.0,15974.0,1.0
11384.0,16907.0,1.0
11393.0,14080.0,1.0
11393.0,17718.0,1.0
11395.0,12303.0,1.0
11399.0,11876.0,1.0
11399.0,20190.0,1.0
11405.0,13289.0,1.0
11408.0,16514.0,1.0
11414.0,16769.0,1.0
11417.0,13514.0,1.0
11419.0,13919.0,1.0
11419.0,19793.0,1.0
11421.0,11422.0,1.0
11421.0,15315.0,1.0
11422.0,14234.0,1.0
11423.0,17633.0,1.0
11423.0,17733.0,1.0
11425.0,18310.0,1.0
11426.0,16988.0,1.0
11426.0,17624.0,1.0
11427.0,16551.0,1.0
11428.0,19013.0,1.0
11429.0,14155.0,1.0
11431.0,12477.0,1.0
11432.0,11433.0,1.0
11432.0,13369.0,1.0
11433.0,12219.0,1.0
11438.0,17680.0,1.0
11438.0,20995.0,1.0
11446.0,14363.0,1.0
11447.0,16564.0,1.0
11449.0,14897.0,1.0
11449.0,12126.0,1.0
11450.0,12434.0,1.0
11450.0,12592.0,1.0
11452.0,16515.0,1.0
11456.0,11457.0,1.0
11459.0,12291.0,1.0
11459.0,12163.0,1.0
11463.0,11464.0,1.0
11463.0,12997.0,1.0
11464.0,12699.0,1.0
11466.0,11467.0,1.0
11466.0,15966.0,1.0
11467.0,15468.0,1.0
11467.0,16255.0,1.0
11468.0,13122.0,1.0
11473.0,18344.0,1.0
11474.0,11475.0,1.0
11475.0,13074.0,1.0
11493.0,11494.0,1.0
11493.0,14903.0,1.0
11504.0,11975.0,1.0
11505.0,13761.0,1.0
11506.0,11507.0,1.0
11506.0,13054.0,1.0
11507.0,12623.0,1.0
11507.0,13054.0,1.0
11507.0,18315.0,1.0
11516.0,11517.0,1.0
11516.0,15800.0,1.0
11520.0,13458.0,1.0
11523.0,11524.0,1.0
11523.0,13751.0,1.0
11528.0,16942.0,1.0
11532.0,11843.0,1.0
11532.0,13978.0,1.0
11533.0,13414.0,1.0
11533.0,16894.0,1.0
11534.0,11612.0,1.0
11534.0,14249.0,1.0
11537.0,13305.0,1.0
11539.0,16942.0,1.0
11542.0,16592.0,1.0
11543.0,11544.0,1.0
11543.0,16235.0,1.0
11544.0,16235.0,1.0
11546.0,14705.0,1.0
11555.0,16492.0,1.0
11555.0,11742.0,1.0
11556.0,11557.0,1.0
11558.0,15043.0,1.0
11562.0,11563.0,1.0
11562.0,12218.0,1.0
11563.0,16112.0,1.0
11569.0,11570.0,1.0
11573.0,18980.0,1.0
11573.0,13605.0,1.0
11579.0,11580.0,1.0
11579.0,12686.0,1.0
11579.0,15652.0,1.0
11580.0,11726.0,1.0
11580.0,15652.0,1.0
11581.0,14515.0,1.0
11582.0,11980.0,1.0
11582.0,15937.0,1.0
11583.0,13255.0,1.0
11585.0,11586.0,1.0
11585.0,14717.0,1.0
11585.0,14393.0,1.0
11586.0,11969.0,1.0
11593.0,17744.0,1.0
11593.0,14260.0,1.0
11596.0,11597.0,1.0
11596.0,16872.0,1.0
11596.0,13103.0,1.0
11597.0,11624.0,1.0
11601.0,11602.0,1.0
11602.0,16668.0,1.0
11602.0,17855.0,1.0
11604.0,12852.0,1.0
11604.0,20872.0,1.0
11606.0,14507.0,1.0
11606.0,17598.0,1.0
11611.0,11612.0,1.0
11611.0,12228.0,1.0
11612.0,11657.0,1.0
11614.0,14772.0,1.0
11614.0,16934.0,1.0
11617.0,15017.0,1.0
11617.0,14888.0,1.0
11624.0,16872.0,1.0
11625.0,11626.0,1.0
11625.0,11885.0,1.0
11626.0,14105.0,1.0
11626.0,16309.0,1.0
11627.0,12412.0,1.0
11627.0,16251.0,1.0
11628.0,12145.0,1.0
11629.0,15124.0,1.0
11631.0,16409.0,1.0
11635.0,13175.0,1.0
11636.0,16359.0,1.0
11639.0,16743.0,1.0
11640.0,16450.0,1.0
11643.0,12052.0,1.0
11643.0,16581.0,1.0
11645.0,14222.0,1.0
11645.0,19366.0,1.0
11653.0,11654.0,1.0
11653.0,15236.0,1.0
11654.0,20993.0,1.0
11656.0,16524.0,1.0
11657.0,13788.0,1.0
11657.0,14249.0,1.0
11659.0,17722.0,1.0
11660.0,12533.0,1.0
11660.0,19409.0,1.0
11661.0,11662.0,1.0
11661.0,13825.0,1.0
11661.0,16806.0,1.0
11661.0,19524.0,1.0
11662.0,17092.0,1.0
11663.0,12737.0,1.0
11668.0,11669.0,1.0
11668.0,20160.0,1.0
11671.0,13371.0,1.0
11672.0,11673.0,1.0
11672.0,17525.0,1.0
11673.0,14217.0,1.0
11675.0,14084.0,1.0
11678.0,15830.0,1.0
11681.0,11682.0,1.0
11681.0,17275.0,1.0
11681.0,17274.0,1.0
11682.0,17272.0,1.0
11684.0,11685.0,1.0
11685.0,12694.0,1.0
11687.0,16870.0,1.0
11688.0,13404.0,1.0
11691.0,11692.0,1.0
11691.0,13822.0,1.0
11701.0,11702.0,1.0
11701.0,14999.0,1.0
11702.0,12273.0,1.0
11706.0,13554.0,1.0
11710.0,12972.0,1.0
11712.0,14892.0,1.0
11712.0,16914.0,1.0
11715.0,14040.0,1.0
11716.0,13128.0,1.0
11718.0,12124.0,1.0
11718.0,16828.0,1.0
11720.0,15251.0,1.0
11726.0,16516.0,1.0
11726.0,12472.0,1.0
11728.0,16608.0,1.0
11729.0,17468.0,1.0
11733.0,14485.0,1.0
11736.0,14873.0,1.0
11736.0,13778.0,1.0
11737.0,11738.0,1.0
11737.0,13218.0,1.0
11737.0,15298.0,1.0
11738.0,13756.0,1.0
11739.0,11740.0,1.0
11742.0,13300.0,1.0
11742.0,11819.0,1.0
11744.0,11745.0,1.0
11744.0,12443.0,1.0
11745.0,12444.0,1.0
11747.0,14606.0,1.0
11748.0,14377.0,1.0
11748.0,16108.0,1.0
11749.0,13574.0,1.0
11756.0,12088.0,1.0
11757.0,11758.0,1.0
11757.0,12725.0,1.0
11757.0,13170.0,1.0
11758.0,12497.0,1.0
11759.0,12407.0,1.0
11760.0,13371.0,1.0
11763.0,11764.0,1.0
11764.0,13134.0,1.0
11765.0,19935.0,1.0
11765.0,20763.0,1.0
11767.0,11768.0,1.0
11767.0,13364.0,1.0
11768.0,20181.0,1.0
11769.0,18250.0,1.0
11774.0,12050.0,1.0
11777.0,11778.0,1.0
11777.0,16613.0,1.0
11777.0,16819.0,1.0
11778.0,12604.0,1.0
11778.0,14769.0,1.0
11780.0,17978.0,1.0
11790.0,11791.0,1.0
11790.0,13377.0,1.0
11791.0,13275.0,1.0
11793.0,12638.0,1.0
11794.0,11795.0,1.0
11798.0,16454.0,1.0
11798.0,16481.0,1.0
11799.0,13233.0,1.0
11799.0,15706.0,1.0
11799.0,15711.0,1.0
11800.0,14210.0,1.0
11803.0,13664.0,1.0
11805.0,16855.0,1.0
11808.0,11809.0,1.0
11808.0,12107.0,1.0
11808.0,17078.0,1.0
11809.0,13743.0,1.0
11816.0,11817.0,1.0
11816.0,11918.0,1.0
11816.0,16711.0,1.0
11818.0,11819.0,1.0
11818.0,13300.0,1.0
11818.0,16969.0,1.0
11819.0,16970.0,1.0
11820.0,15474.0,1.0
11821.0,11822.0,1.0
11821.0,16381.0,1.0
11821.0,14693.0,1.0
11823.0,11824.0,1.0
11824.0,12760.0,1.0
11824.0,12659.0,1.0
11825.0,12116.0,1.0
11825.0,20819.0,1.0
11826.0,11827.0,1.0
11826.0,13244.0,1.0
11827.0,13644.0,1.0
11827.0,17443.0,1.0
11828.0,16494.0,1.0
11831.0,17632.0,1.0
11831.0,12524.0,1.0
11832.0,12315.0,1.0
11833.0,16454.0,1.0
11835.0,15720.0,1.0
11835.0,13377.0,1.0
11836.0,13115.0,1.0
11839.0,14876.0,1.0
11840.0,14723.0,1.0
11851.0,12721.0,1.0
11853.0,14718.0,1.0
11855.0,11856.0,1.0
11855.0,14205.0,1.0
11857.0,11882.0,1.0
11857.0,17807.0,1.0
11857.0,19188.0,1.0
11858.0,12121.0,1.0
11863.0,15440.0,1.0
11869.0,12044.0,1.0
11869.0,14666.0,1.0
11874.0,13681.0,1.0
11874.0,16615.0,1.0
11876.0,20177.0,1.0
11881.0,11882.0,1.0
11882.0,19188.0,1.0
11882.0,12786.0,1.0
11884.0,12754.0,1.0
11884.0,16106.0,1.0
11885.0,16309.0,1.0
11885.0,15991.0,1.0
11893.0,17872.0,1.0
11894.0,13904.0,1.0
11896.0,14651.0,1.0
11897.0,12838.0,1.0
11897.0,13487.0,1.0
11898.0,12856.0,1.0
11898.0,15286.0,1.0
11901.0,11902.0,1.0
11902.0,13369.0,1.0
11902.0,16131.0,1.0
11906.0,16367.0,1.0
11907.0,14776.0,1.0
11909.0,16429.0,1.0
11910.0,17511.0,1.0
11910.0,17538.0,1.0
11912.0,20192.0,1.0
11915.0,21047.0,1.0
11919.0,16473.0,1.0
11920.0,12655.0,1.0
11924.0,11925.0,1.0
11924.0,16331.0,1.0
11925.0,17875.0,1.0
11925.0,18136.0,1.0
11926.0,16504.0,1.0
11927.0,11928.0,1.0
11927.0,17700.0,1.0
11928.0,13241.0,1.0
11928.0,16763.0,1.0
11934.0,12382.0,1.0
11935.0,20436.0,1.0
11939.0,14281.0,1.0
11941.0,11942.0,1.0
11941.0,16250.0,1.0
11942.0,12935.0,1.0
11942.0,19181.0,1.0
11948.0,11949.0,1.0
11949.0,14325.0,1.0
11950.0,14606.0,1.0
11956.0,14646.0,1.0
11958.0,11959.0,1.0
11958.0,19936.0,1.0
11962.0,13067.0,1.0
11966.0,17531.0,1.0
11969.0,13714.0,1.0
11970.0,12414.0,1.0
11970.0,21130.0,1.0
11971.0,11972.0,1.0
11971.0,14658.0,1.0
11971.0,17968.0,1.0
11972.0,12005.0,1.0
11974.0,11975.0,1.0
11975.0,18240.0,1.0
11976.0,11977.0,1.0
11977.0,13981.0,1.0
11978.0,12972.0,1.0
11979.0,13701.0,1.0
11984.0,12747.0,1.0
11984.0,12347.0,1.0
11987.0,11988.0,1.0
11987.0,15048.0,1.0
11991.0,16766.0,1.0
11991.0,12934.0,1.0
12002.0,13313.0,1.0
12004.0,16328.0,1.0
12007.0,12008.0,1.0
12007.0,12860.0,1.0
12013.0,13606.0,1.0
12013.0,20687.0,1.0
12014.0,13365.0,1.0
12017.0,20701.0,1.0
12018.0,14334.0,1.0
12022.0,12521.0,1.0
12022.0,13979.0,1.0
12023.0,12024.0,1.0
12023.0,20975.0,1.0
12024.0,13980.0,1.0
12028.0,16637.0,1.0
12029.0,14801.0,1.0
12030.0,12031.0,1.0
12030.0,16783.0,1.0
12036.0,12037.0,1.0
12040.0,12041.0,1.0
12040.0,12698.0,1.0
12040.0,16125.0,1.0
12042.0,16401.0,1.0
12042.0,17503.0,1.0
12047.0,13527.0,1.0
12049.0,12050.0,1.0
12052.0,16473.0,1.0
12055.0,12209.0,1.0
12058.0,12293.0,1.0
12061.0,15547.0,1.0
12061.0,14311.0,1.0
12063.0,20161.0,1.0
12064.0,12065.0,1.0
12064.0,13332.0,1.0
12064.0,16337.0,1.0
12065.0,16578.0,1.0
12065.0,17562.0,1.0
12066.0,16795.0,1.0
12067.0,14037.0,1.0
12067.0,14311.0,1.0
12072.0,20337.0,1.0
12081.0,12292.0,1.0
12081.0,12164.0,1.0
12083.0,14092.0,1.0
12083.0,13763.0,1.0
12089.0,16623.0,1.0
12090.0,14264.0,1.0
12090.0,16457.0,1.0
12090.0,17170.0,1.0
12100.0,12101.0,1.0
12100.0,14811.0,1.0
12101.0,12988.0,1.0
12101.0,12409.0,1.0
12104.0,16396.0,1.0
12107.0,14541.0,1.0
12114.0,12115.0,1.0
12115.0,15160.0,1.0
12116.0,13881.0,1.0
12118.0,12784.0,1.0
12119.0,16626.0,1.0
12119.0,14066.0,1.0
12120.0,13221.0,1.0
12122.0,13043.0,1.0
12124.0,12125.0,1.0
12125.0,16828.0,1.0
12126.0,12127.0,1.0
12128.0,12129.0,1.0
12128.0,14033.0,1.0
12128.0,14386.0,1.0
12129.0,15923.0,1.0
12138.0,12139.0,1.0
12147.0,12246.0,1.0
12150.0,12197.0,1.0
12151.0,12703.0,1.0
12153.0,12269.0,1.0
12153.0,15439.0,1.0
12153.0,20849.0,1.0
12157.0,12158.0,1.0
12157.0,12582.0,1.0
12159.0,12160.0,1.0
12159.0,14916.0,1.0
12164.0,12490.0,1.0
12169.0,14134.0,1.0
12174.0,19178.0,1.0
12182.0,14454.0,1.0
12184.0,17452.0,1.0
12186.0,12187.0,1.0
12193.0,16632.0,1.0
12194.0,13528.0,1.0
12197.0,19347.0,1.0
12211.0,12907.0,1.0
12217.0,12218.0,1.0
12217.0,16125.0,1.0
12219.0,20229.0,1.0
12221.0,13617.0,1.0
12222.0,12600.0,1.0
12222.0,12784.0,1.0
12225.0,15710.0,1.0
12225.0,15711.0,1.0
12230.0,16547.0,1.0
12230.0,16882.0,1.0
12231.0,13617.0,1.0
12231.0,19123.0,1.0
12233.0,12658.0,1.0
12233.0,13907.0,1.0
12240.0,12241.0,1.0
12241.0,12710.0,1.0
12241.0,16632.0,1.0
12246.0,13144.0,1.0
12247.0,14515.0,1.0
12253.0,12254.0,1.0
12253.0,17386.0,1.0
12253.0,17364.0,1.0
12254.0,17259.0,1.0
12254.0,17415.0,1.0
12254.0,15351.0,1.0
12255.0,12256.0,1.0
12255.0,14835.0,1.0
12255.0,16076.0,1.0
12256.0,20095.0,1.0
12257.0,17260.0,1.0
12257.0,17359.0,1.0
12263.0,12264.0,1.0
12263.0,13156.0,1.0
12263.0,13197.0,1.0
12264.0,13358.0,1.0
12264.0,13479.0,1.0
12269.0,17903.0,1.0
12270.0,13929.0,1.0
12272.0,12428.0,1.0
12273.0,13851.0,1.0
12280.0,12281.0,1.0
12280.0,12582.0,1.0
12280.0,16120.0,1.0
12286.0,16893.0,1.0
12287.0,20392.0,1.0
12287.0,17778.0,1.0
12287.0,14550.0,1.0
12292.0,20289.0,1.0
12292.0,20985.0,1.0
12299.0,13795.0,1.0
12303.0,12304.0,1.0
12303.0,17231.0,1.0
12308.0,12309.0,1.0
12329.0,13672.0,1.0
12329.0,17089.0,1.0
12333.0,13953.0,1.0
12333.0,16972.0,1.0
12334.0,13780.0,1.0
12337.0,15445.0,1.0
12340.0,12341.0,1.0
12343.0,12868.0,1.0
12344.0,12376.0,1.0
12345.0,17656.0,1.0
12347.0,14155.0,1.0
12347.0,16126.0,1.0
12353.0,13605.0,1.0
12355.0,16759.0,1.0
12355.0,15472.0,1.0
12360.0,12713.0,1.0
12360.0,21187.0,1.0
12367.0,15897.0,1.0
12367.0,16723.0,1.0
12368.0,16503.0,1.0
12371.0,12372.0,1.0
12372.0,12402.0,1.0
12372.0,13109.0,1.0
12373.0,15658.0,1.0
12373.0,16030.0,1.0
12375.0,20435.0,1.0
12375.0,20437.0,1.0
12376.0,17967.0,1.0
12380.0,14627.0,1.0
12382.0,16853.0,1.0
12384.0,14386.0,1.0
12384.0,18153.0,1.0
12385.0,17770.0,1.0
12387.0,12388.0,1.0
12387.0,14088.0,1.0
12387.0,13630.0,1.0
12390.0,12391.0,1.0
12391.0,12991.0,1.0
12402.0,13479.0,1.0
12402.0,14630.0,1.0
12404.0,13901.0,1.0
12404.0,14040.0,1.0
12415.0,17706.0,1.0
12420.0,13030.0,1.0
12421.0,17461.0,1.0
12421.0,17388.0,1.0
12422.0,12423.0,1.0
12423.0,17273.0,1.0
12426.0,13531.0,1.0
12428.0,12705.0,1.0
12429.0,13711.0,1.0
12429.0,16819.0,1.0
12432.0,12433.0,1.0
12432.0,12579.0,1.0
12433.0,13912.0,1.0
12434.0,16356.0,1.0
12435.0,13976.0,1.0
12438.0,16404.0,1.0
12442.0,13817.0,1.0
12443.0,12444.0,1.0
12448.0,12449.0,1.0
12470.0,12471.0,1.0
12471.0,16651.0,1.0
12471.0,17537.0,1.0
12472.0,16473.0,1.0
12475.0,14870.0,1.0
12475.0,16548.0,1.0
12478.0,12479.0,1.0
12479.0,17378.0,1.0
12480.0,13099.0,1.0
12481.0,17010.0,1.0
12481.0,20658.0,1.0
12482.0,15073.0,1.0
12483.0,15159.0,1.0
12486.0,13734.0,1.0
12486.0,15717.0,1.0
12495.0,14105.0,1.0
12495.0,16452.0,1.0
12501.0,18560.0,1.0
12501.0,17860.0,1.0
12507.0,13451.0,1.0
12507.0,16653.0,1.0
12509.0,12669.0,1.0
12509.0,20802.0,1.0
12511.0,16500.0,1.0
12513.0,12876.0,1.0
12519.0,18456.0,1.0
12522.0,12523.0,1.0
12522.0,20591.0,1.0
12522.0,15008.0,1.0
12523.0,17754.0,1.0
12524.0,16712.0,1.0
12527.0,12528.0,1.0
12527.0,13183.0,1.0
12527.0,20333.0,1.0
12527.0,16902.0,1.0
12528.0,12746.0,1.0
12528.0,13467.0,1.0
12529.0,17674.0,1.0
12532.0,15159.0,1.0
12533.0,19407.0,1.0
12535.0,14831.0,1.0
12535.0,14965.0,1.0
12535.0,19994.0,1.0
12536.0,17276.0,1.0
12543.0,12544.0,1.0
12543.0,16587.0,1.0
12545.0,12546.0,1.0
12545.0,13785.0,1.0
12546.0,12743.0,1.0
12546.0,20686.0,1.0
12551.0,16396.0,1.0
12552.0,12553.0,1.0
12553.0,16056.0,1.0
12554.0,12555.0,1.0
12557.0,12584.0,1.0
12559.0,14357.0,1.0
12559.0,20252.0,1.0
12571.0,13999.0,1.0
12573.0,14848.0,1.0
12574.0,12575.0,1.0
12577.0,12578.0,1.0
12577.0,16968.0,1.0
12578.0,16742.0,1.0
12579.0,14179.0,1.0
12580.0,13012.0,1.0
12580.0,16670.0,1.0
12581.0,17894.0,1.0
12583.0,14374.0,1.0
12584.0,17902.0,1.0
12584.0,19249.0,1.0
12589.0,17439.0,1.0
12592.0,17888.0,1.0
12593.0,12594.0,1.0
12593.0,13310.0,1.0
12595.0,16798.0,1.0
12600.0,16619.0,1.0
12603.0,16472.0,1.0
12604.0,16613.0,1.0
12605.0,16728.0,1.0
12605.0,14352.0,1.0
12609.0,15871.0,1.0
12609.0,17286.0,1.0
12611.0,16109.0,1.0
12612.0,16428.0,1.0
12613.0,13523.0,1.0
12613.0,12615.0,1.0
12615.0,12616.0,1.0
12615.0,13536.0,1.0
12616.0,13537.0,1.0
12616.0,19437.0,1.0
12618.0,13755.0,1.0
12618.0,20303.0,1.0
12623.0,17204.0,1.0
12624.0,12625.0,1.0
12624.0,14628.0,1.0
12625.0,15581.0,1.0
12626.0,19512.0,1.0
12634.0,17669.0,1.0
12641.0,12642.0,1.0
12642.0,15556.0,1.0
12646.0,16126.0,1.0
12650.0,14093.0,1.0
12650.0,13778.0,1.0
12651.0,14718.0,1.0
12651.0,16550.0,1.0
12652.0,16660.0,1.0
12652.0,18307.0,1.0
12655.0,14282.0,1.0
12657.0,13425.0,1.0
12658.0,16997.0,1.0
12659.0,13409.0,1.0
12665.0,12666.0,1.0
12665.0,19136.0,1.0
12665.0,19182.0,1.0
12666.0,15551.0,1.0
12666.0,19196.0,1.0
12666.0,13643.0,1.0
12672.0,12934.0,1.0
12676.0,16401.0,1.0
12678.0,17007.0,1.0
12681.0,18023.0,1.0
12688.0,12689.0,1.0
12693.0,12694.0,1.0
12697.0,12698.0,1.0
12699.0,13413.0,1.0
12703.0,12704.0,1.0
12703.0,12814.0,1.0
12705.0,14901.0,1.0
12708.0,13770.0,1.0
12710.0,15127.0,1.0
12711.0,13042.0,1.0
12712.0,12713.0,1.0
12714.0,13105.0,1.0
12718.0,14030.0,1.0
12718.0,14752.0,1.0
12719.0,12720.0,1.0
12725.0,14329.0,1.0
12725.0,18202.0,1.0
12725.0,20979.0,1.0
12727.0,14879.0,1.0
12728.0,14444.0,1.0
12728.0,12868.0,1.0
12728.0,13882.0,1.0
12731.0,17513.0,1.0
12732.0,16751.0,1.0
12738.0,12739.0,1.0
12738.0,14603.0,1.0
12741.0,12941.0,1.0
12743.0,16795.0,1.0
12743.0,13633.0,1.0
12746.0,13183.0,1.0
12746.0,13902.0,1.0
12746.0,14438.0,1.0
12748.0,13478.0,1.0
12749.0,13107.0,1.0
12749.0,14273.0,1.0
12751.0,16846.0,1.0
12753.0,12838.0,1.0
12755.0,13598.0,1.0
12755.0,16076.0,1.0
12761.0,13464.0,1.0
12761.0,14066.0,1.0
12763.0,15982.0,1.0
12766.0,16085.0,1.0
12771.0,13842.0,1.0
12772.0,17532.0,1.0
12772.0,18022.0,1.0
12773.0,12774.0,1.0
12773.0,15535.0,1.0
12775.0,13224.0,1.0
12780.0,13406.0,1.0
12782.0,12783.0,1.0
12782.0,15302.0,1.0
12782.0,15293.0,1.0
12782.0,14538.0,1.0
12783.0,12823.0,1.0
12784.0,16619.0,1.0
12786.0,14205.0,1.0
12792.0,14051.0,1.0
12798.0,12799.0,1.0
12799.0,13708.0,1.0
12799.0,13887.0,1.0
12805.0,12806.0,1.0
12806.0,14890.0,1.0
12812.0,13916.0,1.0
12812.0,14213.0,1.0
12813.0,12814.0,1.0
12815.0,12816.0,1.0
12818.0,14244.0,1.0
12821.0,12822.0,1.0
12822.0,13032.0,1.0
12823.0,13756.0,1.0
12825.0,17034.0,1.0
12825.0,13681.0,1.0
12832.0,12833.0,1.0
12834.0,17210.0,1.0
12834.0,17211.0,1.0
12835.0,13151.0,1.0
12835.0,19338.0,1.0
12836.0,12838.0,1.0
12836.0,14121.0,1.0
12837.0,17998.0,1.0
12839.0,12840.0,1.0
12839.0,17017.0,1.0
12839.0,20086.0,1.0
12840.0,16370.0,1.0
12840.0,16351.0,1.0
12852.0,20874.0,1.0
12852.0,17278.0,1.0
12853.0,12854.0,1.0
12853.0,16940.0,1.0
12854.0,14539.0,1.0
12854.0,16940.0,1.0
12855.0,15976.0,1.0
12855.0,17969.0,1.0
12856.0,15339.0,1.0
12856.0,14485.0,1.0
12857.0,16392.0,1.0
12860.0,13146.0,1.0
12867.0,18000.0,1.0
12867.0,13711.0,1.0
12868.0,13882.0,1.0
12874.0,14428.0,1.0
12875.0,17076.0,1.0
12878.0,13647.0,1.0
12878.0,20858.0,1.0
12878.0,20859.0,1.0
12883.0,16509.0,1.0
12883.0,16965.0,1.0
12884.0,13015.0,1.0
12884.0,19830.0,1.0
12886.0,16703.0,1.0
12891.0,14815.0,1.0
12892.0,12948.0,1.0
12894.0,16419.0,1.0
12897.0,20457.0,1.0
12907.0,14627.0,1.0
12908.0,12909.0,1.0
12909.0,16443.0,1.0
12913.0,13434.0,1.0
12914.0,12915.0,1.0
12915.0,18143.0,1.0
12917.0,13799.0,1.0
12928.0,14723.0,1.0
12931.0,13886.0,1.0
12935.0,16250.0,1.0
12937.0,13215.0,1.0
12939.0,15130.0,1.0
12940.0,12941.0,1.0
12941.0,14200.0,1.0
12951.0,12952.0,1.0
12953.0,12954.0,1.0
12953.0,16517.0,1.0
12957.0,20608.0,1.0
12965.0,13414.0,1.0
12969.0,12980.0,1.0
12973.0,14004.0,1.0
12977.0,16417.0,1.0
12977.0,14845.0,1.0
12980.0,17109.0,1.0
12981.0,13918.0,1.0
12986.0,14699.0,1.0
12991.0,12992.0,1.0
12991.0,16104.0,1.0
12992.0,13548.0,1.0
12996.0,14231.0,1.0
12997.0,13021.0,1.0
13003.0,15950.0,1.0
13006.0,13007.0,1.0
13006.0,17108.0,1.0
13011.0,16592.0,1.0
13015.0,13016.0,1.0
13017.0,17909.0,1.0
13018.0,14208.0,1.0
13019.0,16635.0,1.0
13020.0,13021.0,1.0
13020.0,15143.0,1.0
13020.0,15534.0,1.0
13021.0,15087.0,1.0
13026.0,13027.0,1.0
13031.0,13032.0,1.0
13032.0,14462.0,1.0
13034.0,13313.0,1.0
13034.0,13937.0,1.0
13037.0,14011.0,1.0
13040.0,14678.0,1.0
13040.0,20759.0,1.0
13041.0,15185.0,1.0
13041.0,15192.0,1.0
13042.0,17855.0,1.0
13042.0,18970.0,1.0
13043.0,17943.0,1.0
13044.0,13045.0,1.0
13045.0,16094.0,1.0
13046.0,13482.0,1.0
13047.0,17051.0,1.0
13047.0,17119.0,1.0
13053.0,13111.0,1.0
13058.0,17123.0,1.0
13061.0,13855.0,1.0
13061.0,20461.0,1.0
13066.0,20170.0,1.0
13066.0,20173.0,1.0
13067.0,14489.0,1.0
13075.0,13076.0,1.0
13075.0,17777.0,1.0
13077.0,13078.0,1.0
13077.0,14103.0,1.0
13080.0,13081.0,1.0
13084.0,17675.0,1.0
13088.0,13089.0,1.0
13088.0,16854.0,1.0
13089.0,14199.0,1.0
13091.0,19476.0,1.0
13097.0,20776.0,1.0
13097.0,20773.0,1.0
13099.0,13405.0,1.0
13103.0,13104.0,1.0
13103.0,13854.0,1.0
13103.0,16963.0,1.0
13110.0,14520.0,1.0
13126.0,15140.0,1.0
13126.0,17776.0,1.0
13128.0,13592.0,1.0
13129.0,16443.0,1.0
13130.0,16783.0,1.0
13131.0,16560.0,1.0
13131.0,13794.0,1.0
13132.0,19621.0,1.0
13132.0,14875.0,1.0
13133.0,13134.0,1.0
13138.0,13501.0,1.0
13144.0,13145.0,1.0
13144.0,17726.0,1.0
13146.0,13619.0,1.0
13158.0,13159.0,1.0
13158.0,16316.0,1.0
13158.0,16337.0,1.0
13159.0,13459.0,1.0
13159.0,16578.0,1.0
13166.0,13167.0,1.0
13166.0,13606.0,1.0
13166.0,16400.0,1.0
13167.0,16611.0,1.0
13167.0,16400.0,1.0
13169.0,17003.0,1.0
13171.0,14282.0,1.0
13173.0,15444.0,1.0
13173.0,15440.0,1.0
13175.0,16819.0,1.0
13179.0,14192.0,1.0
13182.0,17081.0,1.0
13183.0,17031.0,1.0
13183.0,17790.0,1.0
13187.0,14148.0,1.0
13190.0,13191.0,1.0
13191.0,21177.0,1.0
13195.0,14009.0,1.0
13196.0,18441.0,1.0
13211.0,13212.0,1.0
13213.0,13903.0,1.0
13213.0,18989.0,1.0
13219.0,14235.0,1.0
13219.0,20454.0,1.0
13220.0,14679.0,1.0
13221.0,14179.0,1.0
13224.0,13844.0,1.0
13227.0,16123.0,1.0
13228.0,13710.0,1.0
13230.0,13885.0,1.0
13230.0,16925.0,1.0
13232.0,13233.0,1.0
13232.0,13642.0,1.0
13232.0,15649.0,1.0
13232.0,17361.0,1.0
13233.0,15706.0,1.0
13233.0,15711.0,1.0
13234.0,16779.0,1.0
13236.0,15461.0,1.0
13236.0,15460.0,1.0
13238.0,13755.0,1.0
13241.0,14095.0,1.0
13244.0,14613.0,1.0
13247.0,13248.0,1.0
13247.0,13775.0,1.0
13247.0,16248.0,1.0
13248.0,16748.0,1.0
13248.0,18225.0,1.0
13252.0,13566.0,1.0
13255.0,16773.0,1.0
13257.0,13258.0,1.0
13257.0,16294.0,1.0
13257.0,16812.0,1.0
13261.0,20199.0,1.0
13261.0,20204.0,1.0
13263.0,16582.0,1.0
13265.0,16968.0,1.0
13265.0,20928.0,1.0
13272.0,16906.0,1.0
13275.0,13276.0,1.0
13275.0,13377.0,1.0
13276.0,13955.0,1.0
13283.0,13284.0,1.0
13284.0,15217.0,1.0
13285.0,20895.0,1.0
13295.0,13428.0,1.0
13299.0,17633.0,1.0
13301.0,18294.0,1.0
13303.0,21040.0,1.0
13304.0,14806.0,1.0
13305.0,16674.0,1.0
13308.0,14523.0,1.0
13309.0,13310.0,1.0
13310.0,13437.0,1.0
13311.0,13312.0,1.0
13311.0,16384.0,1.0
13312.0,16384.0,1.0
13315.0,13647.0,1.0
13316.0,14304.0,1.0
13319.0,14255.0,1.0
13327.0,13328.0,1.0
13327.0,13625.0,1.0
13330.0,17765.0,1.0
13331.0,19444.0,1.0
13332.0,16318.0,1.0
13335.0,13336.0,1.0
13335.0,14273.0,1.0
13336.0,14165.0,1.0
13336.0,13368.0,1.0
13344.0,19402.0,1.0
13348.0,14246.0,1.0
13349.0,13905.0,1.0
13350.0,14596.0,1.0
13352.0,13353.0,1.0
13352.0,14005.0,1.0
13353.0,14546.0,1.0
13354.0,13355.0,1.0
13355.0,14131.0,1.0
13359.0,16764.0,1.0
13359.0,13851.0,1.0
13362.0,16561.0,1.0
13363.0,19443.0,1.0
13364.0,18127.0,1.0
13366.0,16072.0,1.0
13367.0,16810.0,1.0
13368.0,13492.0,1.0
13369.0,16013.0,1.0
13375.0,13376.0,1.0
13375.0,19130.0,1.0
13376.0,16533.0,1.0
13377.0,15720.0,1.0
13380.0,13381.0,1.0
13380.0,15552.0,1.0
13383.0,14008.0,1.0
13383.0,17359.0,1.0
13392.0,16370.0,1.0
13394.0,20721.0,1.0
13396.0,14846.0,1.0
13398.0,15104.0,1.0
13404.0,17060.0,1.0
13411.0,13919.0,1.0
13411.0,14907.0,1.0
13418.0,15445.0,1.0
13425.0,17693.0,1.0
13435.0,13436.0,1.0
13435.0,14160.0,1.0
13437.0,13502.0,1.0
13438.0,20310.0,1.0
13438.0,20315.0,1.0
13439.0,16811.0,1.0
13439.0,14231.0,1.0
13455.0,13456.0,1.0
13456.0,14677.0,1.0
13456.0,17226.0,1.0
13456.0,19522.0,1.0
13458.0,14751.0,1.0
13459.0,13460.0,1.0
13459.0,14775.0,1.0
13460.0,17561.0,1.0
13468.0,14813.0,1.0
13486.0,13924.0,1.0
13487.0,13903.0,1.0
13492.0,14165.0,1.0
13496.0,13497.0,1.0
13496.0,17147.0,1.0
13496.0,17255.0,1.0
13497.0,17145.0,1.0
13497.0,15718.0,1.0
13500.0,14739.0,1.0
13501.0,14277.0,1.0
13504.0,13931.0,1.0
13504.0,16444.0,1.0
13506.0,13509.0,1.0
13506.0,15716.0,1.0
13506.0,20084.0,1.0
13509.0,16351.0,1.0
13509.0,20086.0,1.0
13513.0,14937.0,1.0
13536.0,13537.0,1.0
13537.0,19437.0,1.0
13541.0,14777.0,1.0
13546.0,15971.0,1.0
13546.0,17005.0,1.0
13551.0,13552.0,1.0
13551.0,14828.0,1.0
13552.0,15557.0,1.0
13552.0,14337.0,1.0
13553.0,16542.0,1.0
13553.0,13574.0,1.0
13554.0,16403.0,1.0
13564.0,14735.0,1.0
13565.0,16550.0,1.0
13570.0,14459.0,1.0
13576.0,13577.0,1.0
13576.0,16414.0,1.0
13577.0,13815.0,1.0
13577.0,15345.0,1.0
13577.0,14233.0,1.0
13588.0,13589.0,1.0
13588.0,20356.0,1.0
13589.0,14840.0,1.0
13589.0,19273.0,1.0
13601.0,19394.0,1.0
13603.0,13604.0,1.0
13603.0,13999.0,1.0
13615.0,13677.0,1.0
13617.0,17631.0,1.0
13619.0,16526.0,1.0
13620.0,16436.0,1.0
13629.0,16809.0,1.0
13632.0,13644.0,1.0
13632.0,16465.0,1.0
13633.0,20686.0,1.0
13634.0,14175.0,1.0
13634.0,14649.0,1.0
13641.0,13642.0,1.0
13641.0,17361.0,1.0
13642.0,15711.0,1.0
13646.0,16125.0,1.0
13656.0,16473.0,1.0
13658.0,16478.0,1.0
13658.0,16652.0,1.0
13659.0,13825.0,1.0
13664.0,14612.0,1.0
13664.0,17075.0,1.0
13668.0,16653.0,1.0
13672.0,16505.0,1.0
13677.0,14092.0,1.0
13679.0,14748.0,1.0
13679.0,13951.0,1.0
13681.0,17034.0,1.0
13682.0,16128.0,1.0
13686.0,13946.0,1.0
13690.0,16108.0,1.0
13690.0,17261.0,1.0
13701.0,14872.0,1.0
13708.0,15012.0,1.0
13709.0,16343.0,1.0
13709.0,16709.0,1.0
13709.0,20988.0,1.0
13712.0,17068.0,1.0
13715.0,13716.0,1.0
13716.0,14760.0,1.0
13725.0,19181.0,1.0
13725.0,19272.0,1.0
13731.0,18578.0,1.0
13734.0,16436.0,1.0
13735.0,17588.0,1.0
13735.0,16652.0,1.0
13746.0,16710.0,1.0
13746.0,18143.0,1.0
13756.0,14538.0,1.0
13757.0,13758.0,1.0
13757.0,16382.0,1.0
13761.0,14192.0,1.0
13764.0,16551.0,1.0
13770.0,17313.0,1.0
13775.0,14404.0,1.0
13775.0,16748.0,1.0
13778.0,14873.0,1.0
13781.0,16008.0,1.0
13786.0,13787.0,1.0
13786.0,17558.0,1.0
13787.0,19088.0,1.0
13795.0,16374.0,1.0
13798.0,15720.0,1.0
13815.0,14310.0,1.0
13815.0,18106.0,1.0
13822.0,13823.0,1.0
13822.0,19453.0,1.0
13825.0,13826.0,1.0
13842.0,17705.0,1.0
13849.0,13904.0,1.0
13852.0,13853.0,1.0
13852.0,20343.0,1.0
13852.0,20588.0,1.0
13853.0,20892.0,1.0
13854.0,13855.0,1.0
13854.0,17640.0,1.0
13855.0,16963.0,1.0
13855.0,18973.0,1.0
13858.0,20128.0,1.0
13858.0,18070.0,1.0
13860.0,14552.0,1.0
13861.0,16389.0,1.0
13873.0,16697.0,1.0
13874.0,16602.0,1.0
13881.0,20819.0,1.0
13883.0,17123.0,1.0
13885.0,16467.0,1.0
13894.0,13895.0,1.0
13903.0,18990.0,1.0
13907.0,16997.0,1.0
13907.0,15919.0,1.0
13908.0,13909.0,1.0
13908.0,16663.0,1.0
13910.0,14721.0,1.0
13916.0,14084.0,1.0
13919.0,17744.0,1.0
13924.0,17812.0,1.0
13929.0,14933.0,1.0
13930.0,13931.0,1.0
13930.0,14319.0,1.0
13931.0,18011.0,1.0
13932.0,16785.0,1.0
13932.0,16841.0,1.0
13937.0,15541.0,1.0
13943.0,13944.0,1.0
13944.0,19394.0,1.0
13952.0,15993.0,1.0
13952.0,14853.0,1.0
13961.0,16925.0,1.0
13962.0,16708.0,1.0
13962.0,17050.0,1.0
13964.0,13965.0,1.0
13964.0,15249.0,1.0
13964.0,16192.0,1.0
13965.0,15217.0,1.0
13965.0,14958.0,1.0
13965.0,15354.0,1.0
13967.0,17916.0,1.0
13970.0,13971.0,1.0
13970.0,17518.0,1.0
13977.0,13978.0,1.0
13978.0,17941.0,1.0
13984.0,16353.0,1.0
13984.0,16715.0,1.0
13993.0,16813.0,1.0
14000.0,14067.0,1.0
14000.0,15736.0,1.0
14000.0,16671.0,1.0
14005.0,14299.0,1.0
14007.0,17075.0,1.0
14009.0,14811.0,1.0
14016.0,14578.0,1.0
14016.0,17914.0,1.0
14019.0,14020.0,1.0
14019.0,16829.0,1.0
14026.0,16363.0,1.0
14026.0,16335.0,1.0
14026.0,20318.0,1.0
14036.0,14037.0,1.0
14036.0,16324.0,1.0
14037.0,14406.0,1.0
14040.0,16610.0,1.0
14055.0,14412.0,1.0
14055.0,18453.0,1.0
14060.0,14927.0,1.0
14060.0,17017.0,1.0
14061.0,16450.0,1.0
14063.0,14064.0,1.0
14063.0,16759.0,1.0
14063.0,19194.0,1.0
14066.0,16774.0,1.0
14067.0,16671.0,1.0
14067.0,16913.0,1.0
14069.0,16121.0,1.0
14076.0,16555.0,1.0
14077.0,16641.0,1.0
14080.0,16577.0,1.0
14110.0,14210.0,1.0
14117.0,17560.0,1.0
14117.0,18012.0,1.0
14118.0,17060.0,1.0
14120.0,14369.0,1.0
14120.0,15762.0,1.0
14123.0,16899.0,1.0
14123.0,16699.0,1.0
14130.0,14131.0,1.0
14132.0,20354.0,1.0
14139.0,18276.0,1.0
14141.0,16676.0,1.0
14153.0,17687.0,1.0
14153.0,14317.0,1.0
14157.0,17362.0,1.0
14158.0,14159.0,1.0
14160.0,16340.0,1.0
14162.0,14163.0,1.0
14162.0,14344.0,1.0
14162.0,16732.0,1.0
14182.0,15460.0,1.0
14182.0,16266.0,1.0
14183.0,15493.0,1.0
14183.0,16262.0,1.0
14183.0,15460.0,1.0
14185.0,14186.0,1.0
14186.0,16771.0,1.0
14187.0,16385.0,1.0
14188.0,15721.0,1.0
14190.0,17597.0,1.0
14190.0,21195.0,1.0
14199.0,14890.0,1.0
14199.0,16854.0,1.0
14205.0,18392.0,1.0
14205.0,19188.0,1.0
14208.0,14209.0,1.0
14211.0,14212.0,1.0
14211.0,16575.0,1.0
14216.0,16102.0,1.0
14216.0,16076.0,1.0
14230.0,16449.0,1.0
14230.0,17850.0,1.0
14233.0,16316.0,1.0
14233.0,16414.0,1.0
14235.0,14236.0,1.0
14237.0,20352.0,1.0
14238.0,14737.0,1.0
14242.0,14243.0,1.0
14243.0,15724.0,1.0
14243.0,19091.0,1.0
14247.0,16763.0,1.0
14258.0,16445.0,1.0
14258.0,16787.0,1.0
14259.0,16315.0,1.0
14261.0,14262.0,1.0
14262.0,14381.0,1.0
14263.0,18524.0,1.0
14264.0,17026.0,1.0
14266.0,14267.0,1.0
14266.0,16072.0,1.0
14268.0,16587.0,1.0
14274.0,14275.0,1.0
14274.0,16028.0,1.0
14277.0,14278.0,1.0
14278.0,14639.0,1.0
14280.0,19464.0,1.0
14281.0,16561.0,1.0
14286.0,17089.0,1.0
14289.0,14373.0,1.0
14299.0,16339.0,1.0
14306.0,19443.0,1.0
14306.0,18169.0,1.0
14316.0,14436.0,1.0
14316.0,20741.0,1.0
14316.0,16035.0,1.0
14318.0,16187.0,1.0
14318.0,15424.0,1.0
14318.0,15818.0,1.0
14326.0,14327.0,1.0
14326.0,17696.0,1.0
14327.0,19619.0,1.0
14329.0,14330.0,1.0
14333.0,14334.0,1.0
14333.0,19556.0,1.0
14333.0,15425.0,1.0
14339.0,14737.0,1.0
14341.0,16085.0,1.0
14345.0,16137.0,1.0
14347.0,14348.0,1.0
14347.0,15981.0,1.0
14347.0,18296.0,1.0
14348.0,14796.0,1.0
14348.0,19234.0,1.0
14349.0,14350.0,1.0
14349.0,17877.0,1.0
14349.0,20611.0,1.0
14357.0,14506.0,1.0
14357.0,19500.0,1.0
14362.0,16533.0,1.0
14363.0,14818.0,1.0
14369.0,15761.0,1.0
14369.0,16853.0,1.0
14386.0,20564.0,1.0
14392.0,14393.0,1.0
14392.0,20775.0,1.0
14393.0,14571.0,1.0
14401.0,15695.0,1.0
14404.0,14405.0,1.0
14404.0,16248.0,1.0
14404.0,16451.0,1.0
14409.0,16161.0,1.0
14412.0,16532.0,1.0
14421.0,14422.0,1.0
14421.0,17260.0,1.0
14421.0,15790.0,1.0
14422.0,17385.0,1.0
14422.0,17396.0,1.0
14422.0,17402.0,1.0
14425.0,14554.0,1.0
14436.0,14437.0,1.0
14436.0,15110.0,1.0
14438.0,16881.0,1.0
14438.0,17018.0,1.0
14438.0,16628.0,1.0
14442.0,14443.0,1.0
14442.0,16947.0,1.0
14444.0,15568.0,1.0
14444.0,17935.0,1.0
14444.0,20696.0,1.0
14450.0,16379.0,1.0
14450.0,16679.0,1.0
14456.0,14457.0,1.0
14457.0,15113.0,1.0
14457.0,16103.0,1.0
14460.0,16518.0,1.0
14463.0,15919.0,1.0
14463.0,16420.0,1.0
14464.0,14465.0,1.0
14485.0,14486.0,1.0
14486.0,19005.0,1.0
14486.0,20738.0,1.0
14491.0,19178.0,1.0
14491.0,19463.0,1.0
14494.0,14495.0,1.0
14494.0,16001.0,1.0
14505.0,16505.0,1.0
14507.0,16335.0,1.0
14507.0,17598.0,1.0
14510.0,14511.0,1.0
14510.0,15047.0,1.0
14525.0,17625.0,1.0
14528.0,15724.0,1.0
14528.0,16090.0,1.0
14535.0,20408.0,1.0
14535.0,19570.0,1.0
14536.0,16096.0,1.0
14537.0,14538.0,1.0
14539.0,17835.0,1.0
14546.0,16585.0,1.0
14548.0,16872.0,1.0
14550.0,14551.0,1.0
14550.0,16260.0,1.0
14550.0,17566.0,1.0
14551.0,14853.0,1.0
14551.0,18086.0,1.0
14551.0,18154.0,1.0
14552.0,16757.0,1.0
14554.0,16101.0,1.0
14572.0,16087.0,1.0
14576.0,14577.0,1.0
14595.0,15493.0,1.0
14595.0,15461.0,1.0
14597.0,16340.0,1.0
14603.0,16551.0,1.0
14608.0,14768.0,1.0
14608.0,14728.0,1.0
14608.0,20164.0,1.0
14609.0,21029.0,1.0
14609.0,21063.0,1.0
14610.0,14611.0,1.0
14610.0,16408.0,1.0
14611.0,16408.0,1.0
14611.0,21006.0,1.0
14611.0,17284.0,1.0
14617.0,14618.0,1.0
14622.0,14623.0,1.0
14623.0,15113.0,1.0
14638.0,14639.0,1.0
14639.0,16090.0,1.0
14645.0,14646.0,1.0
14648.0,20267.0,1.0
14662.0,16425.0,1.0
14666.0,16930.0,1.0
14677.0,20104.0,1.0
14697.0,16929.0,1.0
14705.0,14706.0,1.0
14719.0,15126.0,1.0
14728.0,14729.0,1.0
14728.0,17454.0,1.0
14737.0,20135.0,1.0
14739.0,16416.0,1.0
14740.0,14741.0,1.0
14740.0,16087.0,1.0
14748.0,17512.0,1.0
14748.0,17535.0,1.0
14751.0,16940.0,1.0
14753.0,14754.0,1.0
14753.0,20351.0,1.0
14756.0,17402.0,1.0
14756.0,17421.0,1.0
14760.0,17060.0,1.0
14761.0,16664.0,1.0
14761.0,18520.0,1.0
14761.0,19566.0,1.0
14768.0,14787.0,1.0
14768.0,20163.0,1.0
14769.0,16819.0,1.0
14772.0,16933.0,1.0
14775.0,17624.0,1.0
14775.0,16988.0,1.0
14781.0,17712.0,1.0
14782.0,14783.0,1.0
14792.0,16402.0,1.0
14793.0,15086.0,1.0
14796.0,14801.0,1.0
14796.0,15981.0,1.0
14797.0,15065.0,1.0
14797.0,16273.0,1.0
14813.0,15233.0,1.0
14815.0,20849.0,1.0
14816.0,14817.0,1.0
14817.0,16981.0,1.0
14831.0,16076.0,1.0
14838.0,17649.0,1.0
14838.0,20763.0,1.0
14841.0,15503.0,1.0
14841.0,16249.0,1.0
14845.0,16640.0,1.0
14848.0,16367.0,1.0
14850.0,17458.0,1.0
14850.0,16300.0,1.0
14853.0,16287.0,1.0
14853.0,16267.0,1.0
14854.0,14855.0,1.0
14854.0,16905.0,1.0
14862.0,16637.0,1.0
14870.0,16799.0,1.0
14870.0,17282.0,1.0
14871.0,17085.0,1.0
14871.0,20614.0,1.0
14874.0,20817.0,1.0
14874.0,19262.0,1.0
14876.0,17108.0,1.0
14888.0,17501.0,1.0
14890.0,16633.0,1.0
14896.0,16659.0,1.0
14900.0,16477.0,1.0
14901.0,16894.0,1.0
14906.0,16722.0,1.0
14911.0,20380.0,1.0
14915.0,17352.0,1.0
14915.0,15770.0,1.0
14916.0,16324.0,1.0
14922.0,14924.0,1.0
14922.0,19196.0,1.0
14922.0,21169.0,1.0
14927.0,18050.0,1.0
14933.0,16999.0,1.0
14936.0,16781.0,1.0
14936.0,15775.0,1.0
14937.0,17220.0,1.0
14937.0,15179.0,1.0
14942.0,14943.0,1.0
14942.0,14950.0,1.0
14947.0,16335.0,1.0
14947.0,16761.0,1.0
14947.0,16959.0,1.0
14949.0,17208.0,1.0
14949.0,20152.0,1.0
14957.0,19221.0,1.0
14957.0,20253.0,1.0
14957.0,19249.0,1.0
14958.0,14959.0,1.0
14958.0,16249.0,1.0
14958.0,15536.0,1.0
14965.0,14966.0,1.0
14965.0,19247.0,1.0
14966.0,19213.0,1.0
14966.0,19279.0,1.0
14971.0,16012.0,1.0
14971.0,19380.0,1.0
14985.0,15363.0,1.0
14985.0,15803.0,1.0
15008.0,19232.0,1.0
15008.0,16180.0,1.0
15009.0,15022.0,1.0
15009.0,16386.0,1.0
15009.0,16235.0,1.0
15017.0,17881.0,1.0
15017.0,15130.0,1.0
15022.0,16836.0,1.0
15022.0,16240.0,1.0
15022.0,18449.0,1.0
15044.0,16189.0,1.0
15047.0,16620.0,1.0
15047.0,16193.0,1.0
15065.0,15311.0,1.0
15065.0,15463.0,1.0
15072.0,15073.0,1.0
15073.0,18524.0,1.0
15100.0,15101.0,1.0
15100.0,19014.0,1.0
15101.0,16325.0,1.0
15101.0,19014.0,1.0
15110.0,15111.0,1.0
15110.0,15200.0,1.0
15112.0,15113.0,1.0
15114.0,15115.0,1.0
15114.0,16147.0,1.0
15114.0,17422.0,1.0
15116.0,15117.0,1.0
15116.0,15118.0,1.0
15116.0,15363.0,1.0
15124.0,15194.0,1.0
15125.0,17474.0,1.0
15130.0,21118.0,1.0
15130.0,20542.0,1.0
15140.0,17983.0,1.0
15143.0,15535.0,1.0
15148.0,18097.0,1.0
15148.0,16971.0,1.0
15179.0,15377.0,1.0
15181.0,15182.0,1.0
15181.0,15229.0,1.0
15181.0,15227.0,1.0
15188.0,20118.0,1.0
15188.0,16843.0,1.0
15188.0,17550.0,1.0
15197.0,16739.0,1.0
15200.0,15201.0,1.0
15217.0,16249.0,1.0
15224.0,15225.0,1.0
15224.0,15555.0,1.0
15224.0,17756.0,1.0
15229.0,18075.0,1.0
15229.0,17841.0,1.0
15229.0,20118.0,1.0
15230.0,15695.0,1.0
15236.0,15278.0,1.0
15236.0,15356.0,1.0
15243.0,15244.0,1.0
15243.0,15298.0,1.0
15243.0,15302.0,1.0
15248.0,15292.0,1.0
15249.0,15354.0,1.0
15249.0,16192.0,1.0
15251.0,17057.0,1.0
15251.0,15258.0,1.0
15252.0,16603.0,1.0
15252.0,15271.0,1.0
15255.0,16724.0,1.0
15255.0,16476.0,1.0
15256.0,15257.0,1.0
15256.0,16950.0,1.0
15257.0,16062.0,1.0
15258.0,17057.0,1.0
15259.0,15260.0,1.0
15260.0,15526.0,1.0
15260.0,17083.0,1.0
15261.0,16603.0,1.0
15261.0,16164.0,1.0
15262.0,17035.0,1.0
15264.0,15265.0,1.0
15265.0,15294.0,1.0
15266.0,15270.0,1.0
15266.0,16620.0,1.0
15270.0,15290.0,1.0
15272.0,15280.0,1.0
15272.0,15275.0,1.0
15274.0,15300.0,1.0
15275.0,16328.0,1.0
15276.0,19214.0,1.0
15277.0,15278.0,1.0
15278.0,15285.0,1.0
15285.0,17035.0,1.0
15285.0,15794.0,1.0
15286.0,16679.0,1.0
15286.0,16616.0,1.0
15290.0,16161.0,1.0
15292.0,15293.0,1.0
15292.0,15302.0,1.0
15294.0,15728.0,1.0
15295.0,16168.0,1.0
15298.0,15323.0,1.0
15300.0,15305.0,1.0
15305.0,15729.0,1.0
15307.0,15897.0,1.0
15307.0,19261.0,1.0
15309.0,16993.0,1.0
15311.0,15526.0,1.0
15311.0,16273.0,1.0
15311.0,16300.0,1.0
15314.0,19200.0,1.0
15315.0,15316.0,1.0
15315.0,20574.0,1.0
15316.0,20578.0,1.0
15316.0,20579.0,1.0
15319.0,15320.0,1.0
15320.0,15526.0,1.0
15320.0,19202.0,1.0
15321.0,15408.0,1.0
15321.0,15407.0,1.0
15323.0,17052.0,1.0
15337.0,15338.0,1.0
15337.0,17984.0,1.0
15338.0,15351.0,1.0
15338.0,17259.0,1.0
15339.0,15340.0,1.0
15339.0,16616.0,1.0
15339.0,15728.0,1.0
15340.0,16616.0,1.0
15340.0,15729.0,1.0
15351.0,17268.0,1.0
15351.0,17423.0,1.0
15352.0,15367.0,1.0
15353.0,16051.0,1.0
15353.0,16028.0,1.0
15354.0,15536.0,1.0
15356.0,16161.0,1.0
15363.0,15369.0,1.0
15370.0,15371.0,1.0
15371.0,17384.0,1.0
15371.0,19315.0,1.0
15372.0,15373.0,1.0
15373.0,17545.0,1.0
15373.0,15379.0,1.0
15373.0,18334.0,1.0
15376.0,17941.0,1.0
15378.0,15379.0,1.0
15379.0,17384.0,1.0
15397.0,20979.0,1.0
15421.0,19557.0,1.0
15424.0,15467.0,1.0
15424.0,19526.0,1.0
15424.0,20197.0,1.0
15424.0,17809.0,1.0
15425.0,15602.0,1.0
15428.0,15602.0,1.0
15432.0,15433.0,1.0
15438.0,15439.0,1.0
15438.0,15446.0,1.0
15438.0,18415.0,1.0
15439.0,20849.0,1.0
15440.0,15449.0,1.0
15444.0,15449.0,1.0
15446.0,15448.0,1.0
15446.0,15450.0,1.0
15448.0,15464.0,1.0
15455.0,16289.0,1.0
15455.0,17115.0,1.0
15460.0,15461.0,1.0
15462.0,18044.0,1.0
15462.0,20867.0,1.0
15463.0,16255.0,1.0
15469.0,15470.0,1.0
15469.0,16597.0,1.0
15473.0,19492.0,1.0
15473.0,17338.0,1.0
15473.0,15476.0,1.0
15488.0,15489.0,1.0
15488.0,16635.0,1.0
15488.0,16752.0,1.0
15489.0,15515.0,1.0
15489.0,15516.0,1.0
15489.0,15798.0,1.0
15491.0,15492.0,1.0
15491.0,20018.0,1.0
15491.0,20023.0,1.0
15493.0,21118.0,1.0
15496.0,16928.0,1.0
15503.0,15536.0,1.0
15503.0,16790.0,1.0
15505.0,16993.0,1.0
15515.0,17928.0,1.0
15515.0,16423.0,1.0
15525.0,16267.0,1.0
15538.0,15542.0,1.0
15539.0,15540.0,1.0
15539.0,16922.0,1.0
15540.0,16922.0,1.0
15542.0,16587.0,1.0
15549.0,16600.0,1.0
15549.0,16599.0,1.0
15549.0,18087.0,1.0
15552.0,15553.0,1.0
15552.0,19724.0,1.0
15554.0,15555.0,1.0
15555.0,17841.0,1.0
15558.0,15560.0,1.0
15558.0,17515.0,1.0
15559.0,19489.0,1.0
15560.0,16354.0,1.0
15562.0,15563.0,1.0
15562.0,18022.0,1.0
15571.0,15572.0,1.0
15571.0,15580.0,1.0
15571.0,19079.0,1.0
15571.0,19619.0,1.0
15571.0,17696.0,1.0
15571.0,17928.0,1.0
15572.0,20658.0,1.0
15572.0,20782.0,1.0
15573.0,16124.0,1.0
15573.0,16147.0,1.0
15575.0,17809.0,1.0
15575.0,20196.0,1.0
15575.0,15576.0,1.0
15576.0,15577.0,1.0
15576.0,17509.0,1.0
15577.0,17509.0,1.0
15577.0,16606.0,1.0
15580.0,19583.0,1.0
15580.0,19619.0,1.0
15602.0,19550.0,1.0
15609.0,15610.0,1.0
15610.0,16291.0,1.0
15610.0,19550.0,1.0
15627.0,15628.0,1.0
15627.0,20979.0,1.0
15627.0,19587.0,1.0
15628.0,17805.0,1.0
15628.0,19319.0,1.0
15638.0,15639.0,1.0
15641.0,15642.0,1.0
15641.0,17544.0,1.0
15641.0,17546.0,1.0
15642.0,17524.0,1.0
15652.0,16516.0,1.0
15655.0,20035.0,1.0
15682.0,16996.0,1.0
15695.0,15725.0,1.0
15706.0,15707.0,1.0
15706.0,17833.0,1.0
15707.0,15767.0,1.0
15707.0,15777.0,1.0
15707.0,16198.0,1.0
15710.0,15775.0,1.0
15710.0,16187.0,1.0
15713.0,15762.0,1.0
15714.0,16186.0,1.0
15716.0,16286.0,1.0
15716.0,19421.0,1.0
15719.0,15722.0,1.0
15719.0,17285.0,1.0
15719.0,17021.0,1.0
15724.0,15804.0,1.0
15728.0,15729.0,1.0
15729.0,17758.0,1.0
15746.0,18077.0,1.0
15747.0,15748.0,1.0
15747.0,20755.0,1.0
15747.0,16190.0,1.0
15752.0,16187.0,1.0
15752.0,15773.0,1.0
15752.0,15818.0,1.0
15760.0,17839.0,1.0
15760.0,18289.0,1.0
15761.0,15762.0,1.0
15761.0,16913.0,1.0
15761.0,19414.0,1.0
15762.0,16671.0,1.0
15770.0,15771.0,1.0
15770.0,19404.0,1.0
15773.0,15775.0,1.0
15775.0,16187.0,1.0
15789.0,15790.0,1.0
15790.0,17404.0,1.0
15793.0,15794.0,1.0
15793.0,17035.0,1.0
15794.0,15823.0,1.0
15810.0,16862.0,1.0
15818.0,20197.0,1.0
15820.0,16289.0,1.0
15820.0,16622.0,1.0
15820.0,16662.0,1.0
15828.0,15829.0,1.0
15830.0,15831.0,1.0
15864.0,15865.0,1.0
15864.0,15868.0,1.0
15864.0,15870.0,1.0
15864.0,15866.0,1.0
15865.0,15933.0,1.0
15865.0,15871.0,1.0
15866.0,15867.0,1.0
15866.0,15875.0,1.0
15870.0,15879.0,1.0
15870.0,15933.0,1.0
15872.0,15873.0,1.0
15872.0,17629.0,1.0
15873.0,15879.0,1.0
15873.0,15875.0,1.0
15875.0,15879.0,1.0
15879.0,15931.0,1.0
15887.0,15888.0,1.0
15887.0,16439.0,1.0
15897.0,16753.0,1.0
15897.0,15910.0,1.0
15899.0,15978.0,1.0
15899.0,16662.0,1.0
15910.0,17163.0,1.0
15914.0,15937.0,1.0
15914.0,16657.0,1.0
15914.0,16651.0,1.0
15915.0,15916.0,1.0
15915.0,17169.0,1.0
15916.0,15976.0,1.0
15916.0,16644.0,1.0
15917.0,15918.0,1.0
15917.0,17166.0,1.0
15917.0,19095.0,1.0
15918.0,17005.0,1.0
15918.0,17167.0,1.0
15922.0,15923.0,1.0
15922.0,17147.0,1.0
15923.0,17145.0,1.0
15930.0,15931.0,1.0
15931.0,15933.0,1.0
15937.0,15938.0,1.0
15938.0,16651.0,1.0
15938.0,15971.0,1.0
15949.0,16771.0,1.0
15949.0,15976.0,1.0
15950.0,15951.0,1.0
15950.0,19498.0,1.0
15960.0,16034.0,1.0
15961.0,15962.0,1.0
15961.0,16014.0,1.0
15963.0,15964.0,1.0
15963.0,16804.0,1.0
15964.0,16420.0,1.0
15965.0,16622.0,1.0
15965.0,16986.0,1.0
15966.0,16690.0,1.0
15966.0,16651.0,1.0
15967.0,15968.0,1.0
15967.0,16723.0,1.0
15967.0,17157.0,1.0
15968.0,16753.0,1.0
15968.0,19272.0,1.0
15969.0,15970.0,1.0
15970.0,16255.0,1.0
15971.0,17611.0,1.0
15972.0,15973.0,1.0
15973.0,17167.0,1.0
15973.0,17157.0,1.0
15974.0,15975.0,1.0
15974.0,16329.0,1.0
15974.0,17425.0,1.0
15975.0,16531.0,1.0
15975.0,16329.0,1.0
15976.0,17169.0,1.0
15977.0,15978.0,1.0
15978.0,16455.0,1.0
15981.0,18285.0,1.0
15981.0,16064.0,1.0
15986.0,15987.0,1.0
15986.0,20358.0,1.0
15987.0,17151.0,1.0
15992.0,15993.0,1.0
15996.0,15997.0,1.0
15997.0,16013.0,1.0
15997.0,16001.0,1.0
16001.0,16002.0,1.0
16005.0,16006.0,1.0
16006.0,16248.0,1.0
16006.0,16451.0,1.0
16013.0,16124.0,1.0
16014.0,18972.0,1.0
16016.0,17151.0,1.0
16016.0,21193.0,1.0
16028.0,16030.0,1.0
16028.0,17400.0,1.0
16038.0,16039.0,1.0
16044.0,20024.0,1.0
16044.0,20263.0,1.0
16049.0,16050.0,1.0
16049.0,18127.0,1.0
16056.0,16057.0,1.0
16056.0,16834.0,1.0
16057.0,16215.0,1.0
16057.0,19017.0,1.0
16060.0,16061.0,1.0
16060.0,16065.0,1.0
16060.0,16063.0,1.0
16061.0,16064.0,1.0
16061.0,17096.0,1.0
16061.0,18285.0,1.0
16062.0,16063.0,1.0
16062.0,16950.0,1.0
16064.0,17077.0,1.0
16065.0,16950.0,1.0
16065.0,17096.0,1.0
16067.0,21201.0,1.0
16069.0,16072.0,1.0
16072.0,16134.0,1.0
16073.0,17460.0,1.0
16077.0,16117.0,1.0
16080.0,20764.0,1.0
16087.0,20131.0,1.0
16090.0,16137.0,1.0
16094.0,19382.0,1.0
16102.0,20066.0,1.0
16103.0,16124.0,1.0
16104.0,17985.0,1.0
16105.0,19924.0,1.0
16107.0,17256.0,1.0
16108.0,19183.0,1.0
16112.0,17821.0,1.0
16120.0,16121.0,1.0
16120.0,20183.0,1.0
16121.0,16132.0,1.0
16123.0,18493.0,1.0
16123.0,19160.0,1.0
16123.0,18234.0,1.0
16126.0,20972.0,1.0
16127.0,20070.0,1.0
16127.0,19781.0,1.0
16132.0,17895.0,1.0
16134.0,17751.0,1.0
16137.0,17333.0,1.0
16141.0,20101.0,1.0
16147.0,20243.0,1.0
16148.0,18128.0,1.0
16163.0,16168.0,1.0
16163.0,16195.0,1.0
16166.0,16167.0,1.0
16166.0,16169.0,1.0
16168.0,16195.0,1.0
16169.0,16170.0,1.0
16169.0,16193.0,1.0
16173.0,16174.0,1.0
16173.0,17841.0,1.0
16173.0,17842.0,1.0
16174.0,18077.0,1.0
16174.0,18974.0,1.0
16174.0,17756.0,1.0
16174.0,17528.0,1.0
16180.0,16781.0,1.0
16186.0,16377.0,1.0
16186.0,19985.0,1.0
16188.0,16189.0,1.0
16190.0,16191.0,1.0
16190.0,19194.0,1.0
16192.0,16362.0,1.0
16193.0,16482.0,1.0
16215.0,16216.0,1.0
16215.0,19326.0,1.0
16215.0,19333.0,1.0
16216.0,17507.0,1.0
16216.0,19016.0,1.0
16234.0,16880.0,1.0
16235.0,16239.0,1.0
16239.0,16240.0,1.0
16240.0,16347.0,1.0
16251.0,17563.0,1.0
16253.0,16254.0,1.0
16253.0,16257.0,1.0
16253.0,17519.0,1.0
16254.0,17522.0,1.0
16260.0,16267.0,1.0
16260.0,17778.0,1.0
16265.0,16266.0,1.0
16267.0,16287.0,1.0
16286.0,20085.0,1.0
16286.0,18308.0,1.0
16287.0,17519.0,1.0
16294.0,21140.0,1.0
16300.0,20310.0,1.0
16303.0,19077.0,1.0
16305.0,16306.0,1.0
16305.0,16307.0,1.0
16306.0,16307.0,1.0
16314.0,16933.0,1.0
16315.0,16353.0,1.0
16316.0,16318.0,1.0
16318.0,16337.0,1.0
16318.0,18106.0,1.0
16320.0,16321.0,1.0
16321.0,16722.0,1.0
16324.0,16325.0,1.0
16325.0,18026.0,1.0
16325.0,18065.0,1.0
16329.0,16670.0,1.0
16331.0,17875.0,1.0
16334.0,16922.0,1.0
16335.0,16761.0,1.0
16337.0,16578.0,1.0
16339.0,17069.0,1.0
16344.0,16553.0,1.0
16346.0,16795.0,1.0
16347.0,18448.0,1.0
16351.0,16410.0,1.0
16354.0,16355.0,1.0
16355.0,17515.0,1.0
16357.0,17054.0,1.0
16357.0,18990.0,1.0
16358.0,16359.0,1.0
16359.0,17682.0,1.0
16362.0,16482.0,1.0
16362.0,17570.0,1.0
16363.0,20379.0,1.0
16371.0,16619.0,1.0
16379.0,16593.0,1.0
16379.0,16417.0,1.0
16380.0,16796.0,1.0
16380.0,16392.0,1.0
16381.0,16382.0,1.0
16385.0,16759.0,1.0
16386.0,16836.0,1.0
16386.0,16880.0,1.0
16387.0,16890.0,1.0
16389.0,16390.0,1.0
16389.0,16634.0,1.0
16390.0,17063.0,1.0
16393.0,16394.0,1.0
16393.0,16662.0,1.0
16394.0,20943.0,1.0
16395.0,16510.0,1.0
16400.0,16653.0,1.0
16407.0,17935.0,1.0
16408.0,16409.0,1.0
16409.0,16876.0,1.0
16409.0,17275.0,1.0
16414.0,16921.0,1.0
16417.0,16744.0,1.0
16420.0,16997.0,1.0
16424.0,16425.0,1.0
16424.0,17357.0,1.0
16430.0,16431.0,1.0
16435.0,17960.0,1.0
16439.0,17077.0,1.0
16439.0,19214.0,1.0
16444.0,16445.0,1.0
16449.0,17850.0,1.0
16451.0,19417.0,1.0
16452.0,16453.0,1.0
16455.0,16771.0,1.0
16457.0,17170.0,1.0
16457.0,20379.0,1.0
16458.0,19401.0,1.0
16463.0,16797.0,1.0
16465.0,19435.0,1.0
16467.0,16924.0,1.0
16475.0,20969.0,1.0
16476.0,16477.0,1.0
16477.0,17083.0,1.0
16482.0,16830.0,1.0
16483.0,16900.0,1.0
16490.0,16981.0,1.0
16490.0,19557.0,1.0
16491.0,16513.0,1.0
16491.0,20925.0,1.0
16492.0,16675.0,1.0
16499.0,16985.0,1.0
16501.0,19493.0,1.0
16505.0,16770.0,1.0
16506.0,18106.0,1.0
16515.0,16672.0,1.0
16517.0,21047.0,1.0
16518.0,16648.0,1.0
16520.0,17492.0,1.0
16531.0,16986.0,1.0
16533.0,16631.0,1.0
16533.0,19130.0,1.0
16537.0,17101.0,1.0
16542.0,16543.0,1.0
16542.0,17049.0,1.0
16543.0,19211.0,1.0
16545.0,16633.0,1.0
16545.0,17042.0,1.0
16547.0,16548.0,1.0
16548.0,17106.0,1.0
16550.0,16889.0,1.0
16556.0,21102.0,1.0
16558.0,16829.0,1.0
16558.0,19454.0,1.0
16558.0,19455.0,1.0
16564.0,16975.0,1.0
16564.0,16699.0,1.0
16566.0,16567.0,1.0
16566.0,16785.0,1.0
16567.0,16850.0,1.0
16567.0,17081.0,1.0
16568.0,16569.0,1.0
16568.0,19724.0,1.0
16577.0,16814.0,1.0
16577.0,16634.0,1.0
16578.0,17561.0,1.0
16586.0,16899.0,1.0
16586.0,16984.0,1.0
16586.0,19577.0,1.0
16588.0,17361.0,1.0
16588.0,17787.0,1.0
16593.0,16679.0,1.0
16593.0,16744.0,1.0
16599.0,16600.0,1.0
16599.0,18087.0,1.0
16600.0,18087.0,1.0
16605.0,16606.0,1.0
16605.0,17803.0,1.0
16605.0,17814.0,1.0
16605.0,20196.0,1.0
16605.0,17033.0,1.0
16606.0,17033.0,1.0
16606.0,17528.0,1.0
16606.0,17756.0,1.0
16606.0,20196.0,1.0
16606.0,21186.0,1.0
16609.0,16780.0,1.0
16620.0,16906.0,1.0
16622.0,16733.0,1.0
16626.0,16774.0,1.0
16627.0,16628.0,1.0
16627.0,16881.0,1.0
16627.0,16969.0,1.0
16628.0,17018.0,1.0
16630.0,16999.0,1.0
16633.0,20762.0,1.0
16634.0,16814.0,1.0
16641.0,16642.0,1.0
16642.0,19725.0,1.0
16642.0,19726.0,1.0
16643.0,17746.0,1.0
16643.0,19422.0,1.0
16648.0,16809.0,1.0
16656.0,16737.0,1.0
16660.0,16935.0,1.0
16661.0,19334.0,1.0
16663.0,16664.0,1.0
16663.0,18520.0,1.0
16667.0,18279.0,1.0
16668.0,18259.0,1.0
16668.0,16806.0,1.0
16671.0,19418.0,1.0
16674.0,16728.0,1.0
16674.0,18279.0,1.0
16679.0,17546.0,1.0
16680.0,17042.0,1.0
16694.0,18975.0,1.0
16703.0,16761.0,1.0
16703.0,20318.0,1.0
16703.0,20370.0,1.0
16704.0,17003.0,1.0
16706.0,16774.0,1.0
16708.0,16709.0,1.0
16708.0,20290.0,1.0
16708.0,20292.0,1.0
16709.0,16936.0,1.0
16709.0,18988.0,1.0
16709.0,20990.0,1.0
16710.0,16998.0,1.0
16711.0,16975.0,1.0
16712.0,16713.0,1.0
16718.0,17103.0,1.0
16720.0,20408.0,1.0
16723.0,17164.0,1.0
16723.0,16753.0,1.0
16724.0,16790.0,1.0
16728.0,18279.0,1.0
16731.0,17770.0,1.0
16731.0,19524.0,1.0
16732.0,17926.0,1.0
16737.0,16738.0,1.0
16738.0,16797.0,1.0
16742.0,18532.0,1.0
16744.0,16813.0,1.0
16746.0,17892.0,1.0
16746.0,20627.0,1.0
16751.0,16979.0,1.0
16757.0,17107.0,1.0
16757.0,16928.0,1.0
16758.0,16982.0,1.0
16758.0,18144.0,1.0
16762.0,16763.0,1.0
16762.0,17700.0,1.0
16770.0,19489.0,1.0
16770.0,20964.0,1.0
16771.0,17292.0,1.0
16776.0,16777.0,1.0
16776.0,16846.0,1.0
16785.0,19002.0,1.0
16785.0,16874.0,1.0
16786.0,19420.0,1.0
16787.0,16788.0,1.0
16787.0,19314.0,1.0
16788.0,16841.0,1.0
16791.0,16792.0,1.0
16791.0,16945.0,1.0
16792.0,19422.0,1.0
16799.0,17282.0,1.0
16804.0,17818.0,1.0
16805.0,16998.0,1.0
16806.0,16807.0,1.0
16806.0,18259.0,1.0
16807.0,17092.0,1.0
16809.0,20107.0,1.0
16814.0,19398.0,1.0
16820.0,18416.0,1.0
16829.0,19455.0,1.0
16829.0,20728.0,1.0
16830.0,20471.0,1.0
16830.0,20473.0,1.0
16834.0,17097.0,1.0
16834.0,17506.0,1.0
16836.0,18441.0,1.0
16836.0,18451.0,1.0
16840.0,17084.0,1.0
16840.0,19225.0,1.0
16842.0,18055.0,1.0
16842.0,20656.0,1.0
16846.0,19656.0,1.0
16850.0,16851.0,1.0
16851.0,17080.0,1.0
16853.0,16854.0,1.0
16854.0,16913.0,1.0
16855.0,17087.0,1.0
16855.0,20803.0,1.0
16861.0,19013.0,1.0
16862.0,17445.0,1.0
16862.0,18018.0,1.0
16872.0,17600.0,1.0
16874.0,19002.0,1.0
16876.0,17274.0,1.0
16876.0,17768.0,1.0
16879.0,16902.0,1.0
16880.0,18447.0,1.0
16881.0,17031.0,1.0
16882.0,17070.0,1.0
16882.0,17051.0,1.0
16890.0,16891.0,1.0
16891.0,17099.0,1.0
16891.0,20024.0,1.0
16894.0,17087.0,1.0
16898.0,17823.0,1.0
16899.0,19577.0,1.0
16900.0,16901.0,1.0
16900.0,20355.0,1.0
16901.0,20354.0,1.0
16902.0,20333.0,1.0
16905.0,16996.0,1.0
16905.0,17559.0,1.0
16906.0,17865.0,1.0
16907.0,16986.0,1.0
16914.0,17295.0,1.0
16914.0,17563.0,1.0
16924.0,16925.0,1.0
16927.0,19092.0,1.0
16927.0,19107.0,1.0
16928.0,17107.0,1.0
16933.0,16934.0,1.0
16936.0,20974.0,1.0
16937.0,20194.0,1.0
16945.0,18072.0,1.0
16946.0,18157.0,1.0
16951.0,18018.0,1.0
16952.0,19274.0,1.0
16955.0,17926.0,1.0
16959.0,18158.0,1.0
16963.0,18973.0,1.0
16964.0,20964.0,1.0
16968.0,18532.0,1.0
16969.0,16970.0,1.0
16970.0,17790.0,1.0
16970.0,17031.0,1.0
16971.0,17099.0,1.0
16971.0,20022.0,1.0
16981.0,19557.0,1.0
16984.0,20336.0,1.0
16996.0,17858.0,1.0
16998.0,18143.0,1.0
17008.0,17009.0,1.0
17014.0,17042.0,1.0
17014.0,20762.0,1.0
17016.0,19397.0,1.0
17017.0,18054.0,1.0
17018.0,19193.0,1.0
17020.0,17211.0,1.0
17021.0,17285.0,1.0
17024.0,17089.0,1.0
17026.0,20122.0,1.0
17033.0,17811.0,1.0
17047.0,18254.0,1.0
17049.0,17050.0,1.0
17050.0,20291.0,1.0
17051.0,17206.0,1.0
17054.0,18989.0,1.0
17059.0,17918.0,1.0
17063.0,17211.0,1.0
17066.0,20717.0,1.0
17070.0,20056.0,1.0
17073.0,17085.0,1.0
17077.0,17096.0,1.0
17080.0,20333.0,1.0
17082.0,17163.0,1.0
17082.0,17497.0,1.0
17084.0,19225.0,1.0
17087.0,20803.0,1.0
17089.0,19309.0,1.0
17094.0,17095.0,1.0
17094.0,20779.0,1.0
17094.0,20823.0,1.0
17097.0,19092.0,1.0
17097.0,19103.0,1.0
17099.0,20021.0,1.0
17106.0,20056.0,1.0
17107.0,18098.0,1.0
17108.0,19361.0,1.0
17115.0,17116.0,1.0
17115.0,17117.0,1.0
17118.0,17935.0,1.0
17119.0,17206.0,1.0
17119.0,17263.0,1.0
17121.0,17122.0,1.0
17121.0,17807.0,1.0
17122.0,19244.0,1.0
17125.0,17132.0,1.0
17126.0,17127.0,1.0
17126.0,17807.0,1.0
17127.0,17133.0,1.0
17127.0,17807.0,1.0
17131.0,21012.0,1.0
17140.0,17590.0,1.0
17140.0,19254.0,1.0
17140.0,19277.0,1.0
17142.0,17146.0,1.0
17146.0,19004.0,1.0
17147.0,20882.0,1.0
17151.0,17182.0,1.0
17155.0,17156.0,1.0
17156.0,17174.0,1.0
17156.0,18569.0,1.0
17160.0,17161.0,1.0
17161.0,17818.0,1.0
17163.0,17486.0,1.0
17166.0,17167.0,1.0
17166.0,19308.0,1.0
17170.0,20370.0,1.0
17170.0,20379.0,1.0
17182.0,17183.0,1.0
17182.0,17209.0,1.0
17196.0,17210.0,1.0
17196.0,20474.0,1.0
17199.0,17210.0,1.0
17199.0,17215.0,1.0
17199.0,18987.0,1.0
17199.0,20155.0,1.0
17199.0,20157.0,1.0
17207.0,17208.0,1.0
17207.0,18522.0,1.0
17208.0,20153.0,1.0
17208.0,21194.0,1.0
17215.0,18522.0,1.0
17226.0,17228.0,1.0
17227.0,17230.0,1.0
17259.0,17386.0,1.0
17260.0,17402.0,1.0
17260.0,17421.0,1.0
17262.0,17263.0,1.0
17265.0,17266.0,1.0
17265.0,17354.0,1.0
17265.0,17374.0,1.0
17266.0,17340.0,1.0
17266.0,17368.0,1.0
17267.0,17629.0,1.0
17268.0,17269.0,1.0
17268.0,17416.0,1.0
17269.0,17771.0,1.0
17269.0,17389.0,1.0
17272.0,17768.0,1.0
17272.0,17274.0,1.0
17272.0,17290.0,1.0
17274.0,17275.0,1.0
17275.0,17284.0,1.0
17278.0,17289.0,1.0
17279.0,17280.0,1.0
17279.0,18344.0,1.0
17282.0,21005.0,1.0
17284.0,21006.0,1.0
17287.0,17347.0,1.0
17287.0,17366.0,1.0
17289.0,20834.0,1.0
17290.0,17769.0,1.0
17290.0,21008.0,1.0
17295.0,17563.0,1.0
17308.0,17309.0,1.0
17308.0,17416.0,1.0
17312.0,17313.0,1.0
17312.0,17405.0,1.0
17338.0,17397.0,1.0
17338.0,17359.0,1.0
17340.0,17344.0,1.0
17340.0,17354.0,1.0
17340.0,17396.0,1.0
17344.0,17385.0,1.0
17356.0,17357.0,1.0
17364.0,17365.0,1.0
17364.0,17415.0,1.0
17366.0,17367.0,1.0
17366.0,17385.0,1.0
17368.0,17374.0,1.0
17378.0,18331.0,1.0
17378.0,18469.0,1.0
17378.0,18339.0,1.0
17384.0,20054.0,1.0
17385.0,17948.0,1.0
17386.0,19492.0,1.0
17387.0,17870.0,1.0
17387.0,20101.0,1.0
17388.0,17576.0,1.0
17389.0,17390.0,1.0
17389.0,17423.0,1.0
17393.0,19492.0,1.0
17393.0,17421.0,1.0
17396.0,17404.0,1.0
17396.0,17424.0,1.0
17400.0,21043.0,1.0
17402.0,17948.0,1.0
17415.0,17423.0,1.0
17422.0,17651.0,1.0
17422.0,19872.0,1.0
17425.0,20714.0,1.0
17429.0,17430.0,1.0
17429.0,17438.0,1.0
17434.0,17435.0,1.0
17434.0,17505.0,1.0
17434.0,18020.0,1.0
17439.0,17499.0,1.0
17443.0,18317.0,1.0
17445.0,18019.0,1.0
17445.0,19447.0,1.0
17454.0,17467.0,1.0
17457.0,17458.0,1.0
17457.0,17495.0,1.0
17457.0,20310.0,1.0
17460.0,17466.0,1.0
17480.0,17481.0,1.0
17481.0,20040.0,1.0
17486.0,17497.0,1.0
17486.0,18070.0,1.0
17499.0,17795.0,1.0
17499.0,19283.0,1.0
17499.0,21136.0,1.0
17503.0,17504.0,1.0
17505.0,19107.0,1.0
17507.0,19018.0,1.0
17507.0,19019.0,1.0
17507.0,19134.0,1.0
17507.0,20854.0,1.0
17508.0,20734.0,1.0
17509.0,17550.0,1.0
17512.0,17520.0,1.0
17512.0,17535.0,1.0
17512.0,17513.0,1.0
17514.0,17515.0,1.0
17514.0,17532.0,1.0
17520.0,17525.0,1.0
17521.0,21195.0,1.0
17523.0,17529.0,1.0
17524.0,17546.0,1.0
17524.0,17758.0,1.0
17525.0,19419.0,1.0
17528.0,17550.0,1.0
17532.0,18022.0,1.0
17545.0,18372.0,1.0
17545.0,18546.0,1.0
17561.0,17562.0,1.0
17562.0,20716.0,1.0
17575.0,17576.0,1.0
17575.0,19365.0,1.0
17577.0,17582.0,1.0
17577.0,20714.0,1.0
17582.0,20735.0,1.0
17582.0,20737.0,1.0
17598.0,18158.0,1.0
17600.0,17604.0,1.0
17600.0,19087.0,1.0
17602.0,17603.0,1.0
17602.0,17605.0,1.0
17602.0,17604.0,1.0
17603.0,17604.0,1.0
17603.0,19060.0,1.0
17605.0,19063.0,1.0
17609.0,17610.0,1.0
17609.0,17622.0,1.0
17609.0,17623.0,1.0
17610.0,17623.0,1.0
17610.0,20804.0,1.0
17611.0,17612.0,1.0
17611.0,17616.0,1.0
17611.0,17900.0,1.0
17613.0,17614.0,1.0
17614.0,17615.0,1.0
17614.0,18316.0,1.0
17614.0,18319.0,1.0
17614.0,20104.0,1.0
17621.0,20477.0,1.0
17623.0,17804.0,1.0
17625.0,17626.0,1.0
17631.0,18145.0,1.0
17640.0,17641.0,1.0
17642.0,18169.0,1.0
17642.0,20139.0,1.0
17649.0,17650.0,1.0
17649.0,20160.0,1.0
17649.0,20163.0,1.0
17667.0,17852.0,1.0
17680.0,20017.0,1.0
17680.0,20043.0,1.0
17691.0,17692.0,1.0
17696.0,19079.0,1.0
17701.0,17702.0,1.0
17701.0,20053.0,1.0
17711.0,20604.0,1.0
17712.0,20631.0,1.0
17712.0,20632.0,1.0
17744.0,19794.0,1.0
17745.0,19432.0,1.0
17754.0,17755.0,1.0
17754.0,19094.0,1.0
17754.0,19108.0,1.0
17756.0,17757.0,1.0
17766.0,18256.0,1.0
17768.0,17769.0,1.0
17770.0,19524.0,1.0
17771.0,17772.0,1.0
17771.0,20054.0,1.0
17780.0,17781.0,1.0
17780.0,17782.0,1.0
17780.0,18470.0,1.0
17781.0,18465.0,1.0
17781.0,18998.0,1.0
17783.0,17784.0,1.0
17783.0,18997.0,1.0
17783.0,20722.0,1.0
17784.0,18993.0,1.0
17784.0,20835.0,1.0
17785.0,17786.0,1.0
17786.0,18993.0,1.0
17788.0,17789.0,1.0
17788.0,18066.0,1.0
17789.0,18436.0,1.0
17789.0,18440.0,1.0
17789.0,19285.0,1.0
17790.0,20333.0,1.0
17799.0,18970.0,1.0
17803.0,17809.0,1.0
17803.0,17812.0,1.0
17804.0,20020.0,1.0
17804.0,20655.0,1.0
17805.0,17806.0,1.0
17806.0,20034.0,1.0
17806.0,20040.0,1.0
17807.0,19188.0,1.0
17809.0,18325.0,1.0
17810.0,17811.0,1.0
17810.0,17814.0,1.0
17810.0,21155.0,1.0
17811.0,17814.0,1.0
17811.0,18077.0,1.0
17811.0,21156.0,1.0
17812.0,19549.0,1.0
17818.0,20354.0,1.0
17830.0,19194.0,1.0
17835.0,20145.0,1.0
17841.0,20118.0,1.0
17847.0,19438.0,1.0
17847.0,21135.0,1.0
17852.0,19234.0,1.0
17860.0,18555.0,1.0
17860.0,18397.0,1.0
17875.0,18084.0,1.0
17906.0,19438.0,1.0
17909.0,17910.0,1.0
17909.0,17998.0,1.0
17918.0,17919.0,1.0
17918.0,19570.0,1.0
17928.0,20580.0,1.0
17943.0,18980.0,1.0
17951.0,17952.0,1.0
17982.0,21127.0,1.0
17982.0,21128.0,1.0
18007.0,19435.0,1.0
18007.0,19436.0,1.0
18018.0,18103.0,1.0
18023.0,18024.0,1.0
18026.0,18061.0,1.0
18026.0,18062.0,1.0
18029.0,18030.0,1.0
18029.0,18164.0,1.0
18029.0,18047.0,1.0
18030.0,18052.0,1.0
18030.0,18048.0,1.0
18030.0,18176.0,1.0
18034.0,18035.0,1.0
18034.0,18184.0,1.0
18034.0,18053.0,1.0
18034.0,18048.0,1.0
18035.0,20085.0,1.0
18035.0,19421.0,1.0
18035.0,18049.0,1.0
18036.0,18037.0,1.0
18036.0,18040.0,1.0
18036.0,18042.0,1.0
18036.0,18044.0,1.0
18038.0,18051.0,1.0
18038.0,18050.0,1.0
18038.0,20885.0,1.0
18042.0,18044.0,1.0
18042.0,20867.0,1.0
18043.0,18044.0,1.0
18043.0,18416.0,1.0
18043.0,20162.0,1.0
18047.0,18048.0,1.0
18047.0,18184.0,1.0
18048.0,18049.0,1.0
18049.0,18130.0,1.0
18049.0,18052.0,1.0
18050.0,18053.0,1.0
18050.0,20919.0,1.0
18051.0,20919.0,1.0
18051.0,20884.0,1.0
18052.0,18058.0,1.0
18052.0,20907.0,1.0
18053.0,18054.0,1.0
18053.0,18193.0,1.0
18054.0,20084.0,1.0
18054.0,19421.0,1.0
18058.0,18059.0,1.0
18058.0,20902.0,1.0
18059.0,18308.0,1.0
18061.0,19257.0,1.0
18061.0,18062.0,1.0
18062.0,19257.0,1.0
18066.0,20989.0,1.0
18077.0,19096.0,1.0
18077.0,20019.0,1.0
18079.0,20358.0,1.0
18082.0,18083.0,1.0
18082.0,19135.0,1.0
18083.0,18107.0,1.0
18085.0,18086.0,1.0
18087.0,20039.0,1.0
18097.0,20025.0,1.0
18097.0,20022.0,1.0
18098.0,20302.0,1.0
18107.0,18108.0,1.0
18107.0,18119.0,1.0
18127.0,19929.0,1.0
18130.0,18308.0,1.0
18130.0,20085.0,1.0
18136.0,18137.0,1.0
18141.0,19317.0,1.0
18152.0,18183.0,1.0
18157.0,18164.0,1.0
18157.0,20908.0,1.0
18164.0,20833.0,1.0
18164.0,20908.0,1.0
18167.0,18168.0,1.0
18168.0,18169.0,1.0
18170.0,18171.0,1.0
18176.0,18177.0,1.0
18177.0,20907.0,1.0
18184.0,18193.0,1.0
18193.0,20919.0,1.0
18224.0,18225.0,1.0
18226.0,18227.0,1.0
18226.0,18244.0,1.0
18226.0,18237.0,1.0
18227.0,18229.0,1.0
18227.0,20690.0,1.0
18229.0,20691.0,1.0
18229.0,18237.0,1.0
18232.0,18239.0,1.0
18232.0,18233.0,1.0
18237.0,18238.0,1.0
18243.0,20739.0,1.0
18254.0,18255.0,1.0
18259.0,19524.0,1.0
18261.0,20352.0,1.0
18276.0,19476.0,1.0
18276.0,18569.0,1.0
18276.0,20103.0,1.0
18277.0,18278.0,1.0
18277.0,20781.0,1.0
18277.0,20844.0,1.0
18284.0,18286.0,1.0
18285.0,18296.0,1.0
18287.0,18288.0,1.0
18310.0,18467.0,1.0
18325.0,20162.0,1.0
18325.0,20016.0,1.0
18327.0,18328.0,1.0
18327.0,18553.0,1.0
18329.0,18330.0,1.0
18329.0,18380.0,1.0
18329.0,18469.0,1.0
18329.0,18332.0,1.0
18330.0,18418.0,1.0
18330.0,18502.0,1.0
18330.0,18382.0,1.0
18332.0,18333.0,1.0
18332.0,18503.0,1.0
18332.0,18342.0,1.0
18333.0,18376.0,1.0
18333.0,18426.0,1.0
18333.0,20983.0,1.0
18334.0,18335.0,1.0
18334.0,18338.0,1.0
18334.0,18343.0,1.0
18336.0,18337.0,1.0
18336.0,18552.0,1.0
18337.0,18377.0,1.0
18337.0,18551.0,1.0
18338.0,18347.0,1.0
18338.0,18352.0,1.0
18339.0,18340.0,1.0
18339.0,18346.0,1.0
18339.0,18397.0,1.0
18342.0,20986.0,1.0
18342.0,20983.0,1.0
18343.0,18557.0,1.0
18343.0,19275.0,1.0
18344.0,18345.0,1.0
18346.0,18502.0,1.0
18346.0,18418.0,1.0
18346.0,18375.0,1.0
18347.0,18351.0,1.0
18347.0,18548.0,1.0
18348.0,18349.0,1.0
18348.0,18350.0,1.0
18348.0,18356.0,1.0
18351.0,18352.0,1.0
18351.0,18360.0,1.0
18352.0,19204.0,1.0
18353.0,18354.0,1.0
18353.0,18358.0,1.0
18353.0,18355.0,1.0
18355.0,18356.0,1.0
18355.0,18357.0,1.0
18357.0,18359.0,1.0
18357.0,18366.0,1.0
18361.0,18364.0,1.0
18361.0,19772.0,1.0
18365.0,18553.0,1.0
18365.0,18505.0,1.0
18365.0,20748.0,1.0
18369.0,18370.0,1.0
18369.0,18401.0,1.0
18369.0,18546.0,1.0
18370.0,18400.0,1.0
18370.0,18420.0,1.0
18373.0,18374.0,1.0
18373.0,18500.0,1.0
18373.0,18556.0,1.0
18373.0,18397.0,1.0
18373.0,18377.0,1.0
18374.0,18375.0,1.0
18374.0,19654.0,1.0
18375.0,18418.0,1.0
18376.0,18377.0,1.0
18376.0,18500.0,1.0
18377.0,18559.0,1.0
18381.0,18382.0,1.0
18381.0,18383.0,1.0
18381.0,18426.0,1.0
18382.0,18543.0,1.0
18392.0,18561.0,1.0
18392.0,19184.0,1.0
18400.0,18403.0,1.0
18401.0,18504.0,1.0
18401.0,18420.0,1.0
18402.0,18403.0,1.0
18403.0,18546.0,1.0
18415.0,18416.0,1.0
18416.0,19549.0,1.0
18418.0,18500.0,1.0
18420.0,18505.0,1.0
18423.0,18553.0,1.0
18423.0,18554.0,1.0
18423.0,19772.0,1.0
18426.0,18543.0,1.0
18436.0,18437.0,1.0
18436.0,18440.0,1.0
18436.0,20821.0,1.0
18437.0,18439.0,1.0
18437.0,19198.0,1.0
18439.0,19318.0,1.0
18439.0,19198.0,1.0
18440.0,18482.0,1.0
18441.0,18449.0,1.0
18441.0,18451.0,1.0
18447.0,18451.0,1.0
18448.0,18449.0,1.0
18458.0,20841.0,1.0
18458.0,20030.0,1.0
18465.0,18466.0,1.0
18466.0,19047.0,1.0
18466.0,19046.0,1.0
18469.0,18502.0,1.0
18469.0,20267.0,1.0
18470.0,20027.0,1.0
18470.0,20841.0,1.0
18481.0,18482.0,1.0
18482.0,20020.0,1.0
18500.0,18543.0,1.0
18505.0,18549.0,1.0
18522.0,20156.0,1.0
18541.0,20267.0,1.0
18541.0,20818.0,1.0
18542.0,18554.0,1.0
18542.0,20818.0,1.0
18550.0,20055.0,1.0
18551.0,20987.0,1.0
18553.0,18554.0,1.0
18559.0,19775.0,1.0
18973.0,20966.0,1.0
18989.0,18990.0,1.0
18991.0,18992.0,1.0
18992.0,19024.0,1.0
18992.0,19026.0,1.0
18993.0,18997.0,1.0
18993.0,19007.0,1.0
18996.0,18997.0,1.0
18996.0,19029.0,1.0
18996.0,20721.0,1.0
18998.0,18999.0,1.0
18998.0,20827.0,1.0
18999.0,19029.0,1.0
18999.0,19046.0,1.0
19002.0,20722.0,1.0
19002.0,20836.0,1.0
19011.0,20815.0,1.0
19014.0,19996.0,1.0
19024.0,19034.0,1.0
19029.0,20844.0,1.0
19046.0,19047.0,1.0
19047.0,20844.0,1.0
19059.0,19060.0,1.0
19059.0,19063.0,1.0
19060.0,19063.0,1.0
19077.0,19078.0,1.0
19078.0,20194.0,1.0
19079.0,20811.0,1.0
19090.0,19091.0,1.0
19092.0,19093.0,1.0
19106.0,19107.0,1.0
19128.0,19131.0,1.0
19131.0,20528.0,1.0
19163.0,19549.0,1.0
19184.0,19244.0,1.0
19188.0,19244.0,1.0
19196.0,19197.0,1.0
19200.0,19201.0,1.0
19200.0,19259.0,1.0
19202.0,19203.0,1.0
19202.0,19259.0,1.0
19211.0,19212.0,1.0
19211.0,20974.0,1.0
19213.0,19253.0,1.0
19213.0,19220.0,1.0
19214.0,19267.0,1.0
19217.0,19447.0,1.0
19220.0,19221.0,1.0
19220.0,19286.0,1.0
19234.0,19239.0,1.0
19257.0,20689.0,1.0
19259.0,19260.0,1.0
19262.0,19296.0,1.0
19271.0,19272.0,1.0
19285.0,20989.0,1.0
19296.0,19328.0,1.0
19296.0,19331.0,1.0
19299.0,19300.0,1.0
19299.0,19304.0,1.0
19299.0,19316.0,1.0
19300.0,19303.0,1.0
19300.0,19318.0,1.0
19303.0,19304.0,1.0
19303.0,19325.0,1.0
19304.0,19596.0,1.0
19316.0,19596.0,1.0
19319.0,20979.0,1.0
19325.0,20980.0,1.0
19325.0,21102.0,1.0
19334.0,21011.0,1.0
19336.0,19337.0,1.0
19336.0,19491.0,1.0
19338.0,19339.0,1.0
19338.0,19367.0,1.0
19347.0,19378.0,1.0
19352.0,19371.0,1.0
19361.0,19370.0,1.0
19361.0,19377.0,1.0
19366.0,19376.0,1.0
19402.0,20262.0,1.0
19404.0,19465.0,1.0
19407.0,19408.0,1.0
19407.0,19415.0,1.0
19407.0,20799.0,1.0
19409.0,19410.0,1.0
19419.0,19420.0,1.0
19421.0,19431.0,1.0
19426.0,19427.0,1.0
19432.0,19543.0,1.0
19435.0,19436.0,1.0
19438.0,19444.0,1.0
19442.0,19444.0,1.0
19461.0,20262.0,1.0
19461.0,20265.0,1.0
19464.0,19517.0,1.0
19476.0,20103.0,1.0
19544.0,20194.0,1.0
19583.0,20658.0,1.0
19596.0,20980.0,1.0
19621.0,19622.0,1.0
19635.0,19636.0,1.0
19772.0,19859.0,1.0
19780.0,19781.0,1.0
19781.0,19872.0,1.0
19793.0,19794.0,1.0
19830.0,21089.0,1.0
19830.0,21093.0,1.0
19859.0,19860.0,1.0
19859.0,20681.0,1.0
19859.0,20685.0,1.0
19924.0,19926.0,1.0
19924.0,19928.0,1.0
19926.0,19930.0,1.0
19981.0,19984.0,1.0
19981.0,19988.0,1.0
19982.0,19987.0,1.0
19983.0,19997.0,1.0
19985.0,19986.0,1.0
19986.0,19988.0,1.0
20016.0,21156.0,1.0
20020.0,20654.0,1.0
20021.0,20022.0,1.0
20021.0,20024.0,1.0
20028.0,20029.0,1.0
20029.0,20829.0,1.0
20029.0,20830.0,1.0
20030.0,20031.0,1.0
20030.0,20830.0,1.0
20034.0,20039.0,1.0
20035.0,20039.0,1.0
20036.0,20040.0,1.0
20054.0,20055.0,1.0
20055.0,20059.0,1.0
20066.0,20070.0,1.0
20066.0,20068.0,1.0
20070.0,20072.0,1.0
20072.0,20078.0,1.0
20084.0,20086.0,1.0
20101.0,20249.0,1.0
20102.0,20103.0,1.0
20107.0,20112.0,1.0
20118.0,20124.0,1.0
20119.0,20120.0,1.0
20119.0,20123.0,1.0
20119.0,20128.0,1.0
20129.0,20130.0,1.0
20129.0,20132.0,1.0
20129.0,20133.0,1.0
20130.0,20134.0,1.0
20130.0,20135.0,1.0
20131.0,20133.0,1.0
20131.0,20132.0,1.0
20132.0,20135.0,1.0
20133.0,20134.0,1.0
20159.0,20165.0,1.0
20159.0,20202.0,1.0
20160.0,20164.0,1.0
20162.0,21155.0,1.0
20163.0,20164.0,1.0
20165.0,20628.0,1.0
20165.0,21073.0,1.0
20166.0,20167.0,1.0
20200.0,21189.0,1.0
20307.0,20334.0,1.0
20307.0,20755.0,1.0
20314.0,20315.0,1.0
20315.0,20316.0,1.0
20318.0,20325.0,1.0
20325.0,20379.0,1.0
20325.0,20370.0,1.0
20351.0,20354.0,1.0
20356.0,20359.0,1.0
20434.0,20437.0,1.0
20434.0,20436.0,1.0
20454.0,20455.0,1.0
20456.0,20457.0,1.0
20457.0,20461.0,1.0
20542.0,21120.0,1.0
20564.0,20565.0,1.0
20566.0,20567.0,1.0
20626.0,20636.0,1.0
20628.0,20629.0,1.0
20628.0,21017.0,1.0
20633.0,20634.0,1.0
20633.0,21105.0,1.0
20636.0,20637.0,1.0
20636.0,20638.0,1.0
20638.0,20639.0,1.0
20638.0,20640.0,1.0
20654.0,20655.0,1.0
20654.0,20821.0,1.0
20655.0,20824.0,1.0
20655.0,20777.0,1.0
20656.0,20725.0,1.0
20657.0,20658.0,1.0
20657.0,20792.0,1.0
20657.0,20798.0,1.0
20658.0,20659.0,1.0
20677.0,20682.0,1.0
20677.0,20683.0,1.0
20686.0,20687.0,1.0
20693.0,20695.0,1.0
20714.0,20715.0,1.0
20717.0,20724.0,1.0
20721.0,20722.0,1.0
20741.0,20742.0,1.0
20753.0,20754.0,1.0
20753.0,20843.0,1.0
20753.0,20755.0,1.0
20763.0,20764.0,1.0
20764.0,20765.0,1.0
20764.0,20766.0,1.0
20773.0,20776.0,1.0
20777.0,20778.0,1.0
20777.0,20821.0,1.0
20778.0,20779.0,1.0
20778.0,20965.0,1.0
20782.0,20798.0,1.0
20799.0,20800.0,1.0
20818.0,20820.0,1.0
20822.0,20823.0,1.0
20822.0,20824.0,1.0
20822.0,20965.0,1.0
20823.0,20824.0,1.0
20823.0,20965.0,1.0
20827.0,20828.0,1.0
20827.0,20830.0,1.0
20832.0,20844.0,1.0
20835.0,20840.0,1.0
20835.0,20836.0,1.0
20841.0,20847.0,1.0
20856.0,20859.0,1.0
20856.0,20860.0,1.0
20858.0,20859.0,1.0
20872.0,20874.0,1.0
20872.0,20873.0,1.0
20873.0,20887.0,1.0
20873.0,20888.0,1.0
20884.0,20885.0,1.0
20884.0,20888.0,1.0
20884.0,20963.0,1.0
20884.0,20919.0,1.0
20885.0,20887.0,1.0
20887.0,20888.0,1.0
20891.0,20892.0,1.0
20901.0,20902.0,1.0
20901.0,20907.0,1.0
20902.0,20907.0,1.0
20912.0,20913.0,1.0
20925.0,20942.0,1.0
20926.0,20937.0,1.0
20931.0,20932.0,1.0
20931.0,20934.0,1.0
20936.0,20937.0,1.0
20937.0,20942.0,1.0
20943.0,20946.0,1.0
20958.0,20959.0,1.0
20960.0,20963.0,1.0
20969.0,20970.0,1.0
20973.0,20974.0,1.0
20975.0,20976.0,1.0
20975.0,20977.0,1.0
20977.0,20978.0,1.0
20977.0,20984.0,1.0
20980.0,20982.0,1.0
20982.0,20989.0,1.0
20983.0,20986.0,1.0
20994.0,20995.0,1.0
21016.0,21017.0,1.0
21017.0,21021.0,1.0
21040.0,21051.0,1.0
21047.0,21048.0,1.0
21051.0,21070.0,1.0
21051.0,21071.0,1.0
21063.0,21074.0,1.0
21066.0,21075.0,1.0
21072.0,21073.0,1.0
21085.0,21095.0,1.0
21085.0,21092.0,1.0
21086.0,21087.0,1.0
21086.0,21096.0,1.0
21086.0,21092.0,1.0
21087.0,21088.0,1.0
21087.0,21099.0,1.0
21088.0,21093.0,1.0
21088.0,21090.0,1.0
21089.0,21090.0,1.0
21090.0,21091.0,1.0
21091.0,21094.0,1.0
21091.0,21099.0,1.0
21092.0,21093.0,1.0
21095.0,21096.0,1.0
21095.0,21100.0,1.0
21096.0,21098.0,1.0
21097.0,21098.0,1.0
21097.0,21100.0,1.0
21098.0,21099.0,1.0
21101.0,21103.0,1.0
21103.0,21111.0,1.0
21104.0,21105.0,1.0
21104.0,21110.0,1.0
21105.0,21106.0,1.0
21118.0,21120.0,1.0
21126.0,21127.0,1.0
21127.0,21128.0,1.0
21128.0,21129.0,1.0
21155.0,21156.0,1.0
21176.0,21177.0,1.0
